,Frame,Pelvis q0,Pelvis q1,Pelvis q2,Pelvis q3,L5 q0,L5 q1,L5 q2,L5 q3,L3 q0,L3 q1,L3 q2,L3 q3,T12 q0,T12 q1,T12 q2,T12 q3,T8 q0,T8 q1,T8 q2,T8 q3,Neck q0,Neck q1,Neck q2,Neck q3,Head q0,Head q1,Head q2,Head q3,Right Shoulder q0,Right Shoulder q1,Right Shoulder q2,Right Shoulder q3,Right Upper Arm q0,Right Upper Arm q1,Right Upper Arm q2,Right Upper Arm q3,Right Forearm q0,Right Forearm q1,Right Forearm q2,Right Forearm q3,Right Hand q0,Right Hand q1,Right Hand q2,Right Hand q3,Left Shoulder q0,Left Shoulder q1,Left Shoulder q2,Left Shoulder q3,Left Upper Arm q0,Left Upper Arm q1,Left Upper Arm q2,Left Upper Arm q3,Left Forearm q0,Left Forearm q1,Left Forearm q2,Left Forearm q3,Left Hand q0,Left Hand q1,Left Hand q2,Left Hand q3,Right Upper Leg q0,Right Upper Leg q1,Right Upper Leg q2,Right Upper Leg q3,Right Lower Leg q0,Right Lower Leg q1,Right Lower Leg q2,Right Lower Leg q3,Right Foot q0,Right Foot q1,Right Foot q2,Right Foot q3,Right Toe q0,Right Toe q1,Right Toe q2,Right Toe q3,Left Upper Leg q0,Left Upper Leg q1,Left Upper Leg q2,Left Upper Leg q3,Left Lower Leg q0,Left Lower Leg q1,Left Lower Leg q2,Left Lower Leg q3,Left Foot q0,Left Foot q1,Left Foot q2,Left Foot q3,Left Toe q0,Left Toe q1,Left Toe q2,Left Toe q3
0,770,0.99698714023774,-0.0136066838068739,0.0760742124847841,-0.00664940231702343,0.99698714023774,-0.0136066838068739,0.0760742124847841,-0.00664940231702343,0.999565017652373,-0.0139270392815343,0.025306502923502,-0.00594928333872925,0.999566321520272,-0.0139273461006968,0.025254949753218,-0.00594856503581206,0.99698714023774,-0.0136066838068739,0.0760742124847841,-0.00664940231702343,0.982601845619506,-0.0127941226852957,0.185106068484389,-0.00810350665499092,0.99698714023774,-0.0136066838068739,0.0760742124847841,-0.00664940231702343,0.99698714023774,-0.0136066838068739,0.0760742124847841,-0.00664940231702343,0.99698785474565,-0.0136110370099417,0.0760674025805218,-0.00661115918985008,0.99698785474565,-0.0136110370099417,0.0760674025805218,-0.00661115918985008,0.996987276367388,-0.0136075193322805,0.0760729251973484,-0.00664200504944697,0.99698714023774,-0.0136066838068739,0.0760742124847841,-0.00664940231702343,0.99698785474565,-0.0136110370099417,0.0760674025805218,-0.00661115918985008,0.99698785474565,-0.0136110370099417,0.0760674025805218,-0.00661115918985008,0.996987276367388,-0.0136075193322805,0.0760729251973484,-0.00664200504944697,0.99873795531463,-0.0271950531395381,0.0290249319752577,0.0306672304344907,0.967419992295385,-0.0888920264806814,0.103521461057401,0.213260575906321,0.990144051404191,-0.051694185637007,0.0318232639489924,0.126213107527924,0.990221546180407,-0.0513740509855567,0.0293130029092239,0.126343754202026,0.99702089987329,0.0379783591997814,-0.0557343816637072,0.0374252341196535,0.990743793539294,0.029796486827089,0.0172838169692742,0.131301845406316,0.997196418563953,0.00487729619453948,-0.0139884036160592,0.0733473881561798,0.997196418563953,0.00487729619453948,-0.0139884036160592,0.0733473881561798
1,771,0.996974758616226,-0.0135175603498314,0.0761738154563546,-0.00749373625950598,0.996974758616227,-0.0135175603498314,0.0761738154563546,-0.00749373625950598,0.999557714105639,-0.0138809421773811,0.0254066064434305,-0.00679705562773852,0.999559023136444,-0.0138812927209449,0.0253550536496979,-0.00679633970117825,0.996974758616226,-0.0135175603498314,0.0761738154563546,-0.00749373625950598,0.982578600205425,-0.0126128111212871,0.185203709189124,-0.00893294557002931,0.996974758616226,-0.0135175603498314,0.0761738154563546,-0.00749373625950598,0.996974758616226,-0.0135175603498314,0.0761738154563546,-0.00749373625950598,0.996975432345782,-0.0135222344400269,0.0761684962576669,-0.00744960754239434,0.996975432345782,-0.0135222344400269,0.0761684962576669,-0.00744960754239434,0.996974887464792,-0.0135184599895415,0.076172806834125,-0.0074852189739428,0.996974758616226,-0.0135175603498314,0.0761738154563546,-0.00749373625950598,0.996975432345782,-0.0135222344400269,0.0761684962576669,-0.00744960754239434,0.996975432345782,-0.0135222344400269,0.0761684962576669,-0.00744960754239434,0.996974887464792,-0.0135184599895415,0.076172806834125,-0.0074852189739428,0.99871857381758,-0.0280923697606747,0.0295629332463011,0.0299676834420521,0.967442707835273,-0.0900656964739301,0.103766678246485,0.212544710262832,0.990083038828418,-0.0521779954393091,0.0337472724043374,0.125992676856586,0.99020719646476,-0.0516859194116537,0.029883276926192,0.126195338916002,0.997122670391124,0.0368795573301606,-0.054704222118161,0.0373326469146366,0.990883266732995,0.0286608416538634,0.0178782545194489,0.130419614627471,0.997196144908162,0.00465372796087023,-0.0139745024028569,0.0733682811503774,0.997196144908162,0.00465372796087023,-0.0139745024028569,0.0733682811503774
2,772,0.996962452842007,-0.0134120274101774,0.076259432733165,-0.00839547873643386,0.996962452842007,-0.0134120274101774,0.076259432733165,-0.00839547873643386,0.999549775519929,-0.0138213744429712,0.0254927384875517,-0.00770299623344361,0.999551088993054,-0.0138217717110183,0.0254411861031416,-0.00770228337791834,0.996962452842007,-0.0134120274101774,0.076259432733165,-0.00839547873643386,0.982556966129363,-0.0124088845612562,0.185287457125938,-0.00981764362821754,0.996962452842007,-0.0134120274101774,0.076259432733165,-0.00839547873643386,0.996962452842007,-0.0134120274101774,0.076259432733165,-0.00839547873643386,0.996963123488595,-0.01341753805405,0.0762548875663746,-0.00834818535203092,0.996963123488595,-0.01341753805405,0.0762548875663746,-0.00834818535203092,0.996962581370928,-0.0134130917923905,0.0762585667939925,-0.0083863761727458,0.996962452842007,-0.0134120274101774,0.076259432733165,-0.00839547873643386,0.996963123488595,-0.01341753805405,0.0762548875663746,-0.00834818535203092,0.996963123488595,-0.01341753805405,0.0762548875663746,-0.00834818535203092,0.996962581370928,-0.0134130917923905,0.0762585667939925,-0.0083863761727458,0.998700839361544,-0.0289732389123565,0.0301475208806941,0.029125793898583,0.967487373525356,-0.0912302149532412,0.103975329789129,0.211741258954969,0.990013449887332,-0.0526732919501475,0.0357217057845667,0.125788922776049,0.990192406377788,-0.0519912138047764,0.0303590114091489,0.126072369951272,0.99723702634793,0.0358664432097921,-0.0535742224823011,0.0369014121360379,0.991039498089411,0.0275854901959249,0.0184351672416663,0.129382759926164,0.997196106176361,0.0043875809224587,-0.0139980726936973,0.0733807121879971,0.997196106176361,0.0043875809224587,-0.0139980726936973,0.0733807121879971
3,773,0.996947499744359,-0.013291562545064,0.0763702913774924,-0.0093056817857667,0.99694749974436,-0.013291562545064,0.0763702913774924,-0.0093056817857667,0.999540475861832,-0.0137473240672291,0.0256042138234366,-0.00861814535604279,0.999541795084373,-0.0137477685347134,0.0255526619185134,-0.00861743631849078,0.996947499744359,-0.013291562545064,0.0763702913774924,-0.0093056817857667,0.982529928662978,-0.0121891872318517,0.185396003012837,-0.0107091112149497,0.996947499744359,-0.013291562545064,0.0763702913774924,-0.0093056817857667,0.996947499744359,-0.013291562545064,0.0763702913774924,-0.0093056817857667,0.996948303336095,-0.0132978616202055,0.0763645229022983,-0.00925780716567526,0.996948303336095,-0.0132978616202055,0.0763645229022983,-0.00925780716567526,0.996947654866843,-0.0132927778951253,0.0763691744613673,-0.00929648876849443,0.996947499744359,-0.013291562545064,0.0763702913774924,-0.0093056817857667,0.996948303336095,-0.0132978616202055,0.0763645229022983,-0.00925780716567526,0.996948303336095,-0.0132978616202055,0.0763645229022983,-0.00925780716567526,0.996947654866843,-0.0132927778951253,0.0763691744613673,-0.00929648876849443,0.998680569884588,-0.0298415232250772,0.0308126020972532,0.0282344891683611,0.967545818627624,-0.0923681027726656,0.104143677064506,0.210896460316106,0.989937869654241,-0.0531791912354555,0.0377301317918129,0.125584334209876,0.990178395249617,-0.0522960634413904,0.0307781448677191,0.125954647107318,0.997360680165645,0.0349017739002845,-0.0523953535974486,0.0361699704110049,0.991195758908966,0.0265399199113202,0.0189708751542513,0.128322663890137,0.997197640370893,0.00412054128564766,-0.0140079554018976,0.0733734581691416,0.997197640370893,0.00412054128564766,-0.0140079554018976,0.0733734581691416
4,774,0.996928106444619,-0.0131851959752459,0.0765365983861932,-0.01013164820308,0.996928106444619,-0.0131851959752459,0.0765365983861932,-0.01013164820308,0.999529559765321,-0.0136830726496468,0.0257712915300727,-0.00944845019466708,0.999530887605005,-0.0136835599406627,0.0257197401879312,-0.0094477444698143,0.996928106444619,-0.0131851959752459,0.0765365983861932,-0.01013164820308,0.98249238835252,-0.0119927540305215,0.185559174230607,-0.0115184000182328,0.996928106444619,-0.0131851959752459,0.0765365983861932,-0.01013164820308,0.996928106444619,-0.0131851959752459,0.0765365983861932,-0.01013164820308,0.996929135380358,-0.0131908295107436,0.07652799607651,-0.0100879563393725,0.996929135380358,-0.0131908295107436,0.07652799607651,-0.0100879563393725,0.996928305568168,-0.0131862718427097,0.0765349244261374,-0.0101232966446935,0.996928106444619,-0.0131851959752459,0.0765365983861932,-0.01013164820308,0.996929135380358,-0.0131908295107436,0.07652799607651,-0.0100879563393725,0.996929135380358,-0.0131908295107436,0.07652799607651,-0.0100879563393725,0.996928305568168,-0.0131862718427097,0.0765349244261374,-0.0101232966446935,0.998660642866206,-0.0306520432169554,0.0315232001666196,0.027270139125745,0.967607623730031,-0.0934490656612171,0.104261069270509,0.210077100277822,0.98986014428619,-0.053640149149612,0.0397741303983915,0.125370043088382,0.990170700713405,-0.0525393820094096,0.0310977514291539,0.125835315563019,0.997489347897068,0.0339769199649388,-0.0512260831936171,0.0351633067588616,0.991336106299172,0.0255346754604557,0.0194565041400545,0.127366200945832,0.997199227523925,0.00388712572817132,-0.0140199066165792,0.0733623411412562,0.997199227523925,0.00388712572817132,-0.0140199066165792,0.0733623411412562
5,775,0.996903468982587,-0.0131137016249057,0.0767683052900055,-0.0108688390859769,0.996903468982587,-0.0131137016249057,0.0767683052900055,-0.0108688390859769,0.999516730071025,-0.0136491365898212,0.0260039511371254,-0.010188321929362,0.999518069910278,-0.0136496620401895,0.0259524004563734,-0.0101876179537968,0.996903468982587,-0.0131137016249057,0.0767683052900055,-0.0108688390859769,0.982442453194873,-0.0118407316989532,0.185786773821645,-0.0122432800432449,0.996903468982587,-0.0131137016249057,0.0767683052900055,-0.0108688390859769,0.996903468982587,-0.0131137016249057,0.0767683052900055,-0.0108688390859769,0.996904768263723,-0.0131175582295891,0.076756291057097,-0.0108297951182884,0.996904768263723,-0.0131175582295891,0.076756291057097,-0.0108297951182884,0.996903720389132,-0.0131144273671565,0.0767659717152789,-0.0108613836939497,0.996903468982587,-0.0131137016249057,0.0767683052900055,-0.0108688390859769,0.996904768263723,-0.0131175582295891,0.076756291057097,-0.0108297951182884,0.996904768263723,-0.0131175582295891,0.076756291057097,-0.0108297951182884,0.996903720389132,-0.0131144273671565,0.0767659717152789,-0.0108613836939497,0.998636496447687,-0.0314910017063937,0.0323069535021252,0.0262626260992269,0.967663022651189,-0.0944974340392352,0.104356779178683,0.209304018578278,0.989772146596503,-0.0540867972771416,0.0418776855051581,0.125187761537552,0.990164386738681,-0.0527409343816886,0.0312590779763293,0.12576068987974,0.99761483384879,0.0331090615379778,-0.0501447381945676,0.0339696711836181,0.991461834892271,0.024577126732479,0.0199000941317346,0.1265044704632,0.99720018713482,0.00365596813705145,-0.0140549885885584,0.0733544679691716,0.99720018713482,0.00365596813705145,-0.0140549885885584,0.0733544679691716
6,776,0.996880777999055,-0.0130574385183181,0.0769789989022432,-0.0115087568115619,0.996880777999055,-0.0130574385183181,0.0769789989022432,-0.0115087568115619,0.999504776391364,-0.0136254684234364,0.0262155256831228,-0.0108302721225862,0.999506127142711,-0.013626026982784,0.0261639756186072,-0.0108295693668665,0.996880777999055,-0.0130574385183181,0.0769789989022432,-0.0115087568115619,0.982396760482365,-0.0117145312998782,0.185993700994812,-0.0128731480389027,0.996880777999055,-0.0130574385183181,0.0769789989022432,-0.0115087568115619,0.996880777999055,-0.0130574385183181,0.0769789989022432,-0.0115087568115619,0.996881989700227,-0.0130604446637788,0.0769678644501759,-0.0114748088646986,0.996881989700227,-0.0130604446637788,0.0769678644501759,-0.0114748088646986,0.996881009733565,-0.0130580084371158,0.0769768688086309,-0.0115022831065558,0.996880777999055,-0.0130574385183181,0.0769789989022432,-0.0115087568115619,0.996881989700227,-0.0130604446637788,0.0769678644501759,-0.0114748088646986,0.996881989700227,-0.0130604446637788,0.0769678644501759,-0.0114748088646986,0.996881009733565,-0.0130580084371158,0.0769768688086309,-0.0115022831065558,0.998608248556195,-0.0323095958774467,0.0331571977892048,0.0252637321972016,0.967710540697606,-0.095461701869261,0.10443541016585,0.208606370953677,0.989673737903965,-0.0545231928036517,0.0440174987229854,0.125042287870392,0.990157638064041,-0.0529119484332105,0.0312969563068575,0.125732565480736,0.997735451174386,0.0323446240279584,-0.0490990714679311,0.0326661284409633,0.991579867917381,0.0236515764530419,0.0203184317457421,0.125686633353073,0.997199695249335,0.0034274881864406,-0.0141200848228755,0.0733596845955731,0.997199695249335,0.0034274881864406,-0.0141200848228755,0.0733596845955731
7,777,0.996860731429182,-0.0130444785062134,0.077152971687996,-0.0120806736024113,0.996860731429182,-0.0130444785062134,0.077152971687996,-0.0120806736024113,0.999493597463049,-0.013641591412108,0.0263902924611671,-0.0114021084862477,0.999494957228107,-0.0136421794642212,0.0263387429729786,-0.011401404898215,0.996860731429182,-0.0130444785062134,0.077152971687996,-0.0120806736024113,0.982357728975451,-0.0116388401219352,0.186164419876645,-0.0134401820970958,0.996860731429182,-0.0130444785062134,0.077152971687996,-0.0120806736024113,0.996860731429182,-0.0130444785062134,0.077152971687996,-0.0120806736024113,0.996861803861366,-0.0130452769387007,0.0771437170621843,-0.0120503804788536,0.996861803861366,-0.0130452769387007,0.0771437170621843,-0.0120503804788536,0.996860936018952,-0.0130446138291725,0.0771512107989272,-0.0120748897189949,0.996860731429182,-0.0130444785062134,0.077152971687996,-0.0120806736024113,0.996861803861366,-0.0130452769387007,0.0771437170621843,-0.0120503804788536,0.996861803861366,-0.0130452769387007,0.0771437170621843,-0.0120503804788536,0.996860936018952,-0.0130446138291725,0.0771512107989272,-0.0120748897189949,0.998576410239636,-0.0331231688613569,0.0340320709334787,0.0242863489533353,0.967746767697372,-0.0963682355595702,0.104519470507086,0.207978453382418,0.989571946401844,-0.0549599934378199,0.0461480321951168,0.124888434774002,0.990153490418831,-0.0530778455920495,0.0312784812997922,0.125699897877014,0.997849831625192,0.031656441787268,-0.0480778058064723,0.0313385993270253,0.991685174255485,0.0227367468284424,0.020705018481336,0.124959424275305,0.997199939123729,0.00321258614312392,-0.0141238851402548,0.0733653635610935,0.997199939123729,0.00321258614312392,-0.0141238851402548,0.0733653635610935
8,778,0.996841570836684,-0.0130184820942094,0.0773198906927796,-0.0126109586896699,0.996841570836684,-0.0130184820942094,0.0773198906927796,-0.0126109586896699,0.999482944876235,-0.0136425790197208,0.0265579695462354,-0.0119330294896344,0.99948431328935,-0.0136431944543867,0.0265064206072372,-0.0119323258499591,0.996841570836684,-0.0130184820942094,0.0773198906927796,-0.0126109586896699,0.982320352753445,-0.0115547635133293,0.186328224945222,-0.0139644045795316,0.996841570836684,-0.0130184820942094,0.0773198906927796,-0.0126109586896699,0.996841570836684,-0.0130184820942094,0.0773198906927796,-0.0126109586896699,0.996842590689286,-0.013019821943618,0.0773110826468761,-0.0125829298812689,0.996842590689286,-0.013019821943618,0.0773110826468761,-0.0125829298812689,0.996841766052122,-0.0130187434319931,0.0773182040150329,-0.0126055980194611,0.996841570836684,-0.0130184820942094,0.0773198906927796,-0.0126109586896699,0.996842590689286,-0.013019821943618,0.0773110826468761,-0.0125829298812689,0.996842590689286,-0.013019821943618,0.0773110826468761,-0.0125829298812689,0.996841766052122,-0.0130187434319931,0.0773182040150329,-0.0126055980194611,0.998544417262236,-0.0337755113617904,0.0347459544215521,0.023685021384985,0.96782251514069,-0.0972047170442473,0.104701938174944,0.207143250707106,0.989451347135361,-0.0553840312041368,0.048301221787894,0.124842431542301,0.990141155487674,-0.0532067802994368,0.0311041570166803,0.125785778830448,0.997950747515582,0.0310796450828524,-0.0470587554583977,0.0302296994580279,0.991798444561539,0.0218773582300136,0.0210903238225879,0.124146787325515,0.997192332339386,0.00298811187082959,-0.0141576012601566,0.0734716669032419,0.997192332339386,0.00298811187082959,-0.0141576012601566,0.0734716669032419
9,779,0.996821646283465,-0.0130712334859716,0.0774930017433949,-0.0130607441087906,0.996821646283466,-0.0130712334859716,0.0774930017433949,-0.0130607441087906,0.999471844011342,-0.0137181214693721,0.026731869501568,-0.0123795526927125,0.99947322139346,-0.0137187599336267,0.026680321134872,-0.0123788451562984,0.996821646283465,-0.0130712334859716,0.0774930017433949,-0.0130607441087906,0.982281537163377,-0.0115577990832804,0.186498100704628,-0.0144172626344468,0.996821646283465,-0.0130712334859716,0.0774930017433949,-0.0130607441087906,0.996821646283465,-0.0130712334859716,0.0774930017433949,-0.0130607441087906,0.996822699765305,-0.0130686629908474,0.0774839062749387,-0.0130368534784046,0.996822699765305,-0.0130686629908474,0.0774839062749387,-0.0130368534784046,0.996821848669688,-0.0130707086009958,0.0774912538584374,-0.0130561926632871,0.996821646283465,-0.0130712334859716,0.0774930017433949,-0.0130607441087906,0.996822699765305,-0.0130686629908474,0.0774839062749387,-0.0130368534784046,0.996822699765305,-0.0130686629908474,0.0774839062749387,-0.0130368534784046,0.996821848669688,-0.0130707086009958,0.0774912538584374,-0.0130561926632871,0.998503365060666,-0.0345672704861712,0.0356421347334251,0.0229297188231274,0.967833310913046,-0.098008160960049,0.104780980130708,0.206673725652702,0.989338141608419,-0.0557567292964993,0.0504443725933203,0.124726075744502,0.990142740055727,-0.0532772463058456,0.0308536461779088,0.125805174212083,0.99805041112482,0.03044520709306,-0.046059306843253,0.0291033756076144,0.991888159795986,0.021049099387118,0.0214990979652981,0.123501427757747,0.997191645582452,0.00275014976991813,-0.0141987461873897,0.0734823398069926,0.997191645582452,0.00275014976991813,-0.0141987461873897,0.0734823398069926
10,780,0.996794454901618,-0.0131815080224449,0.0777537999193722,-0.0134688203544101,0.996794454901618,-0.0131815080224449,0.0777537999193722,-0.0134688203544101,0.999457942189421,-0.0138489929613095,0.0269937125827964,-0.01278149715185,0.999459333076264,-0.0138496521559051,0.0269421649327465,-0.0127807828651294,0.996794454901618,-0.0131815080224449,0.0777537999193722,-0.0134688203544101,0.982225868646355,-0.0116225904725648,0.186754335120842,-0.0148349811658862,0.996794454901618,-0.0131815080224449,0.0777537999193722,-0.0134688203544101,0.996794454901618,-0.0131815080224449,0.0777537999193722,-0.0134688203544101,0.996795873607116,-0.0131758658560651,0.0777403057406185,-0.0134472220969484,0.996795873607116,-0.0131758658560651,0.0777403057406185,-0.0134472220969484,0.996794730083792,-0.0131804000446408,0.0777511745557269,-0.013464694094141,0.996794454901618,-0.0131815080224449,0.0777537999193722,-0.0134688203544101,0.996795873607116,-0.0131758658560651,0.0777403057406185,-0.0134472220969484,0.996795873607116,-0.0131758658560651,0.0777403057406185,-0.0134472220969484,0.996794730083792,-0.0131804000446408,0.0777511745557269,-0.013464694094141,0.998457661972391,-0.035368076349719,0.0365632714176439,0.0222378867518127,0.967831733654135,-0.0987646534506965,0.10486183767848,0.206279600444368,0.989225931771473,-0.0560747922406061,0.0525316256340399,0.124611804795045,0.990147359545793,-0.0532986204631276,0.030589576090378,0.125824247567124,0.99814466359082,0.0297452086857264,-0.0450551126464095,0.0281511976624645,0.991971191990303,0.0202268029698198,0.0219411340416579,0.122892706618109,0.99719032522671,0.00251445001730217,-0.0142630182493909,0.0734962524607658,0.99719032522671,0.00251445001730217,-0.0142630182493909,0.0734962524607658
11,781,0.996759243246624,-0.0133356005903172,0.0781089672638635,-0.0138622506212615,0.996759243246624,-0.0133356005903172,0.0781089672638635,-0.0138622506212615,0.999440826537905,-0.0140228815130856,0.027350210489822,-0.0131665876164288,0.999442235811355,-0.0140235605687105,0.0272986637220474,-0.0131658643607946,0.996759243246623,-0.0133356005903172,0.0781089672638635,-0.0138622506212615,0.982151864473985,-0.0117325433093064,0.187103487073023,-0.0152429545327139,0.996759243246623,-0.0133356005903172,0.0781089672638635,-0.0138622506212615,0.996759243246623,-0.0133356005903172,0.0781089672638635,-0.0138622506212615,0.996761082695618,-0.0133276139592665,0.0780905348081605,-0.0138414993041872,0.996761082695618,-0.0133276139592665,0.0780905348081605,-0.0138414993041872,0.996759599651514,-0.0133340486053366,0.0781053894570011,-0.0138582750771526,0.996759243246623,-0.0133356005903172,0.0781089672638635,-0.0138622506212615,0.996761082695618,-0.0133276139592665,0.0780905348081605,-0.0138414993041872,0.996761082695618,-0.0133276139592665,0.0780905348081605,-0.0138414993041872,0.996759599651514,-0.0133340486053366,0.0781053894570011,-0.0138582750771526,0.998407821551192,-0.0361761447989011,0.0374673250478908,0.0216635169501222,0.96781809853519,-0.099516427410843,0.104964958465492,0.205929517839115,0.989111770504699,-0.0563862998015914,0.054575619180222,0.124498965597469,0.990154488537265,-0.0533086901694329,0.0302437033009012,0.125847490211661,0.998232268450379,0.0289300982325286,-0.0440842132734325,0.0274220674043453,0.992047664865702,0.0194222042045716,0.0224235372651453,0.122316775606872,0.997189987679184,0.00227081110234088,-0.0143124829130962,0.0734991477650605,0.997189987679184,0.00227081110234088,-0.0143124829130962,0.0734991477650605
12,782,0.996712919350644,-0.0135483336808964,0.0785886448201266,-0.0142696867282946,0.996712919350644,-0.0135483336808964,0.0785886448201266,-0.0142696867282946,0.999418940928478,-0.0142560466185559,0.0278316224562512,-0.0135626855623117,0.999420375031053,-0.0142567461028485,0.0277800768165992,-0.0135619502805272,0.996712919350644,-0.0135483336808964,0.0785886448201266,-0.0142696867282946,0.982053141204524,-0.0118992438003484,0.187575175717564,-0.0156712890928745,0.996712919350644,-0.0135483336808964,0.0785886448201266,-0.0142696867282946,0.996712919350644,-0.0135483336808964,0.0785886448201266,-0.0142696867282946,0.996715338939675,-0.0135372978491834,0.0785637402180979,-0.0142482775188919,0.996715338939675,-0.0135372978491834,0.0785637402180979,-0.0142482775188919,0.996713388378269,-0.0135461908602185,0.0785838124415356,-0.0142655726433228,0.996712919350644,-0.0135483336808964,0.0785886448201266,-0.0142696867282946,0.996715338939675,-0.0135372978491834,0.0785637402180979,-0.0142482775188919,0.996715338939675,-0.0135372978491834,0.0785637402180979,-0.0142482775188919,0.996713388378269,-0.0135461908602185,0.0785838124415356,-0.0142655726433228,0.998356491872501,-0.0369616087383778,0.0383297273556498,0.0211893042912268,0.967786854709698,-0.100227334621053,0.105089399108442,0.205667944611927,0.988988978921667,-0.0567208225378274,0.0566162394207295,0.124411210491519,0.990159530552921,-0.0533306437476163,0.0298111229222696,0.125901721365506,0.998312631024115,0.028027861764741,-0.043140195193068,0.0269305265694731,0.992119686232922,0.0186600993925824,0.0229392311316014,0.121754345116869,0.997188980166088,0.002006023283527,-0.0144154114767764,0.0735004055625547,0.997188980166088,0.002006023283527,-0.0144154114767764,0.0735004055625547
13,783,0.996651965245239,-0.0138326235397689,0.0792312485837698,-0.014694486948074,0.996651965245239,-0.0138326235397689,0.0792312485837698,-0.014694486948074,0.999390724336673,-0.0145615585075267,0.0284764936247501,-0.01397248848602,0.999392191698885,-0.0145622791272328,0.0284249494395272,-0.0139717374467404,0.996651965245239,-0.0138326235397689,0.0792312485837698,-0.014694486948074,0.981921983193198,-0.0121351612479013,0.188207198324817,-0.0161247413048247,0.996651965245239,-0.0138326235397689,0.0792312485837698,-0.014694486948074,0.996651965245239,-0.0138326235397689,0.0792312485837698,-0.014694486948074,0.996655151349549,-0.0138178574951957,0.0791978745461842,-0.0146721767307115,0.996655151349549,-0.0138178574951957,0.0791978745461842,-0.0146721767307115,0.996652582875562,-0.0138297592598185,0.0792247744918096,-0.0146901978546473,0.996651965245239,-0.0138326235397689,0.0792312485837698,-0.014694486948074,0.996655151349549,-0.0138178574951957,0.0791978745461842,-0.0146721767307115,0.996655151349549,-0.0138178574951957,0.0791978745461842,-0.0146721767307115,0.996652582875562,-0.0138297592598185,0.0792247744918096,-0.0146901978546473,0.998304384039161,-0.0377400504011168,0.0391499698421361,0.0207683717530606,0.967753722516484,-0.100935904045541,0.105215065000042,0.205412915677264,0.988864718558581,-0.0570486861009231,0.0585975459015513,0.124331586568062,0.990161697536305,-0.0533615349288587,0.0294434496560877,0.125958098566187,0.998385386979056,0.0270144883709702,-0.042223124885177,0.0267216056715416,0.992181409391644,0.0178767249048663,0.0234979365516355,0.121261372836124,0.997188217757019,0.00173697922602843,-0.014479200414312,0.073505061221055,0.997188217757019,0.00173697922602843,-0.014479200414312,0.073505061221055
14,784,0.996577658278924,-0.0142214732529049,0.0800161291613197,-0.0151042971320381,0.996577658278924,-0.0142214732529049,0.0800161291613197,-0.0151042971320381,0.999356403006076,-0.01497073329674,0.0292641363689711,-0.0143620067502374,0.999357910991458,-0.0149714740055288,0.0292125939528428,-0.0143612346070162,0.996577658278924,-0.0142214732529049,0.0800161291613197,-0.0151042971320381,0.98176192783827,-0.0124766523342485,0.188979170688064,-0.016574777219205,0.996577658278924,-0.0142214732529049,0.0800161291613197,-0.0151042971320381,0.996577658278924,-0.0142214732529049,0.0800161291613197,-0.0151042971320381,0.996581557197806,-0.0142012928078446,0.079975218371824,-0.015082691476049,0.996581557197806,-0.0142012928078446,0.079975218371824,-0.015082691476049,0.996578412244833,-0.0142175561797028,0.0800082159923217,-0.0151001562101384,0.996577658278924,-0.0142214732529049,0.0800161291613197,-0.0151042971320381,0.996581557197806,-0.0142012928078446,0.079975218371824,-0.015082691476049,0.996581557197806,-0.0142012928078446,0.079975218371824,-0.015082691476049,0.996578412244833,-0.0142175561797028,0.0800082159923217,-0.0151001562101384,0.998252233137534,-0.0385262273887525,0.0399304980810321,0.0203411937240042,0.967700075340104,-0.101619770741758,0.10537176892355,0.205248085728155,0.988737919511583,-0.0573538098989746,0.0605073094792316,0.12428488447741,0.990159767095243,-0.0533822239312186,0.0291108846722836,0.126041779532217,0.998451395464321,0.0259191393830283,-0.0413387556624632,0.0267229562225456,0.992237234170696,0.0170948950993943,0.0240617192355449,0.120805916056535,0.997187673946692,0.00149319035691537,-0.0145288955880597,0.0735079893912055,0.997187673946692,0.00149319035691537,-0.0145288955880597,0.0735079893912055
15,785,0.996490806106172,-0.0146750500551723,0.0809295408073191,-0.0155282219351358,0.996490806106172,-0.0146750500551723,0.0809295408073191,-0.0155282219351358,0.999316084954005,-0.0154452688688271,0.0301807816600387,-0.0147623317994918,0.999317640215945,-0.0154460302239778,0.0301292413221178,-0.0147615351812951,0.996490806106172,-0.0146750500551723,0.0809295408073191,-0.0155282219351358,0.981575287506434,-0.0128809288783045,0.189877518906457,-0.0170459508922415,0.996490806106172,-0.0146750500551723,0.0809295408073191,-0.0155282219351358,0.996490806106172,-0.0146750500551723,0.0809295408073191,-0.0155282219351358,0.996495375420306,-0.0146513626552208,0.0808818272541544,-0.0155059459021021,0.996495375420306,-0.0146513626552208,0.0808818272541544,-0.0155059459021021,0.996491688328868,-0.0146704752061986,0.0809203280576245,-0.0155239413730031,0.996490806106172,-0.0146750500551723,0.0809295408073191,-0.0155282219351358,0.996495375420306,-0.0146513626552208,0.0808818272541544,-0.0155059459021021,0.996495375420306,-0.0146513626552208,0.0808818272541544,-0.0155059459021021,0.996491688328868,-0.0146704752061986,0.0809203280576245,-0.0155239413730031,0.998202930105206,-0.0392724610054754,0.0406575534546251,0.019888375575681,0.967627546069261,-0.102298186181663,0.105562951392228,0.205154762277859,0.988613251365061,-0.0576527652394447,0.0623984908314061,0.124203165127184,0.990163707741567,-0.0533943689115453,0.0287326348270915,0.126092461852019,0.998511253884522,0.0247935451354018,-0.0404586351617899,0.0269008331920042,0.992280823631208,0.0163330893846985,0.0246590231791939,0.120432262375048,0.99718561766195,0.0012862620594183,-0.0145549928738702,0.0735346288527674,0.99718561766195,0.0012862620594183,-0.0145549928738702,0.0735346288527674
16,786,0.996393308699662,-0.0152374106926231,0.081943980329277,-0.0159179075798273,0.996393308699662,-0.0152374106926231,0.081943980329277,-0.0159179075798273,0.999270269916255,-0.0160267075745104,0.0311988652864183,-0.0151229332689369,0.9992718776865,-0.0160274875271145,0.0311473273100801,-0.0151221066622272,0.996393308699662,-0.0152374106926231,0.081943980329277,-0.0159179075798273,0.981366971158034,-0.0133970914863432,0.190875114810106,-0.0174950394695793,0.996393308699662,-0.0152374106926231,0.081943980329277,-0.0159179075798273,0.996393308699662,-0.0152374106926231,0.081943980329277,-0.0159179075798273,0.996398451124717,-0.0152081088804565,0.0818908758755267,-0.01589731011473,0.996398451124717,-0.0152081088804565,0.0818908758755267,-0.01589731011473,0.996394300062948,-0.0152317414520243,0.0819337444262367,-0.0159139680376345,0.996393308699662,-0.0152374106926231,0.081943980329277,-0.0159179075798273,0.996398451124717,-0.0152081088804565,0.0818908758755267,-0.01589731011473,0.996398451124717,-0.0152081088804565,0.0818908758755267,-0.01589731011473,0.996394300062948,-0.0152317414520243,0.0819337444262367,-0.0159139680376345,0.998156339440166,-0.0400089933879131,0.0413270985999324,0.0193719747265397,0.967531159688426,-0.103011832579398,0.105807143240841,0.205126462992505,0.988488768888246,-0.0579095010391916,0.0642857771673344,0.124111974946756,0.990170024544154,-0.0533698152683448,0.0283906649875978,0.126130707815405,0.998566766346589,0.023660865604995,-0.0395501166578984,0.0272096464380824,0.992314806462347,0.0155811680115221,0.0252536089602424,0.120128295224212,0.997183813169692,0.00110694632053316,-0.0145276326166341,0.0735674201855377,0.997183813169692,0.00110694632053316,-0.0145276326166341,0.0735674201855377
17,787,0.996288413939227,-0.0158810221858144,0.0830131399712772,-0.016309750976118,0.996288413939227,-0.0158810221858144,0.0830131399712772,-0.016309750976118,0.999219848098571,-0.016689401797885,0.0322719742702359,-0.0154815603282766,0.999221511215092,-0.016690200246003,0.0322204388930045,-0.0154806995422569,0.996288413939227,-0.0158810221858144,0.0830131399712772,-0.016309750976118,0.981145292678934,-0.0139937765070993,0.191926287442337,-0.0179551959509962,0.996288413939227,-0.0158810221858144,0.0830131399712772,-0.016309750976118,0.996288413939227,-0.0158810221858144,0.0830131399712772,-0.016309750976118,0.996293960627733,-0.0158473772245081,0.0829570304839509,-0.0162891296604026,0.996293960627733,-0.0158473772245081,0.0829570304839509,-0.0162891296604026,0.996289481453397,-0.0158745295145025,0.083002346733628,-0.0163057932872238,0.996288413939227,-0.0158810221858144,0.0830131399712772,-0.016309750976118,0.996293960627733,-0.0158473772245081,0.0829570304839509,-0.0162891296604026,0.996293960627733,-0.0158473772245081,0.0829570304839509,-0.0162891296604026,0.996289481453397,-0.0158745295145025,0.083002346733628,-0.0163057932872238,0.998114330860269,-0.0407454200766213,0.0419042407134295,0.0187517435020902,0.967430967184411,-0.103752769406647,0.106064175308203,0.205092850409947,0.988360220241956,-0.0581631088218694,0.0661712117416239,0.124026201070956,0.990174667070256,-0.0533466618841854,0.0280834989342337,0.126172815795369,0.998618551300681,0.0225395528702457,-0.0386270474108588,0.0275845747267839,0.992340347644016,0.014871965237143,0.0258468615246497,0.119880769254561,0.997181372328121,0.000961767009585759,-0.0145090744364759,0.0736061984144184,0.997181372328121,0.000961767009585759,-0.0145090744364759,0.0736061984144184
18,788,0.996184561151021,-0.016537668315465,0.0840464623360418,-0.0167038265026837,0.996184561151021,-0.016537668315465,0.0840464623360418,-0.0167038265026837,0.999168645565837,-0.0173652272555529,0.0333092393336515,-0.0158417541802382,0.999170362179964,-0.0173660442799757,0.0332577065958404,-0.0158408585376555,0.996184561151021,-0.016537668315465,0.0840464623360418,-0.0167038265026837,0.980928585622955,-0.0146031721810212,0.192941954003286,-0.0184190025624501,0.996184561151021,-0.016537668315465,0.0840464623360418,-0.0167038265026837,0.996184561151021,-0.016537668315465,0.0840464623360418,-0.0167038265026837,0.996190074832654,-0.0165031544758828,0.0839919944141219,-0.0166830923870572,0.996190074832654,-0.0165031544758828,0.0839919944141219,-0.0166830923870572,0.996185618734127,-0.0165310370646902,0.0840360218840495,-0.0166998463099124,0.996184561151021,-0.016537668315465,0.0840464623360418,-0.0167038265026837,0.996190074832654,-0.0165031544758828,0.0839919944141219,-0.0166830923870572,0.996190074832654,-0.0165031544758828,0.0839919944141219,-0.0166830923870572,0.996185618734127,-0.0165310370646902,0.0840360218840495,-0.0166998463099124,0.998075853154611,-0.0414789826245504,0.0424309942067906,0.0179915558179526,0.9673291171896,-0.104523914670359,0.106381312286868,0.205017430223133,0.988227488149167,-0.0584182506672663,0.0680882053256178,0.123926332758216,0.990179493613274,-0.0533276356589135,0.0278234157830462,0.126200599194116,0.998668253426626,0.0214592576618514,-0.0377025829318858,0.0279237371904113,0.992367845091757,0.0141888672896262,0.0264348792372234,0.119607412950425,0.997179629524248,0.000856445868055024,-0.0144854180690512,0.0736357632249886,0.997179629524248,0.000856445868055024,-0.0144854180690512,0.0736357632249886
19,789,0.996087331823173,-0.0171391030757844,0.084989729072104,-0.0171179578046179,0.996087331823173,-0.0171391030757844,0.0849897290721041,-0.0171179578046179,0.999119481079973,-0.0179869319785486,0.034256228526243,-0.0162247838704282,0.999121246535674,-0.0179877687571196,0.0342046983228588,-0.01622385616256,0.996087331823173,-0.0171391030757844,0.0849897290721041,-0.0171179578046179,0.980728352133178,-0.0151554878663666,0.193868837074189,-0.0188966801628078,0.996087331823173,-0.0171391030757844,0.0849897290721041,-0.0171179578046179,0.996087331823173,-0.0171391030757844,0.0849897290721041,-0.0171179578046179,0.996092506816149,-0.0171073062884441,0.0849398455546795,-0.0170962151782652,0.996092506816149,-0.0171073062884441,0.0849398455546795,-0.0170962151782652,0.996088321909881,-0.0171330225383751,0.0849801926137079,-0.0171137768126827,0.996087331823173,-0.0171391030757844,0.0849897290721041,-0.0171179578046179,0.996092506816149,-0.0171073062884441,0.0849398455546795,-0.0170962151782652,0.996092506816149,-0.0171073062884441,0.0849398455546795,-0.0170962151782652,0.996088321909881,-0.0171330225383751,0.0849801926137079,-0.0171137768126827,0.9980376512649,-0.0422540189953339,0.0429551143938583,0.0170382711504199,0.96724938101935,-0.105329289576084,0.106701915128656,0.204814738197618,0.98810080131891,-0.0586186185084545,0.0699660482156921,0.123795864608507,0.990187226573696,-0.0532786927671038,0.027707360038172,0.126186130089785,0.998718612590862,0.020440324292286,-0.0367744362004151,0.0281241328675536,0.992403989106689,0.0135023784116718,0.0270055955432399,0.119258987047999,0.997177442115513,0.000768406812079597,-0.0144384221424224,0.0736755756881036,0.997177442115513,0.000768406812079597,-0.0144384221424224,0.0736755756881036
20,790,0.99599535671584,-0.0176856954520814,0.085878721375013,-0.017473144875949,0.99599535671584,-0.0176856954520814,0.085878721375013,-0.017473144875949,0.999072805661133,-0.018550869495955,0.0351487463917652,-0.0165517327317632,0.999074617149014,-0.0185517231363502,0.0350972185945053,-0.0165507759380606,0.99599535671584,-0.0176856954520814,0.085878721375013,-0.017473144875949,0.980539301657512,-0.0156597663260227,0.194742351042395,-0.0193097471266209,0.99599535671584,-0.0176856954520814,0.085878721375013,-0.017473144875949,0.99599535671584,-0.0176856954520814,0.085878721375013,-0.017473144875949,0.99600024657088,-0.017656776561738,0.0858317803625774,-0.0174542989542901,0.99600024657088,-0.017656776561738,0.0858317803625774,-0.0174542989542901,0.995996292533602,-0.0176801688312743,0.0858697366171525,-0.0174695513027335,0.99599535671584,-0.0176856954520814,0.085878721375013,-0.017473144875949,0.99600024657088,-0.017656776561738,0.0858317803625774,-0.0174542989542901,0.99600024657088,-0.017656776561738,0.0858317803625774,-0.0174542989542901,0.995996292533602,-0.0176801688312743,0.0858697366171525,-0.0174695513027335,0.997997184282272,-0.043072018478093,0.0435008512529545,0.0159404306450042,0.967205048696674,-0.106137167592984,0.106979543974466,0.204461909905045,0.987952431925396,-0.0588962106855879,0.0719026260646361,0.123738599412565,0.990182846034465,-0.0532885269124815,0.0275304704170234,0.126255049472099,0.998771615660577,0.0194933727171286,-0.0358583571416768,0.0280970887098911,0.992448380145647,0.0128627510279697,0.0275203025261203,0.118841892155689,0.997175417011599,0.000690694212450883,-0.0144236587651348,0.0737066395725584,0.997175417011599,0.000690694212450883,-0.0144236587651348,0.0737066395725584
21,791,0.995903499489021,-0.0182226174837202,0.0867550123052025,-0.0178248073618951,0.995903499489021,-0.0182226174837202,0.0867550123052025,-0.0178248073618951,0.9990256024547,-0.0191049700373715,0.0360285733075582,-0.0168756530338174,0.99902745932022,-0.0191058403834042,0.0359770479436604,-0.0168746676616322,0.99590349948902,-0.0182226174837202,0.0867550123052025,-0.0178248073618951,0.980351763250866,-0.0161548200154541,0.195603253412286,-0.0197182487993974,0.99590349948902,-0.0182226174837202,0.0867550123052025,-0.0178248073618951,0.99590349948902,-0.0182226174837202,0.0867550123052025,-0.0178248073618951,0.995908368046116,-0.0181943260023361,0.0867088534160068,-0.0178062824959083,0.995908368046116,-0.0181943260023361,0.0867088534160068,-0.0178062824959083,0.995904433398329,-0.0182171931054946,0.0867461600673463,-0.0178212549075925,0.99590349948902,-0.0182226174837202,0.0867550123052025,-0.0178248073618951,0.995908368046116,-0.0181943260023361,0.0867088534160068,-0.0178062824959083,0.995908368046116,-0.0181943260023361,0.0867088534160068,-0.0178062824959083,0.995904433398329,-0.0182171931054946,0.0867461600673463,-0.0178212549075925,0.997952584814114,-0.0438839846006307,0.0441172357715241,0.0147818762773699,0.967176656232084,-0.106899041282117,0.107220763033935,0.204072581664248,0.987796877178964,-0.0592281133148722,0.073852183481044,0.123673825135834,0.990173186998967,-0.05336436395488,0.0274567900116105,0.126314801548588,0.998828560679132,0.0185903664547226,-0.0349241138987459,0.0278605620029598,0.992498136222129,0.0122056662121004,0.0280332168987272,0.11837487089002,0.997174497919874,0.000626172018417889,-0.0144030009131602,0.0737236879947639,0.997174497919874,0.000626172018417889,-0.0144030009131602,0.0737236879947639
22,792,0.995807124171824,-0.0187605062169372,0.0876707182412691,-0.018167553995669,0.995807124171824,-0.0187605062169372,0.0876707182412691,-0.018167553995669,0.99897589016654,-0.0196595829050226,0.0369479939139828,-0.0171906198754387,0.998977794451769,-0.0196604694949124,0.0368964711128019,-0.0171896058983592,0.995807124171824,-0.0187605062169372,0.0876707182412691,-0.018167553995669,0.980155405412873,-0.016651813723765,0.19650283618367,-0.0201179947164303,0.995807124171824,-0.0187605062169372,0.0876707182412691,-0.018167553995669,0.995807124171824,-0.0187605062169372,0.0876707182412691,-0.018167553995669,0.995812219158289,-0.0187321978174586,0.0876226278758865,-0.0181494910147684,0.995812219158289,-0.0187321978174586,0.0876226278758865,-0.0181494910147684,0.995808103570721,-0.0187550732034742,0.0876614732127753,-0.0181640911191046,0.995807124171824,-0.0187605062169372,0.0876707182412691,-0.018167553995669,0.995812219158289,-0.0187321978174586,0.0876226278758865,-0.0181494910147684,0.995812219158289,-0.0187321978174586,0.0876226278758865,-0.0181494910147684,0.995808103570721,-0.0187550732034742,0.0876614732127753,-0.0181640911191046,0.997904047323009,-0.0446635510847556,0.0447989268718891,0.0136284882501645,0.967144962200245,-0.107650841209826,0.107445835547608,0.203708887633752,0.987639098053271,-0.0595332027179283,0.0758178232599226,0.123598007454791,0.990164939810488,-0.0534185773922652,0.0274357849795361,0.126361090775742,0.998888289134557,0.0177652130811733,-0.0339771163516472,0.0274251453678094,0.992554976036607,0.0115826927918442,0.0285290194814457,0.11784123140942,0.997169878374195,0.000514543531924367,-0.0144544730844372,0.0737769416281348,0.997169878374195,0.000514543531924367,-0.0144544730844372,0.0737769416281348
23,793,0.995708475473364,-0.0193095157587965,0.0885974569672872,-0.0185004078495646,0.995708475473364,-0.0193095157587965,0.0885974569672872,-0.0185004078495646,0.998924468149194,-0.0202247994338994,0.0378785485916571,-0.0174951415340941,0.99892642042838,-0.0202257017289159,0.0378270284413584,-0.0174940984052442,0.995708475473364,-0.0193095157587965,0.0885974569672872,-0.0185004078495646,0.979955576291956,-0.0171609474265981,0.197413135340235,-0.0205091290127342,0.995708475473364,-0.0193095157587965,0.0885974569672872,-0.0185004078495646,0.995708475473364,-0.0193095157587965,0.0885974569672872,-0.0185004078495646,0.995713696179827,-0.019280650504991,0.0885487184839059,-0.0184828626265149,0.995713696179827,-0.019280650504991,0.0885487184839059,-0.0184828626265149,0.99570947819401,-0.0193039714569147,0.0885880977006825,-0.0184970448011738,0.995708475473364,-0.0193095157587965,0.0885974569672872,-0.0185004078495646,0.995713696179827,-0.019280650504991,0.0885487184839059,-0.0184828626265149,0.995713696179827,-0.019280650504991,0.0885487184839059,-0.0184828626265149,0.99570947819401,-0.0193039714569147,0.0885880977006825,-0.0184970448011738,0.997850042310331,-0.0454162158319707,0.0455560224367192,0.01254229725847,0.967107108017299,-0.108347176548819,0.107638284214931,0.203417626393539,0.987473706222549,-0.0598105846320964,0.0778151686485039,0.123544214811027,0.990156178922188,-0.0534368694296022,0.0273909162845153,0.126431720833302,0.998951215799423,0.0170046891948447,-0.0329967004888242,0.0268053493745765,0.992611006566667,0.0109664468726973,0.0290429723055558,0.117301459689791,0.997166749019978,0.000387097168261254,-0.0145385988650256,0.073803481948728,0.997166749019978,0.000387097168261254,-0.0145385988650256,0.073803481948728
24,794,0.995609724400267,-0.0198301499770513,0.0895223997348575,-0.0188090876233755,0.995609724400267,-0.0198301499770513,0.0895223997348575,-0.0188090876233755,0.998872852614376,-0.0207604487209129,0.0388073148347365,-0.0177769624582637,0.998874852795281,-0.0207613655502921,0.0387557973453032,-0.0177758917026211,0.995609724400267,-0.0198301499770513,0.0895223997348574,-0.0188090876233755,0.979755842653008,-0.0176445323107966,0.198321638158718,-0.0208731191935806,0.995609724400267,-0.0198301499770513,0.0895223997348574,-0.0188090876233755,0.995609724400267,-0.0198301499770513,0.0895223997348574,-0.0188090876233755,0.99561495531977,-0.0198026756411259,0.0894737185682065,-0.0187927769805918,0.99561495531977,-0.0198026756411259,0.0894737185682065,-0.0187927769805918,0.995610728133769,-0.0198248883141442,0.0895130572696271,-0.0188059673115426,0.995609724400267,-0.0198301499770513,0.0895223997348574,-0.0188090876233755,0.99561495531977,-0.0198026756411259,0.0894737185682065,-0.0187927769805918,0.99561495531977,-0.0198026756411259,0.0894737185682065,-0.0187927769805918,0.995610728133769,-0.0198248883141442,0.0895130572696271,-0.0188059673115426,0.99779270305251,-0.0461247025748324,0.0463544710672724,0.0115540711276725,0.96706129971929,-0.108975807215976,0.10782237905419,0.203201994581645,0.987297493483191,-0.0601126044602835,0.0798416355806273,0.12351294415817,0.990143443614729,-0.0534727862000102,0.0273310899370821,0.12652918132046,0.999015058105452,0.0162917808489842,-0.031967348510292,0.0261070906948809,0.992666078397197,0.0103706033293994,0.0295501466027766,0.116761707001348,0.997163262353511,0.00026617270428848,-0.0146226414016133,0.073834515797397,0.997163262353511,0.00026617270428848,-0.0146226414016133,0.073834515797397
25,795,0.995514694471187,-0.0203397036390852,0.0903998034833353,-0.0190962058531905,0.995514694471187,-0.0203397036390852,0.0903998034833353,-0.0190962058531905,0.998822537361993,-0.0212839359590985,0.0396884143754477,-0.0180378128441958,0.998824582986176,-0.0212848662412891,0.0396368994798805,-0.0180367150890531,0.995514694471187,-0.0203397036390852,0.0903998034833353,-0.0190962058531905,0.979565028522306,-0.0181194716143805,0.199183298180297,-0.0212144613537299,0.995514694471187,-0.0203397036390852,0.0903998034833353,-0.0190962058531905,0.995514694471187,-0.0203397036390852,0.0903998034833353,-0.0190962058531905,0.995519737025351,-0.0203128528365586,0.0903535019077512,-0.0190810349724937,0.995519737025351,-0.0203128528365586,0.0903535019077512,-0.0190810349724937,0.995515660449412,-0.0203345556001153,0.0903909365317871,-0.0190933035754353,0.995514694471187,-0.0203397036390852,0.0903998034833353,-0.0190962058531905,0.995519737025351,-0.0203128528365586,0.0903535019077512,-0.0190810349724937,0.995519737025351,-0.0203128528365586,0.0903535019077512,-0.0190810349724937,0.995515660449412,-0.0203345556001153,0.0903909365317871,-0.0190933035754353,0.997731728316962,-0.0467953579559427,0.0471986240089826,0.010671582594999,0.967021047151201,-0.10954592624382,0.107998301895801,0.202993475751323,0.987116850483488,-0.0604266886497664,0.081854022508176,0.123486265591011,0.990128876600893,-0.0535240434100621,0.0272867226002819,0.126631035958122,0.999078091994456,0.0156157447693593,-0.0308945228556051,0.0253898221644281,0.992720345241892,0.00977831162253193,0.0300686002466237,0.116217812936917,0.99716041769562,0.000164028764649547,-0.0146925986069408,0.0738593394354463,0.99716041769562,0.000164028764649547,-0.0146925986069408,0.0738593394354463
26,796,0.995423897999434,-0.0208167396035919,0.0912252778213295,-0.0193875044889793,0.995423897999434,-0.0208167396035919,0.0912252778213295,-0.0193875044889793,0.998773810912538,-0.0217751599811208,0.0405174364590458,-0.0183044908651003,0.998775899294073,-0.0217761040167293,0.0404659240754704,-0.0183033677744434,0.995423897999434,-0.0208167396035919,0.0912252778213295,-0.0193875044889793,0.979384125279764,-0.0185616308101188,0.199993807834038,-0.021556387445553,0.995423897999434,-0.0208167396035919,0.0912252778213295,-0.0193875044889793,0.995423897999434,-0.0208167396035919,0.0912252778213295,-0.0193875044889793,0.995428716359066,-0.0207915458128057,0.0911816914376574,-0.0193721815246375,0.995428716359066,-0.0207915458128057,0.0911816914376574,-0.0193721815246375,0.995424820667731,-0.0208119178682095,0.0912169348692336,-0.0193845625775751,0.995423897999434,-0.0208167396035919,0.0912252778213295,-0.0193875044889793,0.995428716359066,-0.0207915458128057,0.0911816914376574,-0.0193721815246375,0.995428716359066,-0.0207915458128057,0.0911816914376574,-0.0193721815246375,0.995424820667731,-0.0208119178682095,0.0912169348692336,-0.0193845625775751,0.997667636631537,-0.0474573223955253,0.0480593024860144,0.00986877974466035,0.966984892403445,-0.110087371200923,0.108176907739504,0.202777575677111,0.986931866844153,-0.0607213649162228,0.0838602124425434,0.123474170656524,0.990113498791403,-0.0535560071572493,0.0272452662758377,0.126746633383212,0.999137529893006,0.0149473014408996,-0.029827602508226,0.0247202076760911,0.992775341373715,0.00917589428530955,0.0305968921499156,0.115657921108477,0.997157013955577,4.40285735933718e-05,-0.0147847624714109,0.0738870650340788,0.997157013955577,4.40285735933718e-05,-0.0147847624714109,0.0738870650340788
27,797,0.995335722338579,-0.0212764266154592,0.0920145286995828,-0.0196834960159236,0.995335722338579,-0.0212764266154592,0.0920145286995828,-0.0196834960159236,0.998725860919601,-0.0222492959750976,0.0413101486982398,-0.0185767374300334,0.998727990185786,-0.0222502540513475,0.0412586387866583,-0.0185755898851798,0.995335722338579,-0.0212764266154592,0.0920145286995828,-0.0196834960159236,0.979209805160568,-0.0189860306071554,0.200768600962579,-0.0219010727298015,0.995335722338579,-0.0212764266154592,0.0920145286995828,-0.0196834960159236,0.995335722338579,-0.0212764266154592,0.0920145286995828,-0.0196834960159236,0.995340396490265,-0.0212521830938011,0.0919728890896112,-0.0196679307721967,0.995340396490265,-0.0212521830938011,0.0919728890896112,-0.0196679307721967,0.995336617998756,-0.0212717816272226,0.0920065531923625,-0.0196805067735532,0.995335722338579,-0.0212764266154592,0.0920145286995828,-0.0196834960159236,0.995340396490265,-0.0212521830938011,0.0919728890896112,-0.0196679307721967,0.995340396490265,-0.0212521830938011,0.0919728890896112,-0.0196679307721967,0.995336617998756,-0.0212717816272226,0.0920065531923625,-0.0196805067735532,0.997602107577123,-0.0481099346142295,0.0489155373484986,0.00909611757860247,0.966967219097802,-0.110626254946182,0.108365816277442,0.202467475830982,0.986744180478304,-0.0609841497329793,0.0858730668353965,0.123461217253955,0.990101422689341,-0.0535488813857921,0.0271557379583137,0.126863138802464,0.999191489804108,0.0142891855196923,-0.0288147116811009,0.0241225676694235,0.992829608197525,0.00858491048901641,0.0311542963152657,0.115087263497513,0.9971542130522,-6.65862094931458e-05,-0.0148387148240974,0.0739140277680643,0.9971542130522,-6.65862094931458e-05,-0.0148387148240974,0.0739140277680643
28,798,0.995242903279782,-0.0216979867760088,0.0928222314503876,-0.0201194977489564,0.995242903279782,-0.0216979867760088,0.0928222314503876,-0.0201194977489564,0.998674211300043,-0.0226924700605638,0.0421215249538286,-0.0189907509686302,0.998676382413491,-0.022693449489209,0.0420700177050266,-0.0189895805662693,0.995242903279781,-0.0216979867760088,0.0928222314503875,-0.0201194977489564,0.97902884329245,-0.0193571578492379,0.201561224400046,-0.0223807341211543,0.995242903279781,-0.0216979867760088,0.0928222314503875,-0.0201194977489564,0.995242903279781,-0.0216979867760088,0.0928222314503875,-0.0201194977489564,0.99524780473476,-0.0216756971718424,0.0927797668232692,-0.0200969199375126,0.99524780473476,-0.0216756971718424,0.0927797668232692,-0.0200969199375126,0.99524384559241,-0.021693724836388,0.0928140751481261,-0.0201151079428547,0.995242903279781,-0.0216979867760088,0.0928222314503875,-0.0201194977489564,0.99524780473476,-0.0216756971718424,0.0927797668232692,-0.0200969199375126,0.99524780473476,-0.0216756971718424,0.0927797668232692,-0.0200969199375126,0.99524384559241,-0.021693724836388,0.0928140751481261,-0.0201151079428547,0.997549620755286,-0.0486298830169145,0.0495555425360063,0.0086102736721064,0.967019958874319,-0.11114884342799,0.108680375264625,0.201759534534733,0.986545445788749,-0.0612894591955256,0.0878605399533895,0.123499842526606,0.99008056968337,-0.0535822019129542,0.027052848701704,0.12703368274098,0.999234195118326,0.0137116954632438,-0.0278830674638039,0.0237812376163181,0.992891287569999,0.00800175063526684,0.0317160308698634,0.114441934797616,0.997155093843621,-0.000175576879813138,-0.01489643084094,0.0738903535157409,0.997155093843621,-0.000175576879813138,-0.01489643084094,0.0738903535157409
29,799,0.995156462069684,-0.0221385606020842,0.0935625579511848,-0.0204828680864836,0.995156462069684,-0.0221385606020842,0.0935625579511848,-0.0204828680864836,0.99862550705628,-0.023150941929656,0.0428652878913465,-0.019331260650825,0.998627716529791,-0.0231519389196727,0.0428137831535045,-0.0193300666020628,0.995156462069684,-0.0221385606020842,0.0935625579511848,-0.0204828680864836,0.978861620149475,-0.019755160336701,0.202287579568706,-0.0227902915876844,0.995156462069684,-0.0221385606020842,0.0935625579511848,-0.0204828680864836,0.995156462069684,-0.0221385606020842,0.0935625579511848,-0.0204828680864836,0.99516105246768,-0.022115417944323,0.093523420575617,-0.0204635711547098,0.99516105246768,-0.022115417944323,0.093523420575617,-0.0204635711547098,0.995157340343336,-0.022134112342495,0.0935550735393096,-0.0204791905758465,0.995156462069684,-0.0221385606020842,0.0935625579511848,-0.0204828680864836,0.99516105246768,-0.022115417944323,0.093523420575617,-0.0204635711547098,0.99516105246768,-0.022115417944323,0.093523420575617,-0.0204635711547098,0.995157340343336,-0.022134112342495,0.0935550735393096,-0.0204791905758465,0.997482573754945,-0.0493075394579571,0.0503349884836652,0.00797938231707035,0.967004714661347,-0.111686081560376,0.108876786406942,0.201429755473499,0.98634342247492,-0.0616065639124943,0.08990094944649,0.123487260525031,0.990068870311497,-0.053606171375063,0.0268171551629851,0.12716465947577,0.999275942006058,0.0130399607515744,-0.0270175920778395,0.0234008732704392,0.992925597205985,0.00737586780635001,0.032329090728932,0.114013967915697,0.997152011894961,-0.000288127362045879,-0.0149342633448972,0.0739239469644414,0.997152011894961,-0.000288127362045879,-0.0149342633448972,0.0739239469644414
30,800,0.995068337221058,-0.0225894492140893,0.0943021587481504,-0.0208763957559957,0.995068337221058,-0.0225894492140893,0.0943021587481504,-0.0208763957559957,0.998575084467656,-0.0236212479264964,0.0436084116296122,-0.0197013644692915,0.998577332268265,-0.0236222640042034,0.0435569094913556,-0.0197001461637367,0.995068337221058,-0.0225894492140893,0.0943021587481504,-0.0208763957559957,0.978692803250909,-0.0201601032521628,0.203013028521132,-0.0232309567693414,0.995068337221058,-0.0225894492140893,0.0943021587481504,-0.0208763957559957,0.995068337221058,-0.0225894492140893,0.0943021587481504,-0.0208763957559957,0.995072996857133,-0.0225657481885704,0.0942632240954144,-0.0208557550233164,0.995072996857133,-0.0225657481885704,0.0942632240954144,-0.0208557550233164,0.995069231838938,-0.0225848959487872,0.0942946883295649,-0.0208724237998024,0.995068337221058,-0.0225894492140893,0.0943021587481504,-0.0208763957559957,0.995072996857133,-0.0225657481885704,0.0942632240954144,-0.0208557550233164,0.995072996857133,-0.0225657481885704,0.0942632240954144,-0.0208557550233164,0.995069231838938,-0.0225848959487872,0.0942946883295649,-0.0208724237998024,0.997415003618911,-0.0500058371687103,0.0510752610256133,0.0073514975420164,0.966985540674532,-0.112223932826522,0.109067316538826,0.201119550244008,0.986134147583829,-0.061944034344706,0.091937342960794,0.123490503875905,0.990053092893325,-0.0536527436152481,0.0266064900717397,0.127312022374084,0.999312740738968,0.0123303269812326,-0.0262172620248592,0.0231228113608117,0.992938797925231,0.00675000138582819,0.033038254773754,0.113734140773971,0.997149872187832,-0.000400143810733756,-0.0149732994393033,0.0739443884593184,0.997149872187832,-0.000400143810733756,-0.0149732994393033,0.0739443884593184
31,801,0.994983728073248,-0.0230420588599446,0.0949980123357737,-0.0212561060687915,0.994983728073248,-0.0230420588599446,0.0949980123357737,-0.0212561060687915,0.998525949693086,-0.0240925705002077,0.0443076660162479,-0.0200575813199246,0.998528233558206,-0.0240936049493753,0.0442561664112153,-0.0200563387051651,0.994983728073248,-0.0230420588599446,0.0949980123357736,-0.0212561060687915,0.978532285232546,-0.0205682742533777,0.20369538098803,-0.0236580771820261,0.994983728073248,-0.0230420588599446,0.0949980123357736,-0.0212561060687915,0.994983728073248,-0.0230420588599446,0.0949980123357736,-0.0212561060687915,0.994988213608836,-0.023018243834371,0.0949612750276746,-0.0212360889854424,0.994988213608836,-0.023018243834371,0.0949612750276746,-0.0212360889854424,0.994984587337737,-0.0230374873280623,0.0949909794982591,-0.0212522693358492,0.994983728073248,-0.0230420588599446,0.0949980123357736,-0.0212561060687915,0.994988213608836,-0.023018243834371,0.0949612750276746,-0.0212360889854424,0.994988213608836,-0.023018243834371,0.0949612750276746,-0.0212360889854424,0.994984587337737,-0.0230374873280623,0.0949909794982591,-0.0212522693358492,0.997346342776621,-0.0507085109545345,0.0518037707856793,0.00672969533174363,0.966976455525673,-0.112801128556529,0.109293090569133,0.200717363995315,0.98591435396591,-0.0622652740851965,0.094040134684053,0.123500507511846,0.990040441424512,-0.053658574249451,0.0262789769848302,0.127475868783485,0.999345309183285,0.0115721590278211,-0.0254523325366248,0.0229612046122462,0.992948845090738,0.00613430003344757,0.0337472777211999,0.113472827771579,0.997147467917518,-0.000514082762339884,-0.0149962056193308,0.0739714591016087,0.997147467917518,-0.000514082762339884,-0.0149962056193308,0.0739714591016087
32,802,0.994901259104466,-0.0234917440070256,0.0956696863167868,-0.0216086490994949,0.994901259104466,-0.0234917440070256,0.0956696863167868,-0.0216086490994949,0.998477723463251,-0.0245595916447339,0.0449826632742704,-0.0203868146271223,0.998480042141804,-0.0245606430736762,0.0449311661556355,-0.0203855479250426,0.994901259104466,-0.0234917440070256,0.0956696863167867,-0.0216086490994949,0.978376549922078,-0.0209765220352288,0.204353935147273,-0.0240578734659215,0.994901259104466,-0.0234917440070256,0.0956696863167867,-0.0216086490994949,0.994901259104466,-0.0234917440070256,0.0956696863167867,-0.0216086490994949,0.994905627444437,-0.0234680694817026,0.0956342677294474,-0.0215900215388167,0.994905627444437,-0.0234680694817026,0.0956342677294474,-0.0215900215388167,0.994902096331359,-0.0234872015327666,0.0956628996269938,-0.0216050853870538,0.994901259104466,-0.0234917440070256,0.0956696863167867,-0.0216086490994949,0.994905627444437,-0.0234680694817026,0.0956342677294474,-0.0215900215388167,0.994905627444437,-0.0234680694817026,0.0956342677294474,-0.0215900215388167,0.994902096331359,-0.0234872015327666,0.0956628996269938,-0.0216050853870538,0.997279624926773,-0.0513647574556166,0.052510081002807,0.00614025980874688,0.966952499964363,-0.113398825105935,0.109546589777697,0.200357465409551,0.985687061814755,-0.0626214221296194,0.0961665857118319,0.123497212332859,0.990028164157694,-0.0536909580532231,0.0259081109118738,0.127633400749374,0.999374652149656,0.01079683200357,-0.0247111762226777,0.022871179006196,0.992952535541053,0.0055020662367582,0.0345097368057658,0.113243399345467,0.997146567275819,-0.000609631487216565,-0.0149981124369125,0.073982486730521,0.997146567275819,-0.000609631487216565,-0.0149981124369125,0.073982486730521
33,803,0.994821457808759,-0.0239686000247489,0.0963112347435379,-0.0219070618359337,0.994821457808759,-0.0239686000247489,0.0963112347435379,-0.0219070618359337,0.998430630402476,-0.0250509975090406,0.045627438331395,-0.0206606067004785,0.998432982335732,-0.0250520630583119,0.045575943640754,-0.0206593146534966,0.994821457808759,-0.0239686000247488,0.0963112347435379,-0.0219070618359337,0.978226774624027,-0.0214177210815089,0.204982838948149,-0.0244068508641427,0.994821457808759,-0.0239686000247488,0.0963112347435379,-0.0219070618359337,0.994821457808759,-0.0239686000247488,0.0963112347435379,-0.0219070618359337,0.994825685580545,-0.0239435739589471,0.0962773882556987,-0.0218912102437008,0.994825685580545,-0.0239435739589471,0.0962773882556987,-0.0218912102437008,0.994822267886255,-0.0239637861281843,0.0963047517490107,-0.0219040421523732,0.994821457808759,-0.0239686000247488,0.0963112347435379,-0.0219070618359337,0.994825685580545,-0.0239435739589471,0.0962773882556987,-0.0218912102437008,0.994825685580545,-0.0239435739589471,0.0962773882556987,-0.0218912102437008,0.994822267886255,-0.0239637861281843,0.0963047517490107,-0.0219040421523732,0.997215595680993,-0.0519632106113859,0.0531950231120435,0.005583009015599,0.966896700955358,-0.114011088400339,0.109850066060121,0.200112979064333,0.985441155665876,-0.0630033314905329,0.0984212748439093,0.123489115306148,0.990019552126997,-0.0537072375493988,0.0253437374564192,0.127806549178098,0.999400696842359,0.0100374630159569,-0.0240050730770369,0.0228309648017086,0.992956649936006,0.00483821089670349,0.0352919871987829,0.112996277384451,0.997145025067708,-0.000712283116975951,-0.0149989713279834,0.074002178985389,0.997145025067708,-0.000712283116975951,-0.0149989713279834,0.074002178985389
34,804,0.99473964686262,-0.0245260631956525,0.0969556590474054,-0.0221609422731936,0.99473964686262,-0.0245260631956525,0.0969556590474054,-0.0221609422731936,0.998381676447659,-0.0256206431142936,0.0462751876846414,-0.0208858273650568,0.998384061789024,-0.0256217202786916,0.046223695517967,-0.020884505937978,0.99473964686262,-0.0245260631956525,0.0969556590474054,-0.0221609422731936,0.978074685994419,-0.0219439303682232,0.205614380524823,-0.0247204178424946,0.99473964686262,-0.0245260631956525,0.0969556590474054,-0.0221609422731936,0.99473964686262,-0.0245260631956525,0.0969556590474054,-0.0221609422731936,0.994743969577466,-0.024496939241864,0.0969217475280905,-0.0221474561326491,0.994743969577466,-0.024496939241864,0.0969217475280905,-0.0221474561326491,0.994740477074474,-0.0245204405228765,0.0969491503635601,-0.0221583733607835,0.99473964686262,-0.0245260631956525,0.0969556590474054,-0.0221609422731936,0.994743969577466,-0.024496939241864,0.0969217475280905,-0.0221474561326491,0.994743969577466,-0.024496939241864,0.0969217475280905,-0.0221474561326491,0.994740477074474,-0.0245204405228765,0.0969491503635601,-0.0221583733607835,0.997156429014679,-0.0524802169047518,0.0538424782206754,0.00508629996943085,0.966812866062116,-0.114616756508166,0.110200802001175,0.199979159870728,0.985190036520239,-0.0633849075629887,0.10067544332614,0.123480365020383,0.989955440031285,-0.0539956532755113,0.0268920006717616,0.127865227797421,0.999424665790089,0.00931939341950669,-0.0233242233727599,0.0227918169683643,0.992967621211474,0.00416063175292328,0.0360725593364858,0.112679913169821,0.997144184331627,-0.000814001152503676,-0.0149455860251983,0.0740232565759072,0.997144184331627,-0.000814001152503676,-0.0149455860251983,0.0740232565759072
35,805,0.994655410806946,-0.0251857960393574,0.0976045442880828,-0.0223526813748212,0.994655410806946,-0.0251857960393574,0.0976045442880828,-0.0223526813748212,0.998330527233326,-0.0262892680500471,0.0469275154600102,-0.0210437893967118,0.998332946218936,-0.0262903533605379,0.0468760259305181,-0.02104243348471,0.994655410806946,-0.0251857960393574,0.0976045442880828,-0.0223526813748212,0.977919697011344,-0.0225786152575208,0.20625008972231,-0.0249834509192233,0.994655410806946,-0.0251857960393574,0.0976045442880828,-0.0223526813748212,0.994655410806946,-0.0251857960393574,0.0976045442880828,-0.0223526813748212,0.994659862149463,-0.0251513537864069,0.0975704067409989,-0.0223424206369591,0.994659862149463,-0.0251513537864069,0.0975704067409989,-0.0223424206369591,0.99465626598578,-0.0251791425975265,0.0975979907909891,-0.0223507383958715,0.994655410806946,-0.0251857960393574,0.0976045442880828,-0.0223526813748212,0.994659862149463,-0.0251513537864069,0.0975704067409989,-0.0223424206369591,0.994659862149463,-0.0251513537864069,0.0975704067409989,-0.0223424206369591,0.99465626598578,-0.0251791425975265,0.0975979907909891,-0.0223507383958715,0.997102617881731,-0.052938672775727,0.0544268154729266,0.0046462991314303,0.966703995108889,-0.115252374802679,0.1105948112764,0.199922644194181,0.98490191168157,-0.0638900976696565,0.1031220227086,0.123499506955444,0.989942170043988,-0.0540753619121084,0.0260849989481465,0.128101241338835,0.999447365041728,0.00866279358581526,-0.0226538181931197,0.022731586827801,0.992979061267987,0.00348028729288231,0.0368260184055172,0.112357980811793,0.997142315413716,-0.00092570480036191,-0.0148669525248779,0.0740629435319766,0.997142315413716,-0.00092570480036191,-0.0148669525248779,0.0740629435319766
36,806,0.994574030598767,-0.0259137444914938,0.0982212221114815,-0.0224402992823004,0.994574030598767,-0.0259137444914938,0.0982212221114815,-0.0224402992823004,0.998280593313767,-0.027020728737774,0.0475475322983561,-0.0210942979008374,0.998283044277167,-0.0270218166522968,0.0474960453434099,-0.0210929042632657,0.994574030598767,-0.0259137444914938,0.0982212221114814,-0.0224402992823004,0.977771083713098,-0.0232925380218983,0.206854099957107,-0.0251504842487786,0.994574030598767,-0.0259137444914938,0.0982212221114814,-0.0224402992823004,0.994574030598767,-0.0259137444914938,0.0982212221114814,-0.0224402992823004,0.994578346311869,-0.0258756255786004,0.0981886837209158,-0.0224354058937497,0.994578346311869,-0.0258756255786004,0.0981886837209158,-0.0224354058937497,0.994574857594507,-0.025906398592341,0.098214990255702,-0.0224394037780257,0.994574030598767,-0.0259137444914938,0.0982212221114814,-0.0224402992823004,0.994578346311869,-0.0258756255786004,0.0981886837209158,-0.0224354058937497,0.994578346311869,-0.0258756255786004,0.0981886837209158,-0.0224354058937497,0.994574857594507,-0.025906398592341,0.098214990255702,-0.0224394037780257,0.997052913842653,-0.0533764553212326,0.05494122435647,0.00423117967336784,0.966581667598405,-0.115901520213521,0.111051705217965,0.19988555786515,0.98460073834533,-0.0644195334253482,0.105692572972828,0.123452783611686,0.989935274007773,-0.0541641057063016,0.0252524693236683,0.128283731319485,0.999469927971288,0.00803564019856171,-0.0219190499582782,0.0226902361511482,0.992986862951878,0.0028154653986738,0.0375209260946016,0.112077398544849,0.997142284039374,-0.00104344537635601,-0.0147273344267553,0.074089690397324,0.997142284039374,-0.00104344537635601,-0.0147273344267553,0.074089690397324
37,807,0.994510425370005,-0.0266110898127532,0.0986861155846557,-0.0224034443816586,0.994510425370005,-0.0266110898127532,0.0986861155846557,-0.0224034443816586,0.998240697339852,-0.0277152998212433,0.0480150575680383,-0.0210220497811958,0.998243172416187,-0.0277163840086044,0.0479635726701278,-0.0210206203208199,0.994510425370005,-0.0266110898127532,0.0986861155846557,-0.0224034443816586,0.977656807273505,-0.0239897127328561,0.207309196058914,-0.0251904367603963,0.994510425370005,-0.0266110898127532,0.0986861155846557,-0.0224034443816586,0.994510425370005,-0.0266110898127532,0.0986861155846557,-0.0224034443816586,0.994513840171078,-0.0265743170979981,0.0986612458491146,-0.0224050428799369,0.994513840171078,-0.0265743170979981,0.0986612458491146,-0.0224050428799369,0.994511073256422,-0.0266040429950668,0.0986814046844659,-0.0224038040559544,0.994510425370005,-0.0266110898127532,0.0986861155846557,-0.0224034443816586,0.994513840171078,-0.0265743170979981,0.0986612458491146,-0.0224050428799369,0.994513840171078,-0.0265743170979981,0.0986612458491146,-0.0224050428799369,0.994511073256422,-0.0266040429950668,0.0986814046844659,-0.0224038040559544,0.997007660468623,-0.0537997249175277,0.0553787002129861,0.00380974125128607,0.966455270004139,-0.116623255080234,0.11156433356749,0.199791458604617,0.984272501416081,-0.0650285454376379,0.108336770701797,0.123458800205987,0.989916581285218,-0.0543119666412303,0.0243798077627795,0.128534031873269,0.999490856454722,0.00738788874943845,-0.0211154779640529,0.0227504627113629,0.992988809938207,0.00216807152414189,0.038200508725926,0.111844731375468,0.99714310115594,-0.00114991267884108,-0.014565691678948,0.0741090692416317,0.99714310115594,-0.00114991267884108,-0.014565691678948,0.0741090692416317
38,808,0.994460887350434,-0.0272646675807825,0.0990289630944044,-0.0223034952494654,0.994460887350435,-0.0272646675807825,0.0990289630944044,-0.0223034952494654,0.998208647712663,-0.0283629533044136,0.0483599796631856,-0.0208890133439843,0.998211140578595,-0.028364030629483,0.0483084964177942,-0.0208875504806871,0.994460887350435,-0.0272646675807825,0.0990289630944044,-0.0223034952494654,0.977569916394221,-0.0246503138242908,0.207644529334061,-0.0251628700071649,0.994460887350435,-0.0272646675807825,0.0990289630944044,-0.0223034952494654,0.994460887350435,-0.0272646675807825,0.0990289630944044,-0.0223034952494654,0.994463549751281,-0.0272301504577126,0.0990105786999928,-0.0223085729625393,0.994463549751281,-0.0272301504577126,0.0990105786999928,-0.0223085729625393,0.99446139201444,-0.0272580614111986,0.0990254877892883,-0.022304498400533,0.994460887350435,-0.0272646675807825,0.0990289630944044,-0.0223034952494654,0.994463549751281,-0.0272301504577126,0.0990105786999928,-0.0223085729625393,0.994463549751281,-0.0272301504577126,0.0990105786999928,-0.0223085729625393,0.99446139201444,-0.0272580614111986,0.0990254877892883,-0.022304498400533,0.996965816146062,-0.0542426303115834,0.0557252766231744,0.00340470826476205,0.966313774208545,-0.11739869509165,0.11219323136364,0.199669514452754,0.983915003679862,-0.0657472136112308,0.111093962024956,0.123477532521561,0.989890828961214,-0.0545355889092003,0.023382677417818,0.128822617104221,0.999509837508769,0.00671640088656878,-0.0202483634640736,0.0229124084144653,0.992977071196118,0.00155288330251848,0.0388812282844876,0.111724548418503,0.99714034744942,-0.0013016613708221,-0.0144924378054613,0.0741579558279676,0.99714034744942,-0.0013016613708221,-0.0144924378054613,0.0741579558279676
39,809,0.994418420806087,-0.0278639453423744,0.0993226128799563,-0.022150022171176,0.994418420806087,-0.0278639453423744,0.0993226128799563,-0.022150022171176,0.99818116006991,-0.0289536567311832,0.048655408222129,-0.0207052817927993,0.998183668172775,-0.0289547245794073,0.0486039263940356,-0.0207037884638799,0.994418420806087,-0.0278639453423744,0.0993226128799563,-0.022150022171176,0.977495457252608,-0.0252628215155257,0.207931739083502,-0.0250761396810018,0.994418420806087,-0.0278639453423744,0.0993226128799563,-0.022150022171176,0.994418420806087,-0.0278639453423744,0.0993226128799563,-0.022150022171176,0.994420689681897,-0.0278322559436156,0.0993070124109384,-0.0221579499882712,0.994420689681897,-0.0278322559436156,0.0993070124109384,-0.0221579499882712,0.994418852886299,-0.0278578865689317,0.0993196418653369,-0.0221515669863411,0.994418420806087,-0.0278639453423744,0.0993226128799563,-0.022150022171176,0.994420689681897,-0.0278322559436156,0.0993070124109384,-0.0221579499882712,0.994420689681897,-0.0278322559436156,0.0993070124109384,-0.0221579499882712,0.994418852886299,-0.0278578865689317,0.0993196418653369,-0.0221515669863411,0.996926882504406,-0.0547011831278461,0.0559959376115573,0.00300440933675967,0.966162051056932,-0.118273605392936,0.112926455323615,0.199473960839158,0.983548315132553,-0.0664454580492447,0.113931284734659,0.123439763703806,0.989871269639299,-0.0547361233460896,0.0224164088126897,0.129059408644496,0.999526477252827,0.00602215644882847,-0.019361037486184,0.0231453047013556,0.992959232403733,0.000959669479608191,0.0395413197105826,0.111658075633721,0.997138490955828,-0.0014102307547897,-0.01438277782416,0.0742022695449145,0.997138490955828,-0.0014102307547897,-0.01438277782416,0.0742022695449145
40,810,0.994383565466671,-0.0283552950551945,0.0995636386940786,-0.022008721501257,0.994383565466671,-0.0283552950551945,0.0995636386940786,-0.022008721501257,0.998158599313291,-0.0294371902169901,0.0488978939949486,-0.0205391920950113,0.998161119922529,-0.0294382494984,0.0488464133301166,-0.020537673827797,0.99438356546667,-0.0283552950551945,0.0995636386940785,-0.022008721501257,0.977434342594039,-0.0257667171870971,0.208167479059465,-0.0249896551634308,0.99438356546667,-0.0283552950551945,0.0995636386940785,-0.022008721501257,0.99438356546667,-0.0283552950551945,0.0995636386940785,-0.022008721501257,0.994385430252129,-0.0283291433425451,0.0995508082376858,-0.0220161831158397,0.994385430252129,-0.0283291433425451,0.0995508082376858,-0.0220161831158397,0.994383919958319,-0.0283503210161813,0.0995611988876046,-0.0220101499919848,0.99438356546667,-0.0283552950551945,0.0995636386940785,-0.022008721501257,0.994385430252129,-0.0283291433425451,0.0995508082376858,-0.0220161831158397,0.994385430252129,-0.0283291433425451,0.0995508082376858,-0.0220161831158397,0.994383919958319,-0.0283503210161813,0.0995611988876046,-0.0220101499919848,0.996894060429505,-0.055125677524716,0.0561806571148478,0.00266940516980661,0.965981582100085,-0.119265342558978,0.113768649888079,0.199278838340527,0.983145131823517,-0.0672718180007189,0.11688558591352,0.123441938093381,0.989840016152155,-0.0550228468290949,0.0212916144650793,0.12936729070439,0.999540325331949,0.00529332808760432,-0.0184601105152725,0.0234593911434605,0.992938434405544,0.000388006868194528,0.040188326505127,0.111615470897428,0.997136075311715,-0.0015591500233541,-0.0143338097490752,0.0742412167278679,0.997136075311715,-0.0015591500233541,-0.0143338097490752,0.0742412167278679
41,811,0.994355489938654,-0.0287253314684637,0.0997753999703058,-0.0218376858126388,0.994355489938654,-0.0287253314684637,0.0997753999703058,-0.0218376858126388,0.998141322308964,-0.0297980559677534,0.0491108084813141,-0.0203495712526645,0.99814385389941,-0.0297991054688802,0.0490593287072703,-0.0203480343738453,0.994355489938654,-0.0287253314684637,0.0997753999703058,-0.0218376858126388,0.97738318065328,-0.0261532989483528,0.208374876092232,-0.0248602925112059,0.994355489938654,-0.0287253314684637,0.0997753999703058,-0.0218376858126388,0.994355489938654,-0.0287253314684637,0.0997753999703058,-0.0218376858126388,0.994356992626092,-0.0287055222252233,0.0997641709523353,-0.0218466108027151,0.994356992626092,-0.0287055222252233,0.0997641709523353,-0.0218466108027151,0.994355775307278,-0.0287215813946701,0.0997732580666082,-0.0218394104779588,0.994355489938654,-0.0287253314684637,0.0997753999703058,-0.0218376858126388,0.994356992626092,-0.0287055222252233,0.0997641709523353,-0.0218466108027151,0.994356992626092,-0.0287055222252233,0.0997641709523353,-0.0218466108027151,0.994355775307278,-0.0287215813946701,0.0997732580666082,-0.0218394104779588,0.996870485259792,-0.0554813403091676,0.0562599563648035,0.00242359345521664,0.965760081414034,-0.120377609676706,0.114752445879882,0.199119492768203,0.982707823253951,-0.0682112257815284,0.119952789072515,0.123466154012293,0.989797867003604,-0.0553925894116076,0.0200878063986542,0.129724028412176,0.999551049742296,0.00453450521676868,-0.0175570439131203,0.0238513611885511,0.992920077755317,-0.000172294665580662,0.0408427261981198,0.111541746541951,0.997132316138195,-0.00173629767023023,-0.0143372320459216,0.0742870995566794,0.997132316138195,-0.00173629767023023,-0.0143372320459216,0.0742870995566794
42,812,0.994327860377019,-0.0289825003362713,0.100020503130114,-0.0216337631011446,0.994327860377019,-0.0289825003362713,0.100020503130114,-0.0216337631011446,0.998126185213242,-0.030044528630325,0.0493569990984331,-0.0201328421004089,0.99812872950113,-0.0300455669531941,0.0493055201047662,-0.0201312925099096,0.994327860377019,-0.0289825003362713,0.100020503130114,-0.0216337631011446,0.977328800279087,-0.0264313076286937,0.208615462306565,-0.0246858463232633,0.994327860377019,-0.0289825003362713,0.100020503130114,-0.0216337631011446,0.994327860377019,-0.0289825003362713,0.100020503130114,-0.0216337631011446,0.994329321442792,-0.028968651560088,0.100007686968783,-0.0216444055834474,0.994329321442792,-0.028968651560088,0.100007686968783,-0.0216444055834474,0.994328140374273,-0.0289798911714961,0.100018030764704,-0.0216358195934206,0.994327860377019,-0.0289825003362713,0.100020503130114,-0.0216337631011446,0.994329321442792,-0.028968651560088,0.100007686968783,-0.0216444055834474,0.994329321442792,-0.028968651560088,0.100007686968783,-0.0216444055834474,0.994328140374273,-0.0289798911714961,0.100018030764704,-0.0216358195934206,0.996860390201451,-0.0557216392176397,0.0562068663267269,0.0022911892194247,0.965490020242799,-0.121627036110848,0.115883183015617,0.199015006450817,0.982237787236668,-0.069195211621344,0.123210537663494,0.123450862377565,0.989758572253941,-0.0557597724915941,0.0187049703756378,0.130072827695768,0.999558672544057,0.00375354142027051,-0.0166773349708632,0.0242948053509271,0.992902307909652,-0.000733058947803567,0.0415217546667284,0.111446908712903,0.997127066984362,-0.00192245301854577,-0.0143857991415052,0.0743435622271315,0.997127066984362,-0.00192245301854577,-0.0143857991415052,0.0743435622271315
43,813,0.994295375284849,-0.0291664428108632,0.100346235661383,-0.0213695645606597,0.994295375284849,-0.0291664428108632,0.100346235661383,-0.0213695645606597,0.998110296649631,-0.0302148061605703,0.0496839616600306,-0.0198596365634098,0.99811285780082,-0.0302158303924813,0.0496324834853906,-0.0198580781911131,0.994295375284849,-0.0291664428108632,0.100346235661383,-0.0213695645606597,0.977260738793486,-0.0266431525158629,0.208935656930689,-0.0244434469698532,0.994295375284849,-0.0291664428108632,0.100346235661383,-0.0213695645606597,0.994295375284849,-0.0291664428108632,0.100346235661383,-0.0213695645606597,0.994297078034222,-0.0291565534075628,0.100329308775263,-0.0213833067292733,0.994297078034222,-0.0291565534075628,0.100329308775263,-0.0213833067292733,0.9942957039914,-0.029164577325369,0.100342953718837,-0.0213722271337706,0.994295375284849,-0.0291664428108632,0.100346235661383,-0.0213695645606597,0.994297078034222,-0.0291565534075628,0.100329308775263,-0.0213833067292733,0.994297078034222,-0.0291565534075628,0.100329308775263,-0.0213833067292733,0.9942957039914,-0.029164577325369,0.100342953718837,-0.0213722271337706,0.996865408383526,-0.0558496967635427,0.0559903219595102,0.00229189586081549,0.96516515276955,-0.123034765638644,0.117196095769346,0.198956652213487,0.981717571821179,-0.0703106563694822,0.12667983226538,0.123447320244859,0.98969595264078,-0.0562970005319674,0.0178631478669089,0.130435719823398,0.999564106042581,0.00296052963451108,-0.0158422987585999,0.0247356977993749,0.992886643597709,-0.00133598593370044,0.0422462078165028,0.11130851733801,0.997122813937471,-0.00211883198989279,-0.0144588440938739,0.0743810883483828,0.997122813937471,-0.00211883198989279,-0.0144588440938739,0.0743810883483828
44,814,0.994254857793992,-0.0293543346623672,0.100757265866477,-0.0210612004570157,0.994254857793992,-0.0293543346623672,0.100757265866477,-0.0210612004570157,0.998090721110332,-0.0303867833587321,0.0500965198920728,-0.0195421218210904,0.998093303539475,-0.0303877912144102,0.0500450427265036,-0.0195405545793937,0.994254857793992,-0.0293543346623672,0.100757265866477,-0.0210612004570157,0.977175325858166,-0.0268637732809278,0.209339751136345,-0.0241575829352145,0.994254857793992,-0.0293543346623672,0.100757265866477,-0.0210612004570157,0.994254857793992,-0.0293543346623672,0.100757265866477,-0.0210612004570157,0.994256976546635,-0.0293444458276187,0.10073586879517,-0.0210773059354728,0.994256976546635,-0.0293444458276187,0.10073586879517,-0.0210773059354728,0.994255267762322,-0.0293524371333734,0.10075312289744,-0.0210643107558504,0.994254857793992,-0.0293543346623672,0.100757265866477,-0.0210612004570157,0.994256976546635,-0.0293444458276187,0.10073586879517,-0.0210773059354728,0.994256976546635,-0.0293444458276187,0.10073586879517,-0.0210773059354728,0.994255267762322,-0.0293524371333734,0.10075312289744,-0.0210643107558504,0.996885224911964,-0.055872829833941,0.0556075203627274,0.0024246479494531,0.964787701647124,-0.124591136380667,0.118716429274258,0.198917442438323,0.981134632009145,-0.0716499598504542,0.130375134198696,0.123464332940251,0.98961646004911,-0.0569915762605631,0.0167959442995819,0.130878258279553,0.999566879588838,0.00222320499568234,-0.01509781070366,0.0251628039085045,0.992871177556224,-0.0019469644357537,0.0430232038408455,0.111139723046587,0.997120234776653,-0.00232452792844848,-0.0145021594787557,0.0744010842617047,0.997120234776653,-0.00232452792844848,-0.0145021594787557,0.0744010842617047
45,815,0.994198682840014,-0.029605314256052,0.101307717011311,-0.0207183706149235,0.994198682840014,-0.029605314256052,0.101307717011311,-0.0207183706149235,0.998062594065545,-0.0306200151351473,0.0506491146420074,-0.0191869796023311,0.998065204995114,-0.0306210046738526,0.0505976389263717,-0.0191854003320447,0.994198682840014,-0.029605314256052,0.101307717011311,-0.0207183706149235,0.97705903855755,-0.027150885308479,0.20988070340043,-0.0238443901180706,0.994198682840014,-0.029605314256052,0.101307717011311,-0.0207183706149235,0.994198682840014,-0.029605314256052,0.101307717011311,-0.0207183706149235,0.994201609976217,-0.0295922712042422,0.101279125866701,-0.020736317641986,0.994201609976217,-0.0295922712042422,0.101279125866701,-0.020736317641986,0.994199251122356,-0.029602785557069,0.101302171317643,-0.0207218300673213,0.994198682840014,-0.029605314256052,0.101307717011311,-0.0207183706149235,0.994201609976217,-0.0295922712042422,0.101279125866701,-0.020736317641986,0.994201609976217,-0.0295922712042422,0.101279125866701,-0.020736317641986,0.994199251122356,-0.029602785557069,0.101302171317643,-0.0207218300673213,0.996921732856918,-0.0557725520367174,0.0550376994027668,0.00270788502766971,0.964359902744141,-0.126347367336102,0.120464994665787,0.198832858971345,0.98050124114221,-0.0731114704912843,0.134278287642164,0.123455945458603,0.989530814549966,-0.0577567704864159,0.0155598672746738,0.131342350555543,0.999567925680203,0.00155306684099225,-0.0144344872069041,0.0255576899159174,0.992853505934481,-0.00262389528783953,0.0438302997515835,0.110968174495278,0.997117211649303,-0.00253315866601795,-0.0145213481386055,0.0744310404880389,0.997117211649303,-0.00253315866601795,-0.0145213481386055,0.0744310404880389
46,816,0.994129374808729,-0.0299581400244929,0.101953811344022,-0.0203645854636509,0.994129374808729,-0.0299581400244929,0.101953811344022,-0.0203645854636509,0.998026211743148,-0.0309544046941591,0.0512978964362793,-0.0188157201526725,0.998028856134058,-0.0309553750845014,0.0512464225962197,-0.0188141236365474,0.994129374808729,-0.0299581400244929,0.101953811344022,-0.0203645854636509,0.976919193807402,-0.027540430604532,0.210515278010557,-0.0235314933004775,0.994129374808729,-0.0299581400244929,0.101953811344022,-0.0203645854636509,0.994129374808729,-0.0299581400244929,0.101953811344022,-0.0203645854636509,0.994133003861421,-0.0299398471024046,0.101920078839637,-0.0203831724290934,0.994133003861421,-0.0299398471024046,0.101920078839637,-0.0203831724290934,0.994130076935004,-0.0299545865807599,0.101947295287917,-0.0203681579789862,0.994129374808729,-0.0299581400244929,0.101953811344022,-0.0203645854636509,0.994133003861421,-0.0299398471024046,0.101920078839637,-0.0203831724290934,0.994133003861421,-0.0299398471024046,0.101920078839637,-0.0203831724290934,0.994130076935004,-0.0299545865807599,0.101947295287917,-0.0203681579789862,0.996978626997972,-0.0555056326450676,0.0542482004323432,0.0031424200485428,0.963880051447493,-0.128282657512895,0.122452346294333,0.198706389152489,0.979787226733605,-0.0748194755887294,0.138474323587861,0.123466182046681,0.989424212078836,-0.0586863517495418,0.0140668587686746,0.131900584361426,0.999567400945983,0.000967246153962334,-0.013826356401213,0.0259404562341894,0.9928266635766,-0.00330844665573733,0.0446925340674828,0.110846053924848,0.997116776461561,-0.00274206780133628,-0.0145279792789608,0.0744281733025356,0.997116776461561,-0.00274206780133628,-0.0145279792789608,0.0744281733025356
47,817,0.994062915708239,-0.0304388844987703,0.102525095211509,-0.020024953832054,0.994062915708239,-0.0304388844987703,0.102525095211509,-0.020024953832054,0.997988872613509,-0.0314172669672919,0.0518718196529966,-0.0184520947811158,0.997991546604886,-0.0314182186028325,0.0518203477379607,-0.0184504743930882,0.994062915708239,-0.0304388844987703,0.102525095211509,-0.020024953832054,0.976790396657362,-0.0280555664675767,0.211075807548968,-0.0232467127931834,0.994062915708239,-0.0304388844987703,0.102525095211509,-0.020024953832054,0.994062915708239,-0.0304388844987703,0.102525095211509,-0.020024953832054,0.994066437783326,-0.0304139331668231,0.10249484621128,-0.0200428651200279,0.994066437783326,-0.0304139331668231,0.10249484621128,-0.0200428651200279,0.994063590719236,-0.0304340416231018,0.102519317562137,-0.0200283859423827,0.994062915708239,-0.0304388844987703,0.102525095211509,-0.020024953832054,0.994066437783326,-0.0304139331668231,0.10249484621128,-0.0200428651200279,0.994066437783326,-0.0304139331668231,0.10249484621128,-0.0200428651200279,0.994063590719236,-0.0304340416231018,0.102519317562137,-0.0200283859423827,0.997053273218916,-0.0550968966441544,0.0532479492574454,0.00370921063114331,0.96336578545137,-0.130444618616255,0.124633397588222,0.198436592143036,0.979004731010482,-0.0766905912752631,0.142949468733024,0.123425034972211,0.989307387869221,-0.0597285249684132,0.0124782314186431,0.132467691733262,0.999565510107852,0.000468409680444865,-0.0132839266297589,0.0263079624542867,0.99279162058211,-0.00402374804215455,0.0456001239946953,0.110766584515863,0.997116651108783,-0.00294129290369918,-0.0144410834941642,0.0744391562631986,0.997116651108783,-0.00294129290369918,-0.0144410834941642,0.0744391562631986
48,818,0.994007906858606,-0.0309520643316017,0.102944905330447,-0.019814067797652,0.994007906858606,-0.0309520643316017,0.102944905330447,-0.019814067797652,0.997955270659954,-0.0319190658584809,0.0522938829399784,-0.0182154001822501,0.997957966419531,-0.0319200052856949,0.0522424127574211,-0.018213753913973,0.994007906858606,-0.0309520643316016,0.102944905330447,-0.019814067797652,0.976689615783437,-0.0285888022788133,0.211487037077275,-0.0230934612680835,0.994007906858606,-0.0309520643316016,0.102944905330447,-0.019814067797652,0.994007906858606,-0.0309520643316016,0.102944905330447,-0.019814067797652,0.994010846340056,-0.0309251581736886,0.102922403712053,-0.0198255079226518,0.994010846340056,-0.0309251581736886,0.102922403712053,-0.0198255079226518,0.994008466150075,-0.0309468841804637,0.102940649706438,-0.0198162110281706,0.994007906858606,-0.0309520643316016,0.102944905330447,-0.019814067797652,0.994010846340056,-0.0309251581736886,0.102922403712053,-0.0198255079226518,0.994010846340056,-0.0309251581736886,0.102922403712053,-0.0198255079226518,0.994008466150075,-0.0309468841804637,0.102940649706438,-0.0198162110281706,0.997165574082969,-0.0543756475263566,0.051790570626588,0.00467371522923649,0.962913754186884,-0.132813382872559,0.127097926042045,0.197493859457656,0.978139610283673,-0.0787110227054797,0.147728166885085,0.123385033158541,0.989173560728068,-0.0608576447544802,0.0107877362629513,0.133100107354631,0.999557858296448,8.95789112039959e-05,-0.0127949297839794,0.026839703151477,0.992768067027288,-0.00472102455479288,0.0464875516527068,0.110581122075116,0.99712338329037,-0.00313947668369543,-0.0142826191336415,0.074371425779004,0.99712338329037,-0.00313947668369543,-0.0142826191336415,0.074371425779004
49,819,0.993979341302396,-0.0314801540112001,0.103118482622569,-0.019510189878754,0.993979341302396,-0.0314801540112001,0.103118482622569,-0.019510189878754,0.997935563654399,-0.0324310292465395,0.0524686876918421,-0.0178850761162487,0.997938268429656,-0.0324319516364203,0.0524172185254523,-0.0178834034436068,0.993979341302396,-0.0314801540112001,0.103118482622569,-0.019510189878754,0.976642160254329,-0.02914707038785,0.211656427277992,-0.0228494177930123,0.993979341302396,-0.0314801540112001,0.103118482622569,-0.019510189878754,0.993979341302396,-0.0314801540112001,0.103118482622569,-0.019510189878754,0.993980927104024,-0.0314524045513784,0.103108679770766,-0.0195259559891921,0.993980927104024,-0.0314524045513784,0.103108679770766,-0.0195259559891921,0.993979634570627,-0.0314748213764946,0.10311670450282,-0.0195132501301015,0.993979341302396,-0.0314801540112001,0.103118482622569,-0.019510189878754,0.993980927104024,-0.0314524045513784,0.103108679770766,-0.0195259559891921,0.993980927104024,-0.0314524045513784,0.103108679770766,-0.0195259559891921,0.993979634570627,-0.0314748213764946,0.10311670450282,-0.0195132501301015,0.997285708258921,-0.0536425177119932,0.0501241006154875,0.00559204198032301,0.962372982139386,-0.135475058528012,0.129564995886933,0.196717217359835,0.977178983405193,-0.0809069386398332,0.152787709273269,0.123414819070281,0.989010247687176,-0.0620958467509831,0.00903214722704288,0.133870295818372,0.999552379192847,-0.00026882638111872,-0.0123317339372811,0.02725614280115,0.992728391775284,-0.00541675942316304,0.0473824302545277,0.110525581580848,0.997124142156521,-0.00332819898225338,-0.0140481308369802,0.0743977031913264,0.997124142156521,-0.00332819898225338,-0.0140481308369802,0.0743977031913264
50,820,0.993971493660896,-0.0320567481846885,0.103075858698165,-0.0191938020982285,0.993971493660896,-0.0320567481846885,0.103075858698165,-0.0191938020982285,0.997925559899149,-0.0329907986634718,0.0524265176872228,-0.0175397932344926,0.997928262499478,-0.0329917032444463,0.0523750490368384,-0.0175380916918825,0.993971493660896,-0.0320567481846885,0.103075858698165,-0.0191938020982285,0.97663904116472,-0.0297549234646547,0.211613199327674,-0.0225982670303505,0.993971493660896,-0.0320567481846885,0.103075858698165,-0.0191938020982285,0.993971493660896,-0.0320567481846885,0.103075858698165,-0.0191938020982285,0.993971976587022,-0.0320265313635806,0.10307750091897,-0.0192104100114087,0.993971976587022,-0.0320265313635806,0.10307750091897,-0.0192104100114087,0.993971577246779,-0.0320509289863812,0.103076267381976,-0.0191969966208168,0.993971493660896,-0.0320567481846885,0.103075858698165,-0.0191938020982285,0.993971976587022,-0.0320265313635806,0.10307750091897,-0.0192104100114087,0.993971976587022,-0.0320265313635806,0.10307750091897,-0.0192104100114087,0.993971577246779,-0.0320509289863812,0.103076267381976,-0.0191969966208168,0.997419590612602,-0.0529041887928438,0.0480945011763136,0.00649815565851542,0.961798299736639,-0.138420668965796,0.132154394406979,0.195752305390505,0.97610831738428,-0.0832581885188841,0.158213900173987,0.123486795122064,0.988821924187627,-0.0633960052172152,0.00709138356843471,0.134765949139474,0.999544802821521,-0.00063837919923818,-0.0119016671976425,0.0277151572681892,0.992680741465443,-0.00609752370795265,0.0482273162510202,0.110552664804937,0.997125577571563,-0.00352139856945867,-0.0137124740268479,0.0744321863225516,0.997125577571563,-0.00352139856945867,-0.0137124740268479,0.0744321863225516
51,821,0.993965991837141,-0.0327625696960537,0.102971163295727,-0.0188457058144354,0.993965991837141,-0.0327625696960537,0.102971163295727,-0.0188457058144354,0.997914744301208,-0.0336780169118414,0.0523222371991268,-0.0171562751673767,0.997917441523226,-0.0336789017117384,0.0522707691067019,-0.0171545381816031,0.993965991837141,-0.0327625696960537,0.102971163295727,-0.0188457058144354,0.976645070572936,-0.0304947045250156,0.211508532983547,-0.0223297916843174,0.993965991837141,-0.0327625696960537,0.102971163295727,-0.0188457058144354,0.993965991837141,-0.0327625696960537,0.102971163295727,-0.0188457058144354,0.993966307271343,-0.0327257683090982,0.102976481855411,-0.0188639413334548,0.993966307271343,-0.0327257683090982,0.102976481855411,-0.0188639413334548,0.993966050844634,-0.0327554533921372,0.102972214663381,-0.0188492187826631,0.993965991837141,-0.0327625696960537,0.102971163295727,-0.0188457058144354,0.993966307271343,-0.0327257683090982,0.102976481855411,-0.0188639413334548,0.993966307271343,-0.0327257683090982,0.102976481855411,-0.0188639413334548,0.993966050844634,-0.0327554533921372,0.102972214663381,-0.0188492187826631,0.997560971651072,-0.0522754064253339,0.0456748315880751,0.0072937974359128,0.961186939129844,-0.141614673646014,0.134890764296254,0.194600703909072,0.974940051079434,-0.0856258737627497,0.164002536539641,0.12354462575183,0.988624602842245,-0.0646502132705108,0.00513126156227271,0.135703407230148,0.999533159106536,-0.00110080299994335,-0.0114788176196553,0.0282929112202921,0.992621926992533,-0.00673748396440027,0.0490437440413638,0.110684359933392,0.997126072607872,-0.00368014287365747,-0.013330265075953,0.0744872868819545,0.997126072607872,-0.00368014287365747,-0.013330265075953,0.0744872868819545
52,822,0.993948326738303,-0.0336210919794514,0.102933294811094,-0.0184684262342379,0.993948326738303,-0.0336210919794514,0.102933294811094,-0.0184684262342379,0.997895177459146,-0.0345162554284779,0.0522853154367489,-0.0167358508793634,0.997897872776928,-0.0345171185436373,0.0522338483535441,-0.0167340706615188,0.993948326738303,-0.0336210919794514,0.102933294811094,-0.0184684262342379,0.976631671153933,-0.0313894676907781,0.211468953526555,-0.0220490796077707,0.993948326738303,-0.0336210919794514,0.102933294811094,-0.0184684262342379,0.993948326738303,-0.0336210919794514,0.102933294811094,-0.0184684262342379,0.993949248432438,-0.0335763265555281,0.102935456511084,-0.0184882024135346,0.993949248432438,-0.0335763265555281,0.102935456511084,-0.0184882024135346,0.99394850838855,-0.0336124357414287,0.102933684466287,-0.0184722342422168,0.993948326738303,-0.0336210919794514,0.102933294811094,-0.0184684262342379,0.993949248432438,-0.0335763265555281,0.102935456511084,-0.0184882024135346,0.993949248432438,-0.0335763265555281,0.102935456511084,-0.0184882024135346,0.99394850838855,-0.0336124357414287,0.102933684466287,-0.0184722342422168,0.997702981809158,-0.0518324301259381,0.04289580744172,0.00788092509021008,0.96052825759593,-0.14509309675318,0.137834562115575,0.193222910444662,0.973625342296158,-0.0881830824660253,0.170240306473074,0.123675684180165,0.988392152426792,-0.06597953028799,0.00300368615059838,0.136816053420708,0.999515725184193,-0.00165922583517836,-0.0110689891542306,0.0290351435031456,0.992557009535325,-0.00733415749918521,0.0498302491900429,0.110877135703117,0.997128237393298,-0.00382715298857064,-0.0129273672844477,0.0745219046189165,0.997128237393298,-0.00382715298857064,-0.0129273672844477,0.0745219046189165
53,823,0.993913626139931,-0.0345881896436244,0.103017832575993,-0.0180744870437529,0.993913626139931,-0.0345881896436244,0.103017832575993,-0.0180744870437529,0.997864818126583,-0.0354620823306245,0.0523715075254101,-0.0162932704358003,0.997867517889812,-0.0354629226181869,0.0523200420078906,-0.0162914414369817,0.993913626139931,-0.0345881896436244,0.103017832575993,-0.0180744870437529,0.976587896271295,-0.0323939790901205,0.211549169016777,-0.0217637327549056,0.993913626139931,-0.0345881896436244,0.103017832575993,-0.0180744870437529,0.993913626139931,-0.0345881896436244,0.103017832575993,-0.0180744870437529,0.993915435654211,-0.0345375974673957,0.103013716715473,-0.0180951733328254,0.993915435654211,-0.0345375974673957,0.103013716715473,-0.0180951733328254,0.993913980465834,-0.0345784322943001,0.103016991665154,-0.0180784646165584,0.993913626139931,-0.0345881896436244,0.103017832575993,-0.0180744870437529,0.993915435654211,-0.0345375974673957,0.103013716715473,-0.0180951733328254,0.993915435654211,-0.0345375974673957,0.103013716715473,-0.0180951733328254,0.993913980465834,-0.0345784322943001,0.103016991665154,-0.0180784646165584,0.997844230664303,-0.0515713771583814,0.0397500140889497,0.00819882722603908,0.959783378794281,-0.148964814253755,0.141162140099668,0.191568786881004,0.972168516278297,-0.0906543364561342,0.177061251146368,0.123771889302194,0.988160712746025,-0.067127601782689,0.000846454683150791,0.137954972286762,0.999491667044028,-0.00234915478120765,-0.0106639773917434,0.0299527722849348,0.992495977104503,-0.00787328875514975,0.0506059789911034,0.111035046926219,0.997127736926843,-0.00395606466642754,-0.0125772268291781,0.0745817616364511,0.997127736926843,-0.00395606466642754,-0.0125772268291781,0.0745817616364511
54,824,0.993863265907194,-0.0355013458189174,0.103265739244184,-0.0176536178638982,0.993863265907194,-0.0355013458189174,0.103265739244184,-0.0176536178638982,0.99782712221595,-0.0363526688025147,0.0526216532579272,-0.015826536246873,0.997829834880638,-0.0363534850168102,0.0525701896842631,-0.0158246613161693,0.993863265907194,-0.0355013458189174,0.103265739244184,-0.0176536178638982,0.976510614830519,-0.0333478328128429,0.211790045433403,-0.0214456947969886,0.993863265907194,-0.0355013458189174,0.103265739244184,-0.0176536178638982,0.993863265907194,-0.0355013458189174,0.103265739244184,-0.0176536178638982,0.993865902484579,-0.035453159395181,0.103253141033851,-0.0176756961406559,0.993865902484579,-0.035453159395181,0.103253141033851,-0.0176756961406559,0.993863778448281,-0.0354921168747114,0.10326325232854,-0.0176578664280379,0.993863265907194,-0.0355013458189174,0.103265739244184,-0.0176536178638982,0.993865902484579,-0.035453159395181,0.103253141033851,-0.0176756961406559,0.993865902484579,-0.035453159395181,0.103253141033851,-0.0176756961406559,0.993863778448281,-0.0354921168747114,0.10326325232854,-0.0176578664280379,0.997983314757813,-0.0514434794089954,0.0362816061645347,0.00815579213967372,0.958922884389421,-0.153336720831129,0.144975391583585,0.189570271071748,0.970532007372386,-0.0932670959640826,0.184509450977456,0.123794725154798,0.987914353554634,-0.0683420316872857,-0.0011596874593475,0.139115965548816,0.999461343081457,-0.00313671631943177,-0.0102970264059552,0.0310025151195318,0.992442336230762,-0.0084257834557898,0.0513377901516202,0.111137962606532,0.997128012432992,-0.00411326652322625,-0.0122117397819492,0.0746302972755605,0.997128012432992,-0.00411326652322625,-0.0122117397819492,0.0746302972755605
55,825,0.993804993040079,-0.0362766473050134,0.103623544011686,-0.0172569347038913,0.993804993040079,-0.0362766473050134,0.103623544011686,-0.0172569347038913,0.997787109194785,-0.0371068079292031,0.0529819572085384,-0.015390962944921,0.997789840442409,-0.0371076016775538,0.0529304956980895,-0.0153890491196405,0.993804993040079,-0.0362766473050133,0.103623544011686,-0.0172569347038913,0.97641339928991,-0.0341620095269781,0.212139286206155,-0.0211365569605212,0.993804993040079,-0.0362766473050133,0.103623544011686,-0.0172569347038913,0.993804993040079,-0.0362766473050133,0.103623544011686,-0.0172569347038913,0.993808061983547,-0.0362354737594621,0.103605026307014,-0.0172778731867488,0.993808061983547,-0.0362354737594621,0.103605026307014,-0.0172778731867488,0.993805585368386,-0.0362688021628396,0.103619941560824,-0.0172609440994316,0.993804993040079,-0.0362766473050133,0.103623544011686,-0.0172569347038913,0.993808061983547,-0.0362354737594621,0.103605026307014,-0.0172778731867488,0.993808061983547,-0.0362354737594621,0.103605026307014,-0.0172778731867488,0.993805585368386,-0.0362688021628396,0.103619941560824,-0.0172609440994316,0.998125401360493,-0.0512813751029127,0.032485521003322,0.00778425665372612,0.958002986386222,-0.158113411900677,0.149103076249472,0.187079394122257,0.968646157697746,-0.0964474167706922,0.19240105466928,0.124114266455563,0.987565980512996,-0.0700428884688651,-0.00264174068814666,0.140714068644468,0.999425462490621,-0.00395195979872992,-0.0098947470457006,0.0321748491846997,0.992399165192102,-0.0089485569439333,0.0520402340178334,0.111155900869051,0.997127575724963,-0.00427992557760398,-0.0118845751638563,0.0746795610531033,0.997127575724963,-0.00427992557760398,-0.0118845751638563,0.0746795610531033
56,826,0.993741624343413,-0.0368694744053852,0.10407406086235,-0.0169356358016267,0.993741624343413,-0.0368694744053852,0.10407406086235,-0.0169356358016267,0.997746718791111,-0.037682539699636,0.0534351124134528,-0.0150399502898131,0.997749473410526,-0.0376833153435428,0.0533836529855593,-0.0150380067713046,0.993741624343413,-0.0368694744053852,0.10407406086235,-0.0169356358016267,0.976300936834002,-0.0347865366940917,0.212580118623817,-0.0208823075297081,0.993741624343413,-0.0368694744053852,0.10407406086235,-0.0169356358016267,0.993741624343413,-0.0368694744053852,0.10407406086235,-0.0169356358016267,0.993744963773225,-0.0368377750202084,0.104050610969414,-0.0169527479720457,0.993744963773225,-0.0368377750202084,0.104050610969414,-0.0169527479720457,0.993742267283657,-0.0368634678058278,0.104069520017564,-0.0169388889417212,0.993741624343413,-0.0368694744053852,0.10407406086235,-0.0169356358016267,0.993744963773225,-0.0368377750202084,0.104050610969414,-0.0169527479720457,0.993744963773225,-0.0368377750202084,0.104050610969414,-0.0169527479720457,0.993742267283657,-0.0368634678058278,0.104069520017564,-0.0169388889417212,0.998270522888399,-0.0509784807910887,0.0283672036639315,0.00724288510497884,0.95711450780048,-0.162910898237211,0.153133521423454,0.184233500780512,0.966573508928833,-0.0999244879254216,0.200661180723349,0.124442111443663,0.987175776918864,-0.0720189608620757,-0.00363910386258237,0.142421949376006,0.999386377495227,-0.00474383394240928,-0.00944534502467461,0.0333938613199981,0.992363959884848,-0.0094694353774093,0.0526961127380634,0.111118048118178,0.997128165038554,-0.00447925923411428,-0.0116203295152246,0.0747015840897598,0.997128165038554,-0.00447925923411428,-0.0116203295152246,0.0747015840897598
57,827,0.993671876623692,-0.0373422501371485,0.10461044749094,-0.0166856896048406,0.993671876623692,-0.0373422501371485,0.10461044749094,-0.0166856896048406,0.997704321726497,-0.0381420015680626,0.0539743506248662,-0.0147662994442197,0.997707104157488,-0.0381427630976597,0.0539228933829083,-0.0147643322290668,0.993671876623692,-0.0373422501371485,0.10461044749094,-0.0166856896048406,0.976172703472892,-0.0352839025019228,0.213105600845052,-0.0206857948150237,0.993671876623692,-0.0373422501371485,0.10461044749094,-0.0166856896048406,0.993671876623692,-0.0373422501371485,0.10461044749094,-0.0166856896048406,0.99367554619332,-0.0373170269502573,0.104582457263307,-0.0166990427800669,0.99367554619332,-0.0373170269502573,0.104582457263307,-0.0166990427800669,0.993672583436806,-0.0373374624225882,0.104605038521654,-0.0166882216472637,0.993671876623692,-0.0373422501371485,0.10461044749094,-0.0166856896048406,0.99367554619332,-0.0373170269502573,0.104582457263307,-0.0166990427800669,0.99367554619332,-0.0373170269502573,0.104582457263307,-0.0166990427800669,0.993672583436806,-0.0373374624225882,0.104605038521654,-0.0166882216472637,0.998409216731169,-0.0505956247708045,0.0239634050301114,0.00669879986775317,0.956284781930413,-0.167484719798922,0.156964083316264,0.181192055650527,0.96430945745912,-0.103779590954944,0.209158227070352,0.124859532294935,0.986723491600565,-0.0743586306879182,-0.00407980635630472,0.144329138935639,0.999346937514081,-0.00551843353594979,-0.00898470071556161,0.0345618362589184,0.99233411862169,-0.00996678320682942,0.0532974242360281,0.1110542426998,0.997127049585601,-0.00471198533100231,-0.0114235273249117,0.0747325043231765,0.997127049585601,-0.00471198533100231,-0.0114235273249117,0.0747325043231765
58,828,0.993597222669719,-0.037765611973266,0.105192216310785,-0.0165201477878236,0.993597222669719,-0.037765611973266,0.105192216310785,-0.0165201477878236,0.997659331205278,-0.0385564030416677,0.0545591617273498,-0.0145794552413766,0.997662143798295,-0.0385571549341172,0.054507706805026,-0.0145774666534797,0.993597222669719,-0.037765611973266,0.105192216310785,-0.0165201477878236,0.97603460955079,-0.0357228837767952,0.213675651931593,-0.0205677491553259,0.993597222669719,-0.037765611973266,0.105192216310785,-0.0165201477878236,0.993597222669719,-0.037765611973266,0.105192216310785,-0.0165201477878236,0.993601153268709,-0.0377431832680177,0.105161729882215,-0.0165290927781404,0.993601153268709,-0.0377431832680177,0.105161729882215,-0.0165290927781404,0.993597979041636,-0.0377613305824217,0.105186344824987,-0.0165218285725343,0.993597222669719,-0.037765611973266,0.105192216310785,-0.0165201477878236,0.993601153268709,-0.0377431832680177,0.105161729882215,-0.0165290927781404,0.993601153268709,-0.0377431832680177,0.105161729882215,-0.0165290927781404,0.993597979041636,-0.0377613305824217,0.105186344824987,-0.0165218285725343,0.998531117215386,-0.0502409734621331,0.0193060497646506,0.00622326125552706,0.955502813394975,-0.171834877418555,0.160623999615666,0.178008649352511,0.961837893098006,-0.108251268869989,0.21767385045489,0.125569204094668,0.986152484190821,-0.0772462866016626,-0.00416121320542302,0.146693467595475,0.999309307672608,-0.00621686973070646,-0.00849459962406988,0.0356384610620647,0.992307487085534,-0.0104227858099646,0.0538355168938902,0.110990782188068,0.99712540539563,-0.00497335078961625,-0.0112722390124822,0.0747604730066057,0.99712540539563,-0.00497335078961625,-0.0112722390124822,0.0747604730066057
59,829,0.99352389262337,-0.0381925992373043,0.105748401370081,-0.0163974314353747,0.99352389262337,-0.0381925992373043,0.105748401370081,-0.0163974314353747,0.997614362649616,-0.0389766017560867,0.0551183548468388,-0.0144351969064011,0.997617204083398,-0.0389773462077713,0.0550669022430501,-0.0144331866467073,0.99352389262337,-0.0381925992373043,0.105748401370081,-0.0163974314353747,0.975900641210918,-0.0361607653334188,0.214220419404735,-0.0204926680713022,0.99352389262337,-0.0381925992373043,0.105748401370081,-0.0163974314353747,0.99352389262337,-0.0381925992373043,0.105748401370081,-0.0163974314353747,0.99352776909314,-0.038170128953257,0.105719069223129,-0.016404014724907,0.99352776909314,-0.038170128953257,0.105719069223129,-0.016404014724907,0.993524636059031,-0.0381882866492288,0.105742781077836,-0.0163986754492941,0.99352389262337,-0.0381925992373043,0.105748401370081,-0.0163974314353747,0.99352776909314,-0.038170128953257,0.105719069223129,-0.016404014724907,0.99352776909314,-0.038170128953257,0.105719069223129,-0.016404014724907,0.993524636059031,-0.0381882866492288,0.105742781077836,-0.0163986754492941,0.998634782421758,-0.0498473475622527,0.0144734915692818,0.00585929349412622,0.954722880396205,-0.175997703911849,0.164162971501033,0.174870090792229,0.959176427370845,-0.113102950908675,0.226313182415147,0.126375025764508,0.985505032320704,-0.0804373691667737,-0.0041117671795229,0.14930758280395,0.999274656444952,-0.00683791322344655,-0.0079566675979154,0.0366073130714172,0.992281761061218,-0.0108544077533358,0.0543228490099787,0.110941951366518,0.997122921420428,-0.00521193154805827,-0.0112067378530782,0.0747871939186364,0.997122921420428,-0.00521193154805827,-0.0112067378530782,0.0747871939186364
60,830,0.993466889805209,-0.0385999109983013,0.106152220880568,-0.0162877786640869,0.993466889805209,-0.0385999109983013,0.106152220880568,-0.0162877786640869,0.99757795662132,-0.0393778143182183,0.0555245495285264,-0.0143049852291776,0.997580819004872,-0.0393785520536276,0.0554730988018592,-0.01430295427689,0.993466889805209,-0.0385999109983013,0.106152220880568,-0.0162877786640869,0.975799634564582,-0.0365776557204183,0.214615536065639,-0.0204284107283366,0.993466889805209,-0.0385999109983013,0.106152220880568,-0.0162877786640869,0.993466889805209,-0.0385999109983013,0.106152220880568,-0.0162877786640869,0.993469942961175,-0.0385784222517766,0.106130564278394,-0.0162935906181958,0.993469942961175,-0.0385784222517766,0.106130564278394,-0.0162935906181958,0.993467469002282,-0.0385957948219605,0.106148126667632,-0.0162888876604411,0.993466889805209,-0.0385999109983013,0.106152220880568,-0.0162877786640869,0.993469942961175,-0.0385784222517766,0.106130564278394,-0.0162935906181958,0.993469942961175,-0.0385784222517766,0.106130564278394,-0.0162935906181958,0.993467469002282,-0.0385957948219605,0.106148126667632,-0.0162888876604411,0.99872237500325,-0.0492948493290937,0.00960173568237888,0.00560733175181329,0.953924587430576,-0.18000754243923,0.167654752700527,0.171805267839262,0.956273307663646,-0.118477562073993,0.235128919699073,0.127353128961091,0.984747633199837,-0.0840182190243531,-0.00404310971197391,0.152304599546937,0.999243279634733,-0.0074331605050961,-0.00735208439616347,0.0374641573341796,0.992258940337086,-0.0112175915954536,0.0547403719030253,0.110904700729226,0.997118683980216,-0.00546461185343954,-0.0112013203496402,0.0748264558647516,0.997118683980216,-0.00546461185343954,-0.0112013203496402,0.0748264558647516
61,831,0.993440924270421,-0.0389324178013778,0.10628467851888,-0.0162161629558223,0.993440924270421,-0.0389324178013778,0.10628467851888,-0.0162161629558223,0.99755875647275,-0.0397062517322211,0.0556581556258388,-0.0142165632361804,0.997561625747139,-0.0397069849067788,0.0556067058892525,-0.0142145153446632,0.993440924270421,-0.0389324178013778,0.10628467851888,-0.0162161629558223,0.975759279209311,-0.0369160162914097,0.214744340880165,-0.0203937450715457,0.993440924270421,-0.0389324178013778,0.10628467851888,-0.0162161629558223,0.993440924270421,-0.0389324178013778,0.10628467851888,-0.0162161629558223,0.993442378883363,-0.0389147181675923,0.106276973200191,-0.0162200343990841,0.993442378883363,-0.0389147181675923,0.106276973200191,-0.0162200343990841,0.993441190396143,-0.0389290515980923,0.106283313072915,-0.0162168902139588,0.993440924270421,-0.0389324178013778,0.10628467851888,-0.0162161629558223,0.993442378883363,-0.0389147181675923,0.106276973200191,-0.0162200343990841,0.993442378883363,-0.0389147181675923,0.106276973200191,-0.0162200343990841,0.993441190396143,-0.0389290515980923,0.106283313072915,-0.0162168902139588,0.998793730370999,-0.0485705212477537,0.00467133489732778,0.00549247372154475,0.953146401146412,-0.183878347669675,0.17103427576278,0.168665253547416,0.953207657339979,-0.124068789813187,0.243870661650779,0.12856592771311,0.983903711556609,-0.0878018324294302,-0.00335022546811524,0.155605593075813,0.999214474616876,-0.0080276112265565,-0.00669041333507148,0.0382260322754221,0.992234275782561,-0.0115457439021506,0.0551129636746819,0.11090716385787,0.997113578088952,-0.0057115547430496,-0.0112498346257351,0.0748687635396813,0.997113578088952,-0.0057115547430496,-0.0112498346257351,0.0748687635396813
62,832,0.993440043464125,-0.0391727514399112,0.106211228343499,-0.0161725248613385,0.993440043464125,-0.0391727514399112,0.106211228343499,-0.0161725248613385,0.997554143881709,-0.0399440569898327,0.0555848451348629,-0.0141607671740154,0.997557009375074,-0.0399447872863603,0.0555333956362711,-0.0141587070176305,0.993440043464125,-0.0391727514399112,0.106211228343499,-0.0161725248613385,0.975766470241895,-0.0371596886549302,0.214671238259599,-0.020376765072806,0.993440043464125,-0.0391727514399112,0.106211228343499,-0.0161725248613385,0.993440043464125,-0.0391727514399112,0.106211228343499,-0.0161725248613385,0.993440161961385,-0.0391598498442086,0.106214515770936,-0.0161749003663576,0.993440161961385,-0.0391598498442086,0.106214515770936,-0.0161749003663576,0.993440055260733,-0.0391703144543714,0.106211949225792,-0.0161729685201976,0.993440043464125,-0.0391727514399112,0.106211228343499,-0.0161725248613385,0.993440161961385,-0.0391598498442086,0.106214515770936,-0.0161749003663576,0.993440161961385,-0.0391598498442086,0.106214515770936,-0.0161749003663576,0.993440055260733,-0.0391703144543714,0.106211949225792,-0.0161729685201976,0.998839834635073,-0.0478233707521513,-0.00036991521782259,0.00563676492447033,0.952398181741443,-0.187666721514863,0.174241937274825,0.165404511263062,0.949930049068368,-0.130112002614309,0.252528525724325,0.130127292864188,0.982923048389288,-0.0922824071578457,-0.000188076161016005,0.159204908534949,0.999185227423073,-0.00871643983790756,-0.00601723730816932,0.0389448049325186,0.992204946206382,-0.0118133118453262,0.0554286325655075,0.110984039747856,0.997108963005094,-0.0059043450618113,-0.0113007062761913,0.0749076006955109,0.997108963005094,-0.0059043450618113,-0.0113007062761913,0.0749076006955109
63,833,0.993452182838858,-0.0393281047102301,0.106058903144736,-0.0160489768005698,0.993452182838858,-0.0393281047102301,0.106058903144736,-0.0160489768005698,0.997558526018271,-0.0400929304734368,0.0554320998322309,-0.0140294833296246,0.997561383633704,-0.0400936539987272,0.0553806501078311,-0.0140274154951793,0.993452182838858,-0.0393281047102301,0.106058903144736,-0.0160489768005698,0.975795264982224,-0.0373276706258941,0.214521167631139,-0.0202710256792501,0.993452182838858,-0.0393281047102301,0.106058903144736,-0.0160489768005698,0.993452182838858,-0.0393281047102301,0.106058903144736,-0.0160489768005698,0.993451583411819,-0.0393196920308396,0.106066683948746,-0.0160552730050506,0.993451583411819,-0.0393196920308396,0.106066683948746,-0.0160552730050506,0.993452061877024,-0.0393265268200831,0.10606043363908,-0.0160502167228511,0.993452182838858,-0.0393281047102301,0.106058903144736,-0.0160489768005698,0.993451583411819,-0.0393196920308396,0.106066683948746,-0.0160552730050506,0.993451583411819,-0.0393196920308396,0.106066683948746,-0.0160552730050506,0.993452061877024,-0.0393265268200831,0.10606043363908,-0.0160502167228511,0.998857238265461,-0.047096598480457,-0.00557594775368846,0.0059191876903652,0.951693361939083,-0.191413079356139,0.177203397031818,0.16198683271448,0.946326654644362,-0.136750760856336,0.261228104410618,0.132381908057183,0.981719708603829,-0.0964576282206572,-0.000820708940933567,0.164078231748433,0.999154983282333,-0.00949059727708216,-0.00536323924325323,0.0396293276529602,0.992175401166618,-0.0120488102418967,0.0556949345506837,0.111089485357573,0.997104762296468,-0.00603224517223791,-0.011330692744673,0.0749487853524886,0.997104762296468,-0.00603224517223791,-0.011330692744673,0.0749487853524886
64,834,0.993459429151153,-0.0394919241670029,0.105968483595533,-0.0157933859800661,0.993459429151153,-0.0394919241670029,0.105968483595533,-0.0157933859800661,0.997561167616811,-0.0402435484568458,0.0553414288562949,-0.0137658970913326,0.997564020555833,-0.0402442583873251,0.0552899789957737,-0.0137638214890294,0.993459429151153,-0.0394919241670029,0.105968483595533,-0.0157933859800661,0.975812397599645,-0.0375185688911842,0.214432090825289,-0.020034972011089,0.993459429151153,-0.0394919241670029,0.105968483595533,-0.0157933859800661,0.993459429151153,-0.0394919241670029,0.105968483595533,-0.0157933859800661,0.993459039411308,-0.0394833126612934,0.105973393884974,-0.015806480372043,0.993459039411308,-0.0394833126612934,0.105973393884974,-0.015806480372043,0.99345935597916,-0.0394902702134114,0.105969403149397,-0.0157959542954982,0.993459429151153,-0.0394919241670029,0.105968483595533,-0.0157933859800661,0.993459039411308,-0.0394833126612934,0.105973393884974,-0.015806480372043,0.993459039411308,-0.0394833126612934,0.105973393884974,-0.015806480372043,0.99345935597916,-0.0394902702134114,0.105969403149397,-0.0157959542954982,0.998840239339238,-0.0464825889267053,-0.0108829400135231,0.00625354460018527,0.951006674226097,-0.195153080142477,0.179884975745702,0.158565369451501,0.942668776393059,-0.142860728779193,0.269866120945745,0.134679868399057,0.980531019488167,-0.100848588578205,0.00332641581676409,0.168455979297541,0.99911822278342,-0.0104176134339004,-0.00475543034970656,0.0403935157498272,0.992145851602311,-0.0122608807865158,0.0559310895667909,0.111211479490811,0.997099924806244,-0.00615021110028233,-0.0113914915866271,0.0749943249468787,0.997099924806244,-0.00615021110028233,-0.0113914915866271,0.0749943249468787
65,835,0.99344732239675,-0.0397548927745165,0.106041499389322,-0.0154002120271052,0.99344732239675,-0.0397548927745165,0.106041499389322,-0.0154002120271052,0.997552787354601,-0.0404861951391125,0.0554149655875942,-0.0133598665094677,0.997555644086333,-0.04048688412801,0.055363516159192,-0.0133577783930633,0.99344732239675,-0.0397548927745165,0.106041499389322,-0.0154002120271052,0.975792345270932,-0.0378231263491708,0.214503335360224,-0.019673056274198,0.99344732239675,-0.0397548927745165,0.106041499389322,-0.0154002120271052,0.99344732239675,-0.0397548927745165,0.106041499389322,-0.0154002120271052,0.993447913994746,-0.0397413139982935,0.106038094727433,-0.0154205255342672,0.993447913994746,-0.0397413139982935,0.106038094727433,-0.0154205255342672,0.993447443873354,-0.0397522465944536,0.106040778548663,-0.0154041694676261,0.99344732239675,-0.0397548927745165,0.106041499389322,-0.0154002120271052,0.993447913994746,-0.0397413139982935,0.106038094727433,-0.0154205255342672,0.993447913994746,-0.0397413139982935,0.106038094727433,-0.0154205255342672,0.993447443873354,-0.0397522465944536,0.106040778548663,-0.0154041694676261,0.998787561014052,-0.0459962684402854,-0.0162601853572674,0.00658465073625223,0.9502517422542,-0.198938851659341,0.182258480822066,0.155649625157765,0.938840425793937,-0.148626434155128,0.278595671600474,0.137380092192694,0.979257184732547,-0.105104508486173,0.00960518032860671,0.172962854267677,0.999073256523042,-0.0114429204058103,-0.00416327404146652,0.0412838324563835,0.992124896084184,-0.0124515040619008,0.0561348454588585,0.111274569160498,0.997096567992795,-0.00626145642381972,-0.0114464386513839,0.0750213789705639,0.997096567992795,-0.00626145642381972,-0.0114464386513839,0.0750213789705639
66,836,0.993415373762466,-0.0401198576721957,0.106274070778739,-0.0149034919686323,0.993415373762466,-0.0401198576721957,0.106274070778739,-0.0149034919686323,0.997532699871612,-0.0408254438277894,0.0556488601352751,-0.012845239926149,0.997535568666616,-0.0408261062740758,0.0555974117425853,-0.0128431343134842,0.993415373762466,-0.0401198576721957,0.106274070778739,-0.0149034919686323,0.975735048224748,-0.0382404348725211,0.214730991273625,-0.0192194222924831,0.993415373762466,-0.0401198576721957,0.106274070778739,-0.0149034919686323,0.993415373762466,-0.0401198576721957,0.106274070778739,-0.0149034919686323,0.99341701180098,-0.0401009309323548,0.106262273154884,-0.0149293438143494,0.99341701180098,-0.0401009309323548,0.106262273154884,-0.0149293438143494,0.9934156966335,-0.0401161816487811,0.106271738088399,-0.0149084987765439,0.993415373762466,-0.0401198576721957,0.106274070778739,-0.0149034919686323,0.99341701180098,-0.0401009309323548,0.106262273154884,-0.0149293438143494,0.99341701180098,-0.0401009309323548,0.106262273154884,-0.0149293438143494,0.9934156966335,-0.0401161816487811,0.106271738088399,-0.0149084987765439,0.998706141740238,-0.0455330667511864,-0.0216040851721942,0.00678570456416495,0.949468329328441,-0.202721099861527,0.18461204736395,0.152749596533942,0.934931794716761,-0.153890391315264,0.28721622603071,0.140453288296174,0.97787270331774,-0.109299933988444,0.0188572896695619,0.177377854205352,0.999019592940013,-0.0124937606111012,-0.00360543332918453,0.0423173689904222,0.992113641798858,-0.0126347794925478,0.0563215975036113,0.111259883868458,0.997094072938521,-0.0063614117654824,-0.0114793416768826,0.0750411011772238,0.997094072938521,-0.0063614117654824,-0.0114793416768826,0.0750411011772238
67,837,0.993376940483598,-0.0404853564295324,0.106567863545389,-0.0143694289932096,0.993376940483598,-0.0404853564295324,0.106567863545389,-0.0143694289932096,0.997509247548814,-0.0411633278250725,0.0559442265098268,-0.0122932915520124,0.997512131577538,-0.0411639618038568,0.0558927793263111,-0.0122911685135216,0.993376940483598,-0.0404853564295324,0.106567863545389,-0.0143694289932096,0.975664582249485,-0.0386623751336197,0.215018786084194,-0.0187287299047329,0.993376940483598,-0.0404853564295324,0.106567863545389,-0.0143694289932096,0.993376940483598,-0.0404853564295324,0.106567863545389,-0.0143694289932096,0.993378957173773,-0.0404661356877731,0.106552585432385,-0.0143974249266991,0.993378957173773,-0.0404661356877731,0.106552585432385,-0.0143974249266991,0.993377330582801,-0.0404816647848308,0.106564902562801,-0.0143748197282145,0.993376940483598,-0.0404853564295324,0.106567863545389,-0.0143694289932096,0.993378957173773,-0.0404661356877731,0.106552585432385,-0.0143974249266991,0.993378957173773,-0.0404661356877731,0.106552585432385,-0.0143974249266991,0.993377330582801,-0.0404816647848308,0.106564902562801,-0.0143748197282145,0.99860892668266,-0.0448971619154436,-0.0267977593232534,0.00680709166211174,0.948578720065095,-0.206404292023197,0.186629821227259,0.150880714151118,0.931573342835462,-0.158027462421274,0.294380411088482,0.143312949890903,0.976461638440723,-0.113441658704577,0.0318023295989262,0.180671720410512,0.99896183789578,-0.0134561186528337,-0.00306107899111197,0.0434143880999804,0.992104959460806,-0.0128511041072646,0.0565175385763682,0.111213157359031,0.997091372130129,-0.00646553595839432,-0.0115353232835366,0.0750595016315432,0.997091372130129,-0.00646553595839432,-0.0115353232835366,0.0750595016315432
68,838,0.993334207884609,-0.0408340462824727,0.106878048844234,-0.0140290693100918,0.993334207884609,-0.0408340462824727,0.106878048844234,-0.0140290693100918,0.997482334571697,-0.0414942691295486,0.0562561827347982,-0.0119356504184341,0.997485234689777,-0.0414948846623471,0.0562047369389197,-0.0119335103119322,0.993334207884609,-0.0408340462824727,0.106878048844234,-0.0140290693100918,0.975588042684579,-0.0390463351078113,0.215322402107552,-0.0184287231287189,0.993334207884609,-0.0408340462824727,0.106878048844234,-0.0140290693100918,0.993334207884609,-0.0408340462824727,0.106878048844234,-0.0140290693100918,0.993336454289821,-0.04081565111911,0.106861776634583,-0.0140474872183528,0.993336454289821,-0.04081565111911,0.106861776634583,-0.0140474872183528,0.993334640801276,-0.0408305225367531,0.106874917563039,-0.0140325268383345,0.993334207884609,-0.0408340462824727,0.106878048844234,-0.0140290693100918,0.993336454289821,-0.04081565111911,0.106861776634583,-0.0140474872183528,0.993336454289821,-0.04081565111911,0.106861776634583,-0.0140474872183528,0.993334640801276,-0.0408305225367531,0.106874917563039,-0.0140325268383345,0.998505632225855,-0.0438525921821853,-0.0319101635015472,0.0067226510732978,0.947665279167464,-0.209740530332285,0.188582866980795,0.149585864565101,0.92868871958108,-0.161449189363439,0.300136201992736,0.146252116668844,0.974904013092864,-0.117409096150232,0.0458981794758875,0.183495576288406,0.998901120152656,-0.0142851829268042,-0.00247961815507528,0.0445683430286858,0.992108560467947,-0.0130945090722098,0.0567300272238965,0.111044324886745,0.997085543238918,-0.00659255077146738,-0.0115651752675466,0.0751212650273534,0.997085543238918,-0.00659255077146738,-0.0115651752675466,0.0751212650273534
69,839,0.993291193359614,-0.0410952183030597,0.107229989409028,-0.0136204845067284,0.993291193359614,-0.0410952183030597,0.107229989409028,-0.0136204845067284,0.997457262140748,-0.0417343383283634,0.0566098545936095,-0.0115143202086729,0.99746018049969,-0.0417349321304964,0.0565584100903856,-0.0115121677210254,0.993291193359614,-0.0410952183030597,0.107229989409028,-0.0136204845067284,0.975506637214723,-0.0393507993103516,0.215667489864487,-0.0180512924526359,0.993291193359614,-0.0410952183030597,0.107229989409028,-0.0136204845067284,0.993291193359614,-0.0410952183030597,0.107229989409028,-0.0136204845067284,0.993293465798151,-0.0410812403315051,0.107211579782981,-0.0136418347725087,0.993293465798151,-0.0410812403315051,0.107211579782981,-0.0136418347725087,0.993291629642485,-0.041092571420054,0.107226438885578,-0.0136246049550951,0.993291193359614,-0.0410952183030597,0.107229989409028,-0.0136204845067284,0.993293465798151,-0.0410812403315051,0.107211579782981,-0.0136418347725087,0.993293465798151,-0.0410812403315051,0.107211579782981,-0.0136418347725087,0.993291629642485,-0.041092571420054,0.107226438885578,-0.0136246049550951,0.998407754731112,-0.042480578875257,-0.0365346476267937,0.00652497003744432,0.946548186731689,-0.21315891894937,0.190260244472828,0.149702521155881,0.926345069027631,-0.164296716593096,0.304290171902664,0.149328139640081,0.973200280770234,-0.121149018318244,0.0599075048478713,0.186051658772947,0.998847837105177,-0.0149916558104332,-0.0019330108112317,0.045546811475386,0.99208741360535,-0.0133762807479482,0.056983006540661,0.111070139302991,0.997083758061774,-0.00670466260264713,-0.0116064532524521,0.0751286706370726,0.997083758061774,-0.00670466260264713,-0.0116064532524521,0.0751286706370726
70,840,0.993224363711828,-0.0413871982207593,0.107776767703369,-0.0132902782546078,0.993224363711828,-0.0413871982207593,0.107776767703369,-0.0132902782546078,0.997418307507687,-0.0420091590067582,0.0571593227378623,-0.0111697015266401,0.997421254205814,-0.0420097350346203,0.057107880243015,-0.0111675348654174,0.993224363711827,-0.0413871982207593,0.107776767703369,-0.0132902782546078,0.975380163031795,-0.03967727729877,0.216203621365183,-0.0177551496418879,0.993224363711827,-0.0413871982207593,0.107776767703369,-0.0132902782546078,0.993224363711827,-0.0413871982207593,0.107776767703369,-0.0132902782546078,0.99322783158793,-0.041371900857101,0.107748509690665,-0.0133078562529794,0.99322783158793,-0.041371900857101,0.107748509690665,-0.0133078562529794,0.993225038858752,-0.0413842520561593,0.107771264684658,-0.0132936215551805,0.993224363711827,-0.0413871982207593,0.107776767703369,-0.0132902782546078,0.99322783158793,-0.041371900857101,0.107748509690665,-0.0133078562529794,0.99322783158793,-0.041371900857101,0.107748509690665,-0.0133078562529794,0.993225038858752,-0.0413842520561593,0.107771264684658,-0.0132936215551805,0.998319506257674,-0.0406456342725777,-0.0407840069452347,0.0065391603058732,0.945298005707011,-0.216391792444347,0.191811220007078,0.150979231844867,0.924816000876406,-0.165344634995761,0.307362433041686,0.151343486664559,0.971857884286909,-0.123425006462819,0.0724469010497115,0.187109505523691,0.99880507272278,-0.015549406862998,-0.00145344083533828,0.0463090721046033,0.992056728877695,-0.0136908089905911,0.0572739066461192,0.111156232641997,0.997081698819119,-0.00680707022026261,-0.0116165184563392,0.0751452338738137,0.997081698819119,-0.00680707022026261,-0.0116165184563392,0.0751452338738137
71,841,0.993128942023984,-0.0417016618729363,0.108564840498096,-0.0130211873107045,0.993128942023984,-0.0417016618729363,0.108564840498096,-0.0130211873107045,0.997363060978623,-0.0423095403978927,0.057951226677318,-0.0108849764935091,0.997366048519722,-0.0423101017404991,0.0578997870307888,-0.0108827943403234,0.993128942023984,-0.0417016618729363,0.108564840498096,-0.0130211873107045,0.97519877009613,-0.0400193911612216,0.216976447756548,-0.0175222216921915,0.993128942023984,-0.0417016618729363,0.108564840498096,-0.0130211873107045,0.993128942023984,-0.0417016618729363,0.108564840498096,-0.0130211873107045,0.993133906954941,-0.0416851746785528,0.108524026187576,-0.0130355210280369,0.993133906954941,-0.0416851746785528,0.108524026187576,-0.0130355210280369,0.993129906993913,-0.0416984879423596,0.108556905176308,-0.0130239117059829,0.993128942023984,-0.0417016618729363,0.108564840498096,-0.0130211873107045,0.993133906954941,-0.0416851746785528,0.108524026187576,-0.0130355210280369,0.993133906954941,-0.0416851746785528,0.108524026187576,-0.0130355210280369,0.993129906993913,-0.0416984879423596,0.108556905176308,-0.0130239117059829,0.998232141679124,-0.0384454152451362,-0.0447847238154364,0.00699069940092187,0.943934076217369,-0.219365929184189,0.19322480702445,0.153398900971237,0.923656142176756,-0.165267523321584,0.309784021707138,0.153557274817102,0.970696702106564,-0.124309773447654,0.0827932461335744,0.188255866148968,0.998767489510574,-0.0159572599594461,-0.000996438462676874,0.0469880289193217,0.992014161997962,-0.0140562836825551,0.0576377113795236,0.111302369747675,0.99708007132281,-0.00694603477677501,-0.011657303074926,0.0751477960874469,0.99708007132281,-0.00694603477677501,-0.011657303074926,0.0751477960874469
72,842,0.993020804151479,-0.0420080720661086,0.109464526422073,-0.0127484061290408,0.993020804151479,-0.0420080720661086,0.109464526422073,-0.0127484061290408,0.997300787158511,-0.0426016911903193,0.0588552457770059,-0.0105969752885911,0.997303821324994,-0.0426022376787105,0.0588038093410821,-0.0105947780679444,0.993020804151479,-0.0420080720661086,0.109464526422073,-0.0127484061290408,0.974992480216643,-0.0403539055512616,0.217858815620249,-0.0172847413721524,0.993020804151479,-0.0420080720661086,0.109464526422073,-0.0127484061290408,0.993020804151479,-0.0420080720661086,0.109464526422073,-0.0127484061290408,0.993026484858718,-0.0419919282753498,0.109417504220117,-0.0127627622047948,0.993026484858718,-0.0419919282753498,0.109417504220117,-0.0127627622047948,0.993021900132039,-0.0420049764338354,0.109455450753964,-0.0127511612488459,0.993020804151479,-0.0420080720661086,0.109464526422073,-0.0127484061290408,0.993026484858718,-0.0419919282753498,0.109417504220117,-0.0127627622047948,0.993026484858718,-0.0419919282753498,0.109417504220117,-0.0127627622047948,0.993021900132039,-0.0420049764338354,0.109455450753964,-0.0127511612488459,0.998141630507156,-0.0358584577220982,-0.0486002265872928,0.00809162739950093,0.942583017272762,-0.221778937971334,0.194265302955427,0.156883237756365,0.923175286667532,-0.165847497258151,0.308594723508835,0.158149594884191,0.968891219936499,-0.126106826510931,0.0934511488486685,0.191347210630748,0.99873108773553,-0.0162806819452985,-0.000549104341994641,0.0476534602145838,0.991964661486904,-0.0144171846837736,0.0580424797890381,0.111486885717132,0.997078546570366,-0.00709797644523946,-0.0116432930341991,0.0751560006042842,0.997078546570366,-0.00709797644523946,-0.0116432930341991,0.0751560006042842
73,843,0.992921624741747,-0.0422310478515075,0.110315171617406,-0.01239954146714,0.992921624741747,-0.0422310478515075,0.110315171617406,-0.01239954146714,0.997244967850744,-0.0428066486429996,0.0597098322316958,-0.0102372292729242,0.997248046093085,-0.042807176577012,0.0596583986735481,-0.0102350214819583,0.992921624741747,-0.0422310478515074,0.110315171617406,-0.01239954146714,0.974800480406607,-0.040613845922154,0.218693423238597,-0.0169624747794411,0.992921624741747,-0.0422310478515074,0.110315171617406,-0.01239954146714,0.992921624741747,-0.0422310478515074,0.110315171617406,-0.01239954146714,0.992926891469731,-0.0422190928796152,0.110270290875505,-0.0124177028032894,0.992926891469731,-0.0422190928796152,0.110270290875505,-0.0124177028032894,0.992922632036836,-0.0422287873301223,0.110306574911964,-0.0124030577222065,0.992921624741747,-0.0422310478515074,0.110315171617406,-0.01239954146714,0.992926891469731,-0.0422190928796152,0.110270290875505,-0.0124177028032894,0.992926891469731,-0.0422190928796152,0.110270290875505,-0.0124177028032894,0.992922632036836,-0.0422287873301223,0.110306574911964,-0.0124030577222065,0.998040436599853,-0.0329477735139317,-0.05225022991474,0.00998221447907898,0.941446079385949,-0.223238729231258,0.194591835155736,0.161176198834569,0.923172421488647,-0.169496915667926,0.303849133486198,0.163398836781464,0.966262924251244,-0.131652530169842,0.104439345722577,0.195181955063357,0.998690349728168,-0.016562195742421,-0.000122312769780699,0.0484072729205515,0.991901637190148,-0.0148051029442101,0.0584883096390933,0.111763449758306,0.99707694583671,-0.00723066818938264,-0.0116219811633698,0.0751678859108921,0.99707694583671,-0.00723066818938264,-0.0116219811633698,0.0751678859108921
74,844,0.992839617081447,-0.0423478018083731,0.111059614129007,-0.011913040966958,0.992839617081447,-0.0423478018083731,0.111059614129007,-0.011913040966958,0.997200900613347,-0.0428985265373915,0.0604574805367254,-0.00974542374668118,0.997204017416135,-0.0428990291061309,0.0604060492503762,-0.00974321121771453,0.992839617081447,-0.0423478018083731,0.111059614129007,-0.011913040966958,0.974637211963417,-0.0407833225486073,0.219424356426299,-0.0164917392951114,0.992839617081447,-0.0423478018083731,0.111059614129007,-0.011913040966958,0.992839617081447,-0.0423478018083731,0.111059614129007,-0.011913040966958,0.99284400206821,-0.0423413672680631,0.111020150339319,-0.0119382743177362,0.99284400206821,-0.0423413672680631,0.111020150339319,-0.0119382743177362,0.99284045130155,-0.0423466118370434,0.111052084191118,-0.0119179411840278,0.992839617081447,-0.0423478018083731,0.111059614129007,-0.011913040966958,0.99284400206821,-0.0423413672680631,0.111020150339319,-0.0119382743177362,0.99284400206821,-0.0423413672680631,0.111020150339319,-0.0119382743177362,0.99284045130155,-0.0423466118370434,0.111052084191118,-0.0119179411840278,0.997915750402224,-0.0298959709250565,-0.0557503390965046,0.0127391409537378,0.94065749586971,-0.223587383917923,0.193981615055641,0.165961713166836,0.926220460611908,-0.168739984768427,0.294764228577633,0.163574219959164,0.964864869516916,-0.135401631161589,0.117499258198535,0.192083591630517,0.998641681926058,-0.0168348970404719,0.000276837887076802,0.0493082216502973,0.991832406986557,-0.0151809413971858,0.0589298744398468,0.112094983688172,0.997074995578941,-0.00736538140313026,-0.0115846706814365,0.0751864333057878,0.997074995578941,-0.00736538140313026,-0.0115846706814365,0.0751864333057878
75,845,0.992766218656558,-0.0424279364182336,0.111752206499496,-0.0112494287919026,0.992766218656558,-0.0424279364182336,0.111752206499496,-0.0112494287919026,0.997162796330816,-0.0429448311462897,0.0611529081635061,-0.00907859651435334,0.997165949000732,-0.0429452993229721,0.0611014788414821,-0.00907638159808694,0.992766218656558,-0.0424279364182336,0.111752206499496,-0.0112494287919026,0.974488195012548,-0.0409358522494061,0.220104698596674,-0.0158409418112861,0.992766218656558,-0.0424279364182336,0.111752206499496,-0.0112494287919026,0.992766218656558,-0.0424279364182336,0.111752206499496,-0.0112494287919026,0.992770131970911,-0.0424236089917943,0.111715606402961,-0.0112838713476327,0.992770131970911,-0.0424236089917943,0.111715606402961,-0.0112838713476327,0.992766965647699,-0.0424271233716433,0.11174520580038,-0.0112561139697375,0.992766218656558,-0.0424279364182336,0.111752206499496,-0.0112494287919026,0.992770131970911,-0.0424236089917943,0.111715606402961,-0.0112838713476327,0.992770131970911,-0.0424236089917943,0.111715606402961,-0.0112838713476327,0.992766965647699,-0.0424271233716433,0.11174520580038,-0.0112561139697375,0.997747526733464,-0.0269800499793023,-0.0591799114389311,0.0164221765442294,0.94028175580811,-0.222905840962679,0.192343488292228,0.17084258330614,0.931712942466852,-0.161068993225079,0.285124304490641,0.157072923350748,0.966152706018803,-0.132708506769133,0.126229255024552,0.181668863759307,0.998581582796639,-0.0170673134068447,0.000644429630006785,0.0504292972673966,0.991757854194738,-0.0155115971121933,0.0593542570359426,0.112484759722328,0.997072158930362,-0.00748043496761702,-0.0115469253112337,0.0752184917058321,0.997072158930362,-0.00748043496761702,-0.0115469253112337,0.0752184917058321
76,846,0.992691187536878,-0.0425668826926838,0.112438781900542,-0.010477929622405,0.992691187536878,-0.0425668826926838,0.112438781900542,-0.010477929622405,0.997122755665875,-0.0430443883285684,0.0618424095742314,-0.00830103275286755,0.997125943897273,-0.0430448164018234,0.0617909823164106,-0.0082988127029168,0.992691187536878,-0.0425668826926838,0.112438781900542,-0.010477929622405,0.974338216043794,-0.041158686335384,0.220778880885949,-0.015089368790319,0.992691187536878,-0.0425668826926838,0.112438781900542,-0.010477929622405,0.992691187536878,-0.0425668826926838,0.112438781900542,-0.010477929622405,0.992695163034201,-0.042559720218644,0.112402626321049,-0.0105182270151438,0.992695163034201,-0.042559720218644,0.112402626321049,-0.0105182270151438,0.992691950781775,-0.0425654853334972,0.112431846757104,-0.0104857115249894,0.992691187536878,-0.0425668826926838,0.112438781900542,-0.010477929622405,0.992695163034201,-0.042559720218644,0.112402626321049,-0.0105182270151438,0.992695163034201,-0.042559720218644,0.112402626321049,-0.0105182270151438,0.992691950781775,-0.0425654853334972,0.112431846757104,-0.0104857115249894,0.997519519387704,-0.0243504870811357,-0.0626223301802936,0.0209834692609745,0.940362566815645,-0.221224260755974,0.189553451880626,0.17563472966644,0.935826447472853,-0.158493216672088,0.273617259649734,0.155699568724659,0.966328273709388,-0.133280569083159,0.129796810429701,0.177760359295821,0.998507809663162,-0.0173426941856901,0.000956048406764982,0.0517732650264588,0.991682525151667,-0.0157971319583298,0.0597423582180466,0.112902925406078,0.997070970010275,-0.00756532879192107,-0.0114729185456514,0.0752370832973089,0.997070970010275,-0.00756532879192107,-0.0114729185456514,0.0752370832973089
77,847,0.992617407715904,-0.0427918267433991,0.11307606562293,-0.00966151367850715,0.992617407715904,-0.0427918267433991,0.11307606562293,-0.00966151367850715,0.997081459555261,-0.04322754936858,0.0624826194117474,-0.00747423963919002,0.997084680805902,-0.0432279347992644,0.0624311942829456,-0.00747201014370367,0.992617407715904,-0.0427918267433991,0.11307606562293,-0.00966151367850715,0.974194894159795,-0.0414719309021087,0.221404207074727,-0.014302595213729,0.992617407715904,-0.0427918267433991,0.11307606562293,-0.00966151367850715,0.992617407715904,-0.0427918267433991,0.11307606562293,-0.00966151367850715,0.992621324889609,-0.0427802226824924,0.113042397000811,-0.00970434964045133,0.992621324889609,-0.0427802226824924,0.113042397000811,-0.00970434964045133,0.992618158802622,-0.0427895635726929,0.113069624077341,-0.00966975571360417,0.992617407715904,-0.0427918267433991,0.11307606562293,-0.00966151367850715,0.992621324889609,-0.0427802226824924,0.113042397000811,-0.00970434964045133,0.992621324889609,-0.0427802226824924,0.113042397000811,-0.00970434964045133,0.992618158802622,-0.0427895635726929,0.113069624077341,-0.00966975571360417,0.99723175919576,-0.02190026191561,-0.0660825628131367,0.0261207172835082,0.940884905396263,-0.218555566121426,0.185562396499842,0.180376429502423,0.938745055716903,-0.15944538204,0.261147637128659,0.158545899143771,0.965728218239063,-0.13614221776105,0.129650979586031,0.178955102001287,0.998420444315253,-0.0177432120756659,0.00127189247561978,0.0532933118515066,0.991607612210086,-0.016027411910344,0.0600903211592982,0.113342925572973,0.997068337030219,-0.00758688559908625,-0.0114301465167001,0.0752763057628959,0.997068337030219,-0.00758688559908625,-0.0114301465167001,0.0752763057628959
78,848,0.992542737924955,-0.0430253267873986,0.113708304467761,-0.00884059626600004,0.992542737924955,-0.0430253267873986,0.113708304467762,-0.00884059626600004,0.997039018231389,-0.0434190265689934,0.0631178361217149,-0.00664251603700776,0.997042272243751,-0.0434193691028033,0.0630664131810038,-0.00664027666708166,0.992542737924955,-0.0430253267873986,0.113708304467762,-0.00884059626600004,0.974051241732165,-0.0417941740727045,0.222024421162466,-0.0135122870411093,0.992542737924955,-0.0430253267873986,0.113708304467762,-0.00884059626600004,0.992542737924955,-0.0430253267873986,0.113708304467762,-0.00884059626600004,0.992546696875779,-0.0430130728627898,0.11367501247872,-0.00888378420740238,0.992546696875779,-0.0430130728627898,0.11367501247872,-0.00888378420740238,0.992543497816799,-0.0430229694011438,0.113701918313677,-0.00884888791269229,0.992542737924955,-0.0430253267873986,0.113708304467762,-0.00884059626600004,0.992546696875779,-0.0430130728627898,0.11367501247872,-0.00888378420740238,0.992546696875779,-0.0430130728627898,0.11367501247872,-0.00888378420740238,0.992543497816799,-0.0430229694011438,0.113701918313677,-0.00884888791269229,0.996893894167404,-0.0195718903482187,-0.0695021559271268,0.0314476581230962,0.941789802282788,-0.214945245807047,0.180468095193911,0.185099368551533,0.942777640040641,-0.155906419877561,0.248420022354923,0.158590674926185,0.966556112322712,-0.13469357232965,0.127716356818629,0.176961734580271,0.998326332320642,-0.018247114044683,0.00156887219971466,0.0548554068827845,0.991533522433419,-0.0162267443217959,0.0604140131064257,0.113789778450742,0.997065700221943,-0.00760844237712179,-0.0113873744438631,0.0753155279394613,0.997065700221943,-0.00760844237712179,-0.0113873744438631,0.0753155279394613
79,849,0.9925007780985,-0.0431372579242733,0.114090902934361,-0.0080404179162843,0.9925007780985,-0.0431372579242733,0.114090902934361,-0.0080404179162843,0.997016557247822,-0.0434901459771284,0.0635020726607081,-0.00583768313475885,0.997019831077433,-0.0434904470011271,0.0634506508779239,-0.00583544009787911,0.9925007780985,-0.0431372579242733,0.114090902934361,-0.0080404179162843,0.973967517641571,-0.0419933060616917,0.222400097206864,-0.0127292414346994,0.9925007780985,-0.0431372579242733,0.114090902934361,-0.0080404179162843,0.9925007780985,-0.0431372579242733,0.114090902934361,-0.0080404179162843,0.992503095293951,-0.0431310495941325,0.114070110851929,-0.00808258640936243,0.992503095293951,-0.0431310495941325,0.114070110851929,-0.00808258640936243,0.992501209323417,-0.0431361152139415,0.114087013550616,-0.00804850264998182,0.9925007780985,-0.0431372579242733,0.114090902934361,-0.0080404179162843,0.992503095293951,-0.0431310495941325,0.114070110851929,-0.00808258640936243,0.992503095293951,-0.0431310495941325,0.114070110851929,-0.00808258640936243,0.992501209323417,-0.0431361152139415,0.114087013550616,-0.00804850264998182,0.9965244120307,-0.0172069116806034,-0.0727928204425006,0.0366636565185389,0.943020771579055,-0.210294207868747,0.174467248145068,0.189866663298187,0.947268865989765,-0.149841691570042,0.235057529429298,0.158041516230675,0.968142602753469,-0.130494683431693,0.123572842278054,0.174358226020811,0.998235199847671,-0.0187942099079595,0.00187368916436254,0.0563005572612963,0.99147667970275,-0.0163719891180394,0.060672300124603,0.114126349172836,0.997063406418513,-0.00762528799369164,-0.0113841020466135,0.0753446798700409,0.997063406418513,-0.00762528799369164,-0.0113841020466135,0.0753446798700409
80,850,0.992488672051395,-0.0431237966975548,0.114256386229095,-0.00721472202607209,0.992488672051396,-0.0431237966975548,0.114256386229095,-0.00721472202607209,0.997012877123416,-0.0434347382004196,0.0636679573613196,-0.00501373842422405,0.99701615950863,-0.0434349967290731,0.0636165357681193,-0.0050114982461279,0.992488672051395,-0.0431237966975548,0.114256386229095,-0.00721472202607209,0.973937310967061,-0.0420706065742062,0.222563250000366,-0.0119070616864064,0.992488672051395,-0.0431237966975548,0.114256386229095,-0.00721472202607209,0.992488672051395,-0.0431237966975548,0.114256386229095,-0.00721472202607209,0.992489411791528,-0.0431241601496445,0.114247074597726,-0.00725811538597126,0.992489411791528,-0.0431241601496445,0.114247074597726,-0.00725811538597126,0.992488800981927,-0.0431239200373204,0.114254692911683,-0.00722305985918022,0.992488672051395,-0.0431237966975548,0.114256386229095,-0.00721472202607209,0.992489411791528,-0.0431241601496445,0.114247074597726,-0.00725811538597126,0.992489411791528,-0.0431241601496445,0.114247074597726,-0.00725811538597126,0.992488800981927,-0.0431239200373204,0.114254692911683,-0.00722305985918022,0.996140269734288,-0.0147925512117495,-0.0758591409394659,0.0416069006088479,0.944532011677118,-0.204655398537176,0.1676858748096,0.194568481918593,0.951020610246531,-0.145563484245033,0.220578482705285,0.160362726056267,0.969188362759011,-0.127530777450756,0.117341321105381,0.175045230316501,0.998153092984699,-0.0193387412272011,0.00221561152628026,0.0575456959154305,0.991434331824751,-0.0165055023840755,0.0609099144657748,0.114348224253948,0.997062290973605,-0.00763739200277158,-0.0113589230664628,0.075362013167343,0.997062290973605,-0.00763739200277158,-0.0113589230664628,0.075362013167343
81,851,0.992495551787368,-0.0430417635428316,0.114277910334583,-0.00636753350766397,0.992495551787368,-0.0430417635428316,0.114277910334583,-0.00636753350766397,0.997020841877993,-0.0433097548016328,0.0636891040057015,-0.00417181385858643,0.997024125353847,-0.0433099699077122,0.0636376820016864,-0.00416958012770022,0.992495551787368,-0.0430417635428315,0.114277910334583,-0.00636753350766397,0.973941785249074,-0.0420821103212377,0.222585399462765,-0.0110559885473633,0.992495551787368,-0.0430417635428315,0.114277910334583,-0.00636753350766397,0.992495551787368,-0.0430417635428315,0.114277910334583,-0.00636753350766397,0.992495263666494,-0.0430458841924485,0.114276370721295,-0.00641206272862982,0.992495263666494,-0.0430458841924485,0.114276370721295,-0.00641206272862982,0.99249548791118,-0.0430425852653819,0.114277678578506,-0.00637608879553407,0.992495551787368,-0.0430417635428315,0.114277910334583,-0.00636753350766397,0.992495263666494,-0.0430458841924485,0.114276370721295,-0.00641206272862982,0.992495263666494,-0.0430458841924485,0.114276370721295,-0.00641206272862982,0.99249548791118,-0.0430425852653819,0.114277678578506,-0.00637608879553407,0.99575281230112,-0.0123211383327603,-0.078628914066363,0.0462819642770374,0.946233904424555,-0.198043612133897,0.160253449143179,0.199346326397393,0.954556083908025,-0.141116464054662,0.205452447692505,0.163395587406896,0.970245801710415,-0.124183921749413,0.109595209074023,0.176607836718168,0.998084417072027,-0.0198450622227227,0.00254107137829641,0.0585424022364933,0.991405603607384,-0.0166463524910109,0.0611264442355596,0.114461285593603,0.997061316302093,-0.00767948215687676,-0.0113643027479535,0.075369819628247,0.997061316302093,-0.00767948215687676,-0.0113643027479535,0.075369819628247
82,852,0.992502092913528,-0.0429660071530014,0.114293760241151,-0.00551852892839257,0.992502092913528,-0.0429660071530014,0.114293760241151,-0.00551852892839257,0.997028180083254,-0.0431909477594906,0.0637046009929315,-0.00332775657797016,0.997031464358364,-0.0431911193329917,0.0636531786104236,-0.00332552897574761,0.992502092913528,-0.0429660071530014,0.114293760241151,-0.00551852892839257,0.973946546126429,-0.0421000523111527,0.22260187186139,-0.0102037996650011,0.992502092913528,-0.0429660071530014,0.114293760241151,-0.00551852892839257,0.992502092913528,-0.0429660071530014,0.114293760241151,-0.00551852892839257,0.992501770429645,-0.0429700018270995,0.114292892950554,-0.00556320572990925,0.992501770429645,-0.0429700018270995,0.114292892950554,-0.00556320572990925,0.992502030506772,-0.0429667730919394,0.114293599844054,-0.0055271045483812,0.992502092913528,-0.0429660071530014,0.114293760241151,-0.00551852892839257,0.992501770429645,-0.0429700018270995,0.114292892950554,-0.00556320572990925,0.992501770429645,-0.0429700018270995,0.114292892950554,-0.00556320572990925,0.992502030506772,-0.0429667730919394,0.114293599844054,-0.0055271045483812,0.995366223299719,-0.00983623841329008,-0.0811156899030651,0.0506909733530638,0.948026284135087,-0.190525710379162,0.15223378827578,0.20437952926049,0.958148501947209,-0.135305099403059,0.190136246085944,0.165807678399389,0.971642044384406,-0.119363390742232,0.100558845676675,0.177628930895797,0.99802782458036,-0.0202766824069104,0.00285643197185512,0.0593393487523467,0.991380269363611,-0.0167833180003887,0.0613179100785727,0.114558263154734,0.997060627420868,-0.00772813777131061,-0.011369848064345,0.0753731231188536,0.997060627420868,-0.00772813777131061,-0.011369848064345,0.0753731231188536
83,853,0.9924902933714,-0.042993245214204,0.114423351934548,-0.00467920522813564,0.9924902933714,-0.042993245214204,0.114423351934548,-0.00467920522813564,0.9970229819661,-0.043175494075393,0.0638346248975416,-0.00248813322822405,0.997026272947274,-0.0431756223448609,0.0637832027829567,-0.0024859064241508,0.9924902933714,-0.042993245214204,0.114423351934548,-0.00467920522813564,0.973920585822531,-0.0422193025741524,0.222729383816961,-0.00937254425264844,0.9924902933714,-0.042993245214204,0.114423351934548,-0.00467920522813564,0.9924902933714,-0.042993245214204,0.114423351934548,-0.00467920522813564,0.992490886061633,-0.0429920838606966,0.114416831156212,-0.00472340534790694,0.992490886061633,-0.0429920838606966,0.114416831156212,-0.00472340534790694,0.992490414361593,-0.0429929806497111,0.114422054830695,-0.00468768423944029,0.9924902933714,-0.042993245214204,0.114423351934548,-0.00467920522813564,0.992490886061633,-0.0429920838606966,0.114416831156212,-0.00472340534790694,0.992490886061633,-0.0429920838606966,0.114416831156212,-0.00472340534790694,0.992490414361593,-0.0429929806497111,0.114422054830695,-0.00468768423944029,0.994987606403308,-0.00741618425519725,-0.0833197674170223,0.0547948872841529,0.949819034001585,-0.182154225471557,0.143675354975738,0.209811899480819,0.961475101986936,-0.129252902996671,0.174791714440169,0.168247353290363,0.973021873288258,-0.114153920567157,0.090636357386698,0.178836146350301,0.997980154485143,-0.0205907637110064,0.00315976166798693,0.0600137285111361,0.991352805210374,-0.0169540595179935,0.0615006571042902,0.114672772021623,0.997057569066285,-0.00781414287569621,-0.0114107179320609,0.075398532180845,0.997057569066285,-0.00781414287569621,-0.0114107179320609,0.075398532180845
84,854,0.992459925364508,-0.0431291271480376,0.11466405370359,-0.00391531929517958,0.992459925364508,-0.0431291271480376,0.11466405370359,-0.00391531929517958,0.997004886274243,-0.043272377800967,0.0640765589864971,-0.00171832860221209,0.997008189733329,-0.0432724663671929,0.064025137804886,-0.00171609680232922,0.992459925364508,-0.0431291271480376,0.11466405370359,-0.00391531929517958,0.973863966940952,-0.0424382547474931,0.222965294519795,-0.00862820188229734,0.992459925364508,-0.0431291271480376,0.11466405370359,-0.00391531929517958,0.992459925364508,-0.0431291271480376,0.11466405370359,-0.00391531929517958,0.992461490697348,-0.0431222757345413,0.114651694573217,-0.00395572367098639,0.992461490697348,-0.0431222757345413,0.114651694573217,-0.00395572367098639,0.99246023356849,-0.0431277658269161,0.11466163409747,-0.00392304295856432,0.992459925364508,-0.0431291271480376,0.11466405370359,-0.00391531929517958,0.992461490697348,-0.0431222757345413,0.114651694573217,-0.00395572367098639,0.992461490697348,-0.0431222757345413,0.114651694573217,-0.00395572367098639,0.99246023356849,-0.0431277658269161,0.11466163409747,-0.00392304295856432,0.994625850543017,-0.00517139800231587,-0.0852490881735271,0.0585257809846614,0.951566486614182,-0.172995563957487,0.134623470958956,0.215569658047549,0.964664037860251,-0.122546186610342,0.159559558294831,0.170136632043717,0.974414194910568,-0.108372158324481,0.0809502028464077,0.179497957414589,0.997939164984909,-0.0207409468880501,0.00347035317526731,0.0606233681038007,0.991318238402021,-0.0171108547378316,0.0616793258320985,0.114852207756548,0.997056466678889,-0.00792680468377081,-0.0114453661354924,0.0753960981440206,0.997056466678889,-0.00792680468377081,-0.0114453661354924,0.0753960981440206
85,855,0.992420284900494,-0.0433094457940216,0.114962031408133,-0.00316249230063692,0.992420284900494,-0.0433094457940216,0.114962031408133,-0.00316249230063692,0.996980441015432,-0.0434142028562789,0.0643761662429406,-0.000957310237461664,0.996983759926966,-0.0434142521723593,0.0643247463217092,-0.000955071123882742,0.992420284900494,-0.0433094457940216,0.114962031408133,-0.00316249230063692,0.973791841480596,-0.0427001603182806,0.223257116377716,-0.00789973172519266,0.992420284900494,-0.0433094457940216,0.114962031408133,-0.00316249230063692,0.992420284900494,-0.0433094457940216,0.114962031408133,-0.00316249230063692,0.992422363156949,-0.0433000880739172,0.114946516645644,-0.00320215393143291,0.992422363156949,-0.0433000880739172,0.114946516645644,-0.00320215393143291,0.992420687842068,-0.0433076291449079,0.114959027834884,-0.00317009781911694,0.992420284900494,-0.0433094457940216,0.114962031408133,-0.00316249230063692,0.992422363156949,-0.0433000880739172,0.114946516645644,-0.00320215393143291,0.992422363156949,-0.0433000880739172,0.114946516645644,-0.00320215393143291,0.992420687842068,-0.0433076291449079,0.114959027834884,-0.00317009781911694,0.994292662538147,-0.0030253212356738,-0.086914489907187,0.0617966026444526,0.953239108801269,-0.16306081422037,0.125176259079908,0.22153391722333,0.967741851568009,-0.115015406196898,0.144535113162316,0.171338163070119,0.975799437375268,-0.101983134831876,0.0723197637664241,0.179401086944153,0.997901887875172,-0.0207431992035308,0.00381907904235928,0.0612123884294635,0.991275390013757,-0.0172652857533069,0.0618653476173539,0.115098609136318,0.997054351433921,-0.00806794230225865,-0.011470402524754,0.0754052946391294,0.997054351433921,-0.00806794230225865,-0.011470402524754,0.0754052946391294
86,856,0.9923886994489,-0.0434691526764714,0.115192195094033,-0.00242077696806543,0.9923886994489,-0.0434691526764714,0.115192195094033,-0.00242077696806543,0.996960593880232,-0.0435360075072871,0.0646076377407191,-0.000208436716854736,0.996963924730068,-0.0435360181996261,0.0645562188428072,-0.000206191322127393,0.9923886994489,-0.0434691526764714,0.115192195094033,-0.00242077696806543,0.973735169841246,-0.0429403584876501,0.22348241903716,-0.00718004237394103,0.9923886994489,-0.0434691526764714,0.115192195094033,-0.00242077696806543,0.9923886994489,-0.0434691526764714,0.115192195094033,-0.00242077696806543,0.992390399147668,-0.043460700168678,0.11517991308696,-0.00245984586106579,0.992390399147668,-0.043460700168678,0.11517991308696,-0.00245984586106579,0.992389022491303,-0.0434675375793303,0.115189863787809,-0.00242827018508336,0.9923886994489,-0.0434691526764714,0.115192195094033,-0.00242077696806543,0.992390399147668,-0.043460700168678,0.11517991308696,-0.00245984586106579,0.992390399147668,-0.043460700168678,0.11517991308696,-0.00245984586106579,0.992389022491303,-0.0434675375793303,0.115189863787809,-0.00242827018508336,0.994002120064282,-0.000994761356666319,-0.0882832794832209,0.0645357135332313,0.95484391458436,-0.152480809080688,0.115422054153134,0.227377331892132,0.970602769830537,-0.107126430941811,0.129600519490027,0.172214680962096,0.977028657684158,-0.0955580793207867,0.0654296073554245,0.178892766823394,0.997860413205492,-0.0206686909359629,0.00423524499393131,0.0618826605132702,0.991217176643814,-0.0174083780519975,0.0620546555802661,0.115475871162242,0.997053537573477,-0.00820647789108334,-0.011512614172534,0.0753946725422637,0.997053537573477,-0.00820647789108334,-0.011512614172534,0.0753946725422637
87,857,0.992361323085939,-0.0435962698731721,0.115393285746618,-0.00166111434601114,0.992361323085939,-0.0435962698731721,0.115393285746618,-0.00166111434601114,0.996943472829445,-0.0436243524616947,0.0648098598597516,0.00055670461000859,0.996946814109025,-0.0436243236913153,0.0647584418445987,0.000558954560159756,0.992361323085939,-0.0435962698731721,0.115393285746618,-0.00166111434601114,0.973685874715213,-0.0431501351240121,0.223679286775389,-0.00643893519958627,0.992361323085939,-0.0435962698731721,0.115393285746618,-0.00166111434601114,0.992361323085939,-0.0435962698731721,0.115393285746618,-0.00166111434601114,0.992362793451416,-0.0435894921147645,0.115382619038269,-0.0017010509541531,0.992362793451416,-0.0435894921147645,0.115382619038269,-0.0017010509541531,0.992361603259426,-0.0435949826897719,0.115391251896516,-0.00166878591055135,0.992361323085939,-0.0435962698731721,0.115393285746618,-0.00166111434601114,0.992362793451416,-0.0435894921147645,0.115382619038269,-0.0017010509541531,0.992362793451416,-0.0435894921147645,0.115382619038269,-0.0017010509541531,0.992361603259426,-0.0435949826897719,0.115391251896516,-0.00166878591055135,0.993760836319567,0.00100053010404249,-0.0893561784392605,0.0667373397108099,0.956429427528708,-0.141267212497736,0.105372213869084,0.232772466959809,0.973258512132692,-0.0987403820023829,0.114897727909118,0.172675179584695,0.978151669471717,-0.0889564667423189,0.0604394806985541,0.177913258941839,0.997812905000105,-0.02061050976099,0.00469285383557036,0.0626305885771597,0.99115037840484,-0.017522958115031,0.0622692341637352,0.115915554622766,0.997049623604377,-0.00836169871422974,-0.0115977150794284,0.0754163315862164,0.997049623604377,-0.00836169871422974,-0.0115977150794284,0.0754163315862164
88,858,0.992319345663206,-0.0437763560557214,0.115693100572023,-0.00102632989897985,0.992319345663206,-0.0437763560557214,0.115693100572023,-0.00102632989897985,0.996916786999077,-0.0437719445737203,0.0651114206330784,0.00119982115917043,0.996920143831862,-0.0437718826340413,0.0650600039938614,0.00120207872061371,0.992319345663206,-0.0437763560557214,0.115693100572023,-0.00102632989897985,0.973611224674066,-0.043398845862977,0.223972677990167,-0.00582776804105963,0.992319345663206,-0.0437763560557214,0.115693100572023,-0.00102632989897985,0.992319345663206,-0.0437763560557214,0.115693100572023,-0.00102632989897985,0.992321531921249,-0.0437670134695675,0.115677578110716,-0.00106006596938266,0.992321531921249,-0.0437670134695675,0.115677578110716,-0.00106006596938266,0.992319770884526,-0.0437745424385979,0.115690082393411,-0.00103275446240814,0.992319345663206,-0.0437763560557214,0.115693100572023,-0.00102632989897985,0.992321531921249,-0.0437670134695675,0.115677578110716,-0.00106006596938266,0.992321531921249,-0.0437670134695675,0.115677578110716,-0.00106006596938266,0.992319770884526,-0.0437745424385979,0.115690082393411,-0.00103275446240814,0.993557213383333,0.00301167866764036,-0.0904342067359982,0.0682396349461241,0.958233117623216,-0.129301904296446,0.0952624907821619,0.236633403570552,0.975558557545171,-0.0898887261017043,0.100503146326822,0.173506873923218,0.979058395127333,-0.0820977397262594,0.0570967648111213,0.1773261952184,0.997759990498947,-0.0206649719131505,0.00516066471227635,0.0634139403845606,0.991106901733389,-0.0176559049401221,0.0624649225334747,0.116161576306777,0.997041360777268,-0.00849014036387685,-0.0116625682282122,0.0755011716355247,0.997041360777268,-0.00849014036387685,-0.0116625682282122,0.0755011716355247
89,859,0.992269719176898,-0.0439532012398459,0.116055560884638,-0.000165206302224641,0.992269719176898,-0.0439532012398459,0.116055560884638,-0.000165206302224641,0.996885645791542,-0.0439047967496892,0.0654759346815835,0.00206881964442629,0.996889021424389,-0.0439046899907403,0.0654245196480072,0.00207108405664063,0.992269719176898,-0.0439532012398459,0.116055560884638,-0.000165206302224641,0.973522091928338,-0.0436691924288543,0.224327495718026,-0.00499127488367277,0.992269719176898,-0.0439532012398459,0.116055560884638,-0.000165206302224641,0.992269719176898,-0.0439532012398459,0.116055560884638,-0.000165206302224641,0.992272332933074,-0.0439438928738636,0.116036664446796,-0.00020994929672878,0.992272332933074,-0.0439438928738636,0.116036664446796,-0.00020994929672878,0.992270224215984,-0.0439514148518611,0.116051906628049,-0.000173881785910378,0.992269719176898,-0.0439532012398459,0.116055560884638,-0.000165206302224641,0.992272332933074,-0.0439438928738636,0.116036664446796,-0.00020994929672878,0.992272332933074,-0.0439438928738636,0.116036664446796,-0.00020994929672878,0.992270224215984,-0.0439514148518611,0.116051906628049,-0.000173881785910378,0.993396017292051,0.00481845755848337,-0.0911900011699599,0.0694659555586097,0.95989456327656,-0.117038930624778,0.0847627326772165,0.240249027593038,0.977752293692604,-0.0807920099586046,0.0869083075972533,0.172974129210937,0.980051295620461,-0.0751563234042205,0.0552454496155286,0.175496225890454,0.997695497792642,-0.0208170225793041,0.00558685353771742,0.064336088805378,0.9910367703072,-0.0177613554334257,0.0627082789716529,0.116611860034279,0.997038393188553,-0.00855279050819012,-0.0116731298416937,0.0755316511285824,0.997038393188553,-0.00855279050819012,-0.0116731298416937,0.0755316511285824
90,860,0.992220367862496,-0.0440984441001401,0.11641914814582,0.000806704259588294,0.992220367862496,-0.0440984441001401,0.11641914814582,0.000806704259588294,0.996854836674675,-0.0440004569687371,0.0658415602373714,0.00304685581508752,0.996858231164909,-0.0440002997668869,0.0657901467923066,0.00304912515973148,0.992220367862496,-0.0440984441001401,0.11641914814582,0.000806704259588294,0.973433108925291,-0.0439202947733742,0.22468346379791,-0.00404119423382952,0.992220367862496,-0.0440984441001401,0.11641914814582,0.000806704259588294,0.992220367862496,-0.0440984441001401,0.11641914814582,0.000806704259588294,0.992222994547174,-0.0440907178008529,0.116400027292854,0.000755871594691621,0.992222994547174,-0.0440907178008529,0.116400027292854,0.000755871594691621,0.992220871929541,-0.0440969740519777,0.116415476375684,0.000796898401776655,0.992220367862496,-0.0440984441001401,0.11641914814582,0.000806704259588294,0.992222994547174,-0.0440907178008529,0.116400027292854,0.000755871594691621,0.992222994547174,-0.0440907178008529,0.116400027292854,0.000755871594691621,0.992220871929541,-0.0440969740519777,0.116415476375684,0.000796898401776655,0.993276506304258,0.00640798590240372,-0.0917537111373618,0.070299190843169,0.96157569429542,-0.104319213024362,0.0742357811464059,0.242855378223011,0.979662002127603,-0.0717521994869388,0.0741603676809858,0.172087836065027,0.980935197988216,-0.0683406978338016,0.0548045244032151,0.173470892291318,0.997619415155757,-0.0210724904441113,0.00604664324345948,0.0653826487399768,0.990968459389455,-0.0178613048822131,0.0629588976188055,0.117041289696502,0.997035137404894,-0.00860888469548952,-0.0116835377239169,0.0755666383436345,0.997035137404894,-0.00860888469548952,-0.0116835377239169,0.0755666383436345
91,861,0.992181897277857,-0.044151518545145,0.116714266526388,0.0018724618758981,0.992181897277857,-0.044151518545145,0.116714266526388,0.0018724618758981,0.996831414465355,-0.0439992983378659,0.0661382524087237,0.00411393353063098,0.996834824257689,-0.0439990861008747,0.0660868401712781,0.00411620281409865,0.992181897277857,-0.044151518545145,0.116714266526388,0.0018724618758981,0.973362460287154,-0.0440900927689278,0.224972572106958,-0.002987711991862,0.992181897277857,-0.044151518545145,0.116714266526388,0.0018724618758981,0.992181897277857,-0.044151518545145,0.116714266526388,0.0018724618758981,0.99218398397497,-0.0441484799238059,0.116698558305846,0.00181663240937523,0.99218398397497,-0.0441484799238059,0.116698558305846,0.00181663240937523,0.992182293166561,-0.0441509733734198,0.116711279346778,0.00186170625050674,0.992181897277857,-0.044151518545145,0.116714266526388,0.0018724618758981,0.99218398397497,-0.0441484799238059,0.116698558305846,0.00181663240937523,0.99218398397497,-0.0441484799238059,0.116698558305846,0.00181663240937523,0.992182293166561,-0.0441509733734198,0.116711279346778,0.00186170625050674,0.993198162517634,0.0077229776201927,-0.0921578878402094,0.0707438286856461,0.963285494300304,-0.091289226591887,0.0638271579181023,0.244281451385429,0.98138032050312,-0.0625199288907605,0.0622656651458103,0.170607479216584,0.98174000211749,-0.0614837708289992,0.0563108761182738,0.170983623185936,0.997529809305285,-0.0214504589953847,0.00653468852146921,0.0665691760665238,0.990899346659516,-0.0179812052273201,0.0632200942223436,0.117466508992286,0.997032901609362,-0.00861408536070685,-0.0116651389229548,0.0755983807744789,0.997032901609362,-0.00861408536070685,-0.0116651389229548,0.0755983807744789
92,862,0.992166898037674,-0.0440354973183499,0.116861325091182,0.00302524580139053,0.992166898037674,-0.0440354973183499,0.116861325091182,0.00302524580139053,0.996823908495535,-0.0438248396610691,0.0662858832290234,0.0052593312231514,0.996827325902022,-0.0438245683497698,0.0662344713785062,0.00526159150728978,0.992166898037674,-0.0440354973183499,0.116861325091182,0.00302524580139053,0.97333140137721,-0.0441013754047767,0.225117093879706,-0.00182915927140898,0.992166898037674,-0.0440354973183499,0.116861325091182,0.00302524580139053,0.992166898037674,-0.0440354973183499,0.116861325091182,0.00302524580139053,0.99216778768769,-0.0440411480191066,0.116853190913893,0.00296481522451259,0.99216778768769,-0.0440411480191066,0.116853190913893,0.00296481522451259,0.992167058815161,-0.0440366523821347,0.116859825437402,0.00301361042400046,0.992166898037674,-0.0440354973183499,0.116861325091182,0.00302524580139053,0.99216778768769,-0.0440411480191066,0.116853190913893,0.00296481522451259,0.99216778768769,-0.0440411480191066,0.116853190913893,0.00296481522451259,0.992167058815161,-0.0440366523821347,0.116859825437402,0.00301361042400046,0.993159341427814,0.00866503076048282,-0.0924483322239162,0.0708007460808656,0.964982948426485,-0.0781390641656874,0.0537860313744291,0.244559315354019,0.982976143965615,-0.0529555224496097,0.0511172822070734,0.168346774535016,0.982976143965615,-0.0529555224496097,0.0511172822070734,0.168346774535016,0.997430493558238,-0.0218616298310861,0.00711787541135431,0.067851422320593,0.990833745767339,-0.0180643620776736,0.0634853413758577,0.1178633891494,0.997031182939,-0.00861858744556824,-0.0115928179577316,0.0756316519025028,0.997031182939,-0.00861858744556824,-0.0115928179577316,0.0756316519025028
93,863,0.992175259388122,-0.0437395402931026,0.116863520651249,0.00424556404437662,0.992175259388122,-0.0437395402931026,0.116863520651249,0.00424556404437662,0.996832370624512,-0.0434672454525209,0.0662876510068696,0.00646303116789288,0.996835788122162,-0.0434669120601851,0.0662362387199109,0.00646527300730479,0.992175259388122,-0.0437395402931026,0.116863520651249,0.00424556404437662,0.973339471028516,-0.0439412274573434,0.225120194426935,-0.000583719666333434,0.992175259388122,-0.0437395402931026,0.116863520651249,0.00424556404437662,0.992175259388122,-0.0437395402931026,0.116863520651249,0.00424556404437662,0.992174926603111,-0.0437546224823961,0.116863008969881,0.00418152675953563,0.992174926603111,-0.0437546224823961,0.116863008969881,0.00418152675953563,0.992175185270194,-0.0437425117625188,0.116863484628169,0.00423324453862788,0.992175259388122,-0.0437395402931026,0.116863520651249,0.00424556404437662,0.992174926603111,-0.0437546224823961,0.116863008969881,0.00418152675953563,0.992174926603111,-0.0437546224823961,0.116863008969881,0.00418152675953563,0.992175185270194,-0.0437425117625188,0.116863484628169,0.00423324453862788,0.993164576319362,0.00931107594870714,-0.092612112549251,0.070430283388785,0.966629468129777,-0.0651883964726861,0.0444064837658229,0.243733478430886,0.98445362010767,-0.0432959089440764,0.0406020619475857,0.165311846796333,0.98445362010767,-0.0432959089440764,0.0406020619475857,0.165311846796333,0.997326534278641,-0.0222870204377436,0.00774051569469465,0.0691603727617333,0.990771754921133,-0.0181830472992677,0.0637735612689255,0.118210148991069,0.997028149010066,-0.00864268587096862,-0.0115886796192399,0.075669522049376,0.997028149010066,-0.00864268587096862,-0.0115886796192399,0.075669522049376
94,864,0.992207366340013,-0.0432510379574399,0.116719957004386,0.00550831490692531,0.992207366340013,-0.0432510379574399,0.116719957004386,0.00550831490692531,0.996857139818292,-0.0429151982270672,0.0661426411309995,0.00769932325865636,0.996860549836942,-0.0429148010729951,0.0660912275667483,0.00770153662427306,0.992207366340013,-0.0432510379574399,0.116719957004386,0.00550831490692531,0.973387150346542,-0.0435943589462569,0.224981025250417,0.000725041774431108,0.992207366340013,-0.0432510379574399,0.116719957004386,0.00550831490692531,0.992207366340013,-0.0432510379574399,0.116719957004386,0.00550831490692531,0.992205792318578,-0.0432762192830792,0.116727115247636,0.00544197574339333,0.992205792318578,-0.0432762192830792,0.116727115247636,0.00544197574339333,0.992207053806836,-0.0432559531014561,0.116721393372464,0.00549556425073384,0.992207366340013,-0.0432510379574399,0.116719957004386,0.00550831490692531,0.992205792318578,-0.0432762192830792,0.116727115247636,0.00544197574339333,0.992205792318578,-0.0432762192830792,0.116727115247636,0.00544197574339333,0.992207053806836,-0.0432559531014561,0.116721393372464,0.00549556425073384,0.993223238635526,0.00977183875459883,-0.0925825881738276,0.0695742320744287,0.968215126098957,-0.0525074955551988,0.0356683094235924,0.241930163903894,0.985815578062644,-0.0341728567874217,0.0306557513618252,0.161431368749834,0.985815578062644,-0.0341728567874217,0.0306557513618252,0.161431368749834,0.997226798882855,-0.0226407758791746,0.00839439567779514,0.0703963136722872,0.990708104551459,-0.018295567948048,0.0640933060628852,0.118552823194736,0.997025112821946,-0.008666789006512,-0.011584548461968,0.0757073933485691,0.997025112821946,-0.008666789006512,-0.011584548461968,0.0757073933485691
95,865,0.992262096427162,-0.0426064818277305,0.116418685127013,0.00687818679124361,0.992262096427162,-0.0426064818277305,0.116418685127013,0.00687818679124361,0.996896487781764,-0.042201854715499,0.0658389770661089,0.00903466689169441,0.996899882138714,-0.0422013886912652,0.0657875614728679,0.00903684346443609,0.992262096427161,-0.0426064818277305,0.116418685127013,0.00687818679124361,0.973474635931093,-0.0431041449246851,0.224687586331677,0.00215741456000269,0.992262096427161,-0.0426064818277305,0.116418685127013,0.00687818679124361,0.992262096427161,-0.0426064818277305,0.116418685127013,0.00687818679124361,0.992259342717774,-0.0426399713556406,0.116434113854996,0.00680637663398519,0.992259342717774,-0.0426399713556406,0.116434113854996,0.00680637663398519,0.992261557926931,-0.0426129770551916,0.116421713609952,0.00686436064291407,0.992262096427161,-0.0426064818277305,0.116418685127013,0.00687818679124361,0.992259342717774,-0.0426399713556406,0.116434113854996,0.00680637663398519,0.992259342717774,-0.0426399713556406,0.116434113854996,0.00680637663398519,0.992261557926931,-0.0426129770551916,0.116421713609952,0.00686436064291407,0.993355699058619,0.0102537263005256,-0.092226955035077,0.0680698538978534,0.969718073718646,-0.0405708082459621,0.027756226538763,0.239228883937531,0.987131965632156,-0.0256770103210678,0.0213293100227586,0.156384890901015,0.987131965632156,-0.0256770103210678,0.0213293100227586,0.156384890901015,0.997141523369574,-0.0228900411268985,0.00907140010782209,0.0714320522559541,0.990640994767866,-0.0184480438645468,0.0644530496033853,0.118894463957443,0.997022950791043,-0.00872987193751817,-0.0115882896565231,0.0757280428554229,0.997022950791043,-0.00872987193751817,-0.0115882896565231,0.0757280428554229
96,866,0.992335080330955,-0.0418073615773062,0.115989487881928,0.00834694934633078,0.992335080330955,-0.0418073615773063,0.115989487881928,0.00834694934633078,0.996947564482922,-0.0413291209532229,0.0654066252464065,0.0104609180610358,0.996950936541012,-0.0413285813704313,0.0653552070194305,0.0104630496201383,0.992335080330955,-0.0418073615773063,0.115989487881928,0.00834694934633078,0.973594314052544,-0.0424711621741922,0.224269000530858,0.0037050545231216,0.992335080330955,-0.0418073615773063,0.115989487881928,0.00834694934633078,0.992335080330955,-0.0418073615773063,0.115989487881928,0.00834694934633078,0.992331370516252,-0.0418489953357527,0.116011728200794,0.00826992131708903,0.992331370516252,-0.0418489953357527,0.116011728200794,0.00826992131708903,0.99233436003582,-0.0418154183651403,0.115993811886412,0.00833212357736374,0.992335080330955,-0.0418073615773063,0.115989487881928,0.00834694934633078,0.992331370516252,-0.0418489953357527,0.116011728200794,0.00826992131708903,0.992331370516252,-0.0418489953357527,0.116011728200794,0.00826992131708903,0.99233436003582,-0.0418154183651403,0.115993811886412,0.00833212357736374,0.993565617335951,0.0109040260050249,-0.0914607939143658,0.0659043962210912,0.971180090602066,-0.029709579387857,0.020757654476697,0.235575237008022,0.988455650791303,-0.0175169886763148,0.0126732825402016,0.149959892758402,0.988455650791303,-0.0175169886763148,0.0126732825402016,0.149959892758402,0.99707090048373,-0.0230379665543135,0.00972246501945375,0.0722796318443263,0.990569410611027,-0.0186568202931689,0.0648644234125118,0.119234107509699,0.997018929858696,-0.00884346761848752,-0.0116277431022895,0.0757617461140447,0.997018929858696,-0.00884346761848752,-0.0116277431022895,0.0757617461140447
97,867,0.992417586058358,-0.0408825792834967,0.115486944429881,0.00993555531818629,0.992417586058358,-0.0408825792834967,0.115486944429881,0.00993555531818629,0.997004423063572,-0.0403247967960811,0.0649005380819215,0.0120004713118654,0.997007769019851,-0.0403241778112871,0.0648491169231049,0.0120025510703283,0.992417586058358,-0.0408825792834967,0.115486944429881,0.00993555531818629,0.973731511494649,-0.0417264390396613,0.223778557895956,0.00538561356036282,0.992417586058358,-0.0408825792834967,0.115486944429881,0.00993555531818629,0.992417586058358,-0.0408825792834967,0.115486944429881,0.00993555531818629,0.992413369349008,-0.0409309039934047,0.115513194582769,0.0098522745046567,0.992413369349008,-0.0409309039934047,0.115513194582769,0.0098522745046567,0.992416771998434,-0.0408919084298544,0.115492015225592,0.00991952117309465,0.992417586058358,-0.0408825792834967,0.115486944429881,0.00993555531818629,0.992413369349008,-0.0409309039934047,0.115513194582769,0.0098522745046567,0.992413369349008,-0.0409309039934047,0.115513194582769,0.0098522745046567,0.992416771998434,-0.0408919084298544,0.115492015225592,0.00991952117309465,0.993841670159936,0.0117500676152418,-0.0902568063091308,0.0632011034683885,0.972676241833234,-0.0188638661396781,0.0137031093307538,0.230992008351177,0.989751833788558,-0.00962164241794063,0.00466535994859956,0.142397211791237,0.989751833788558,-0.00962164241794063,0.00466535994859956,0.142397211791237,0.997013001272081,-0.023128359020986,0.0103552442407624,0.0729583663478609,0.990490746571897,-0.0189117675412112,0.0653700479233961,0.119570827706455,0.997014878849129,-0.00900425135534886,-0.0116661362685097,0.0757902109480568,0.997014878849129,-0.00900425135534886,-0.0116661362685097,0.0757902109480568
98,868,0.992511492688492,-0.0398113688308969,0.114892306237715,0.0116511699177068,0.992511492688492,-0.0398113688308969,0.114892306237715,0.0116511699177068,0.997067987326799,-0.0391677788106303,0.0643018957686774,0.0136594272091666,0.997071302407675,-0.0391670742657773,0.0642504713322938,0.0136614472915598,0.992511492688492,-0.0398113688308969,0.114892306237715,0.0116511699177068,0.973890154988525,-0.0408501219205754,0.223197829666388,0.00720849413644127,0.992511492688492,-0.0398113688308969,0.114892306237715,0.0116511699177068,0.992511492688492,-0.0398113688308969,0.114892306237715,0.0116511699177068,0.992506701656121,-0.039867350252888,0.114923364008524,0.0115612264256354,0.992506701656121,-0.039867350252888,0.114923364008524,0.0115612264256354,0.992510567760037,-0.0398221751287084,0.114898305911143,0.011633853678711,0.992511492688492,-0.0398113688308969,0.114892306237715,0.0116511699177068,0.992506701656121,-0.039867350252888,0.114923364008524,0.0115612264256354,0.992506701656121,-0.039867350252888,0.114923364008524,0.0115612264256354,0.992510567760037,-0.0398221751287084,0.114898305911143,0.011633853678711,0.994175603315185,0.0128337025293592,-0.0885771432757418,0.0600354523709537,0.974250540477742,-0.00792004378735972,0.00664043606059896,0.225231129940243,0.990991803584845,-0.00258327274127578,-0.00246961328448099,0.133874840578151,0.990991803584845,-0.00258327274127578,-0.00246961328448099,0.133874840578151,0.996967729988494,-0.0231978755634978,0.0109057301226183,0.0734729132498659,0.99040812433453,-0.0192244077581881,0.0659543097082088,0.119884104156549,0.99701162258456,-0.00916545709647576,-0.0116976899361555,0.0758088575146395,0.99701162258456,-0.00916545709647576,-0.0116976899361555,0.0758088575146395
99,869,0.992612466767904,-0.038582611235951,0.114235698059073,0.0134936361336671,0.992612466767904,-0.038582611235951,0.114235698059073,0.0134936361336671,0.997135460435165,-0.0378469703620757,0.0636410043671445,0.0154370638498553,0.9971387414301,-0.0378461741363545,0.0635895764516757,0.0154390158084341,0.992612466767904,-0.038582611235951,0.114235698059073,0.0134936361336671,0.974062628905323,-0.0398311418467758,0.222556282463918,0.00917476130884984,0.992612466767904,-0.038582611235951,0.114235698059073,0.0134936361336671,0.992612466767904,-0.038582611235951,0.114235698059073,0.0134936361336671,0.992607316862353,-0.0386468536273072,0.114270097312825,0.0133970174348027,0.992607316862353,-0.0386468536273072,0.114270097312825,0.0133970174348027,0.992611474529294,-0.0385950079259852,0.114242327222429,0.0134750386559162,0.992612466767904,-0.038582611235951,0.114235698059073,0.0134936361336671,0.992607316862353,-0.0386468536273072,0.114270097312825,0.0133970174348027,0.992607316862353,-0.0386468536273072,0.114270097312825,0.0133970174348027,0.992611474529294,-0.0385950079259852,0.114242327222429,0.0134750386559162,0.994564909588358,0.0142023317042687,-0.0863642916395491,0.0563927612310423,0.97586420787102,0.00298163824887719,-0.000229979085765747,0.218357744857469,0.992256025104611,0.00138271181591117,-0.00904639554137066,0.123871834891317,0.992256025104611,0.00138271181591117,-0.00904639554137066,0.123871834891317,0.996933340298687,-0.0232807147945257,0.0113617077519745,0.0738433132823603,0.990328086385387,-0.0196148108365602,0.0666262446904699,0.120110299435763,0.997010022608524,-0.00932436322266847,-0.0116844878548184,0.0758125570879492,0.997010022608524,-0.00932436322266847,-0.0116844878548184,0.0758125570879492
100,870,0.99271651818879,-0.0372357436975467,0.11352865288941,0.0154485882698744,0.99271651818879,-0.0372357436975467,0.11352865288941,0.0154485882698744,0.997203443573172,-0.036402487785523,0.0629295847560298,0.0173210384003482,0.997206687876144,-0.0364015943946596,0.0628781533352382,0.0173229158564074,0.99271651818879,-0.0372357436975467,0.11352865288941,0.0154485882698744,0.974243700685745,-0.0387071197859262,0.221864941317691,0.0112658051696027,0.99271651818879,-0.0372357436975467,0.11352865288941,0.0154485882698744,0.99271651818879,-0.0372357436975467,0.11352865288941,0.0154485882698744,0.992711217540507,-0.0373063052531819,0.11356574338426,0.0153460120937548,0.992711217540507,-0.0373063052531819,0.11356574338426,0.0153460120937548,0.992715498526504,-0.0372493375083706,0.113535793159713,0.0154288532320616,0.99271651818879,-0.0372357436975467,0.11352865288941,0.0154485882698744,0.992711217540507,-0.0373063052531819,0.11356574338426,0.0153460120937548,0.992711217540507,-0.0373063052531819,0.11356574338426,0.0153460120937548,0.992715498526504,-0.0372493375083706,0.113535793159713,0.0154288532320616,0.994994380788583,0.0156733599766762,-0.0836275249277349,0.0524114974089356,0.977498829144489,0.0116798016626045,-0.00531800755192555,0.21055008917109,0.992886548202511,-0.00605148319673939,-0.00909890285428602,0.118561764142038,0.992886548202511,-0.00605148319673939,-0.00909890285428602,0.118561764142038,0.996904976740863,-0.0233475027759103,0.0117443504173399,0.0741446673517659,0.990238547762821,-0.0200821803252626,0.0673830322276959,0.120348874218929,0.997006842805278,-0.00951485796194104,-0.0116377708694844,0.0758378874086565,0.997006842805278,-0.00951485796194104,-0.0116377708694844,0.0758378874086565
101,871,0.992812054449214,-0.0358345082622045,0.112839555248033,0.0175313242329964,0.992812054449214,-0.0358345082622045,0.112839555248033,0.0175313242329964,0.997263834693469,-0.0348972132755236,0.0622365222415359,0.0193298685292754,0.997267043251266,-0.0348962162801011,0.0621850877069595,0.0193316683472704,0.992812054449214,-0.0358345082622045,0.112839555248033,0.0175313242329964,0.974414337762904,-0.0375430922802658,0.22119050397864,0.0134898307547537,0.992812054449214,-0.0358345082622045,0.112839555248033,0.0175313242329964,0.992812054449214,-0.0358345082622045,0.112839555248033,0.0175313242329964,0.992807188954122,-0.0359081045686642,0.11287588474407,0.017422061604319,0.992807188954122,-0.0359081045686642,0.11287588474407,0.017422061604319,0.992811122878005,-0.0358486577977753,0.11284652149826,0.0175103000989428,0.992812054449214,-0.0358345082622045,0.112839555248033,0.0175313242329964,0.992807188954122,-0.0359081045686642,0.11287588474407,0.017422061604319,0.992807188954122,-0.0359081045686642,0.11287588474407,0.017422061604319,0.992811122878005,-0.0358486577977753,0.11284652149826,0.0175103000989428,0.995436320358311,0.0171630079903316,-0.0803674827024351,0.0485080507988474,0.978975187788243,0.0181044354769057,-0.00865491566820398,0.2029899099606,0.993430370482176,-0.0126789613280606,-0.00819159793215321,0.113438268087132,0.993430370482176,-0.0126789613280606,-0.00819159793215321,0.113438268087132,0.996876317639562,-0.0234708369860567,0.0120178318358612,0.0744466175089666,0.990149618130037,-0.0206131890193326,0.0682682338025973,0.120491818846217,0.997005567779009,-0.00977065048103175,-0.0115997044158263,0.0758279570099401,0.997005567779009,-0.00977065048103175,-0.0115997044158263,0.0758279570099401
102,872,0.992893488885313,-0.0344041651127297,0.112201164332406,0.0197426410213548,0.992893488885314,-0.0344041651127297,0.112201164332406,0.0197426410213548,0.997312719256804,-0.0333563338657029,0.0615948176147763,0.0214656339911453,0.997315894718253,-0.0333552267190065,0.0615433805598041,0.0214673543345641,0.992893488885313,-0.0344041651127297,0.112201164332406,0.0197426410213548,0.974565389555743,-0.0363642542467505,0.220564917945854,0.0158448560952677,0.992893488885313,-0.0344041651127297,0.112201164332406,0.0197426410213548,0.992893488885313,-0.0344041651127297,0.112201164332406,0.0197426410213548,0.992889365117891,-0.0344793688132783,0.112234922008832,0.0196266156965753,0.992889365117891,-0.0344793688132783,0.112234922008832,0.0196266156965753,0.992892702051886,-0.0344186113337121,0.112207622073807,0.0197203183165341,0.992893488885313,-0.0344041651127297,0.112201164332406,0.0197426410213548,0.992889365117891,-0.0344793688132783,0.112234922008832,0.0196266156965753,0.992889365117891,-0.0344793688132783,0.112234922008832,0.0196266156965753,0.992892702051886,-0.0344186113337121,0.112207622073807,0.0197203183165341,0.995844587194177,0.0183635439213458,-0.076849726835451,0.0452819820240425,0.980158238334615,0.0224923181059011,-0.0100647154809858,0.19667898960818,0.993738377188398,-0.0178271262103169,-0.00696355358428458,0.110080607717845,0.993738377188398,-0.0178271262103169,-0.00696355358428458,0.110080607717845,0.99683925410772,-0.0237035988211777,0.0121627825798164,0.0748445562002045,0.990057325926341,-0.0212417100685618,0.0692967203913223,0.120553911906466,0.99700548340768,-0.00999622151438876,-0.0114703502716611,0.0758193423547081,0.99700548340768,-0.00999622151438876,-0.0114703502716611,0.0758193423547081
103,873,0.992951105227632,-0.0330673520951938,0.111668360078636,0.0220188603244043,0.992951105227632,-0.0330673520951938,0.111668360078636,0.0220188603244043,0.997343182686701,-0.0319055652095448,0.0610597736958529,0.023670971531237,0.997346330552914,-0.0319043443232348,0.0610083350704235,0.0236726170475007,0.992951105227632,-0.0330673520951938,0.111668360078636,0.0220188603244043,0.974681171493291,-0.0352855083796227,0.220041664127258,0.0182541196162598,0.992951105227632,-0.0330673520951938,0.111668360078636,0.0220188603244043,0.992951105227632,-0.0330673520951938,0.111668360078636,0.0220188603244043,0.992948207856011,-0.033137959340826,0.111696709539912,0.0218992521383594,0.992948207856011,-0.033137959340826,0.111696709539912,0.0218992521383594,0.992950557583765,-0.0330808659160675,0.111673756797544,0.0219958756828903,0.992951105227632,-0.0330673520951938,0.111668360078636,0.0220188603244043,0.992948207856011,-0.033137959340826,0.111696709539912,0.0218992521383594,0.992948207856011,-0.033137959340826,0.111696709539912,0.0218992521383594,0.992950557583765,-0.0330808659160675,0.111673756797544,0.0219958756828903,0.996176062670277,0.0191603504584625,-0.0735836056046145,0.0430300606469135,0.981053336547467,0.0244691768451918,-0.00941106294638148,0.191955833794704,0.993988842018111,-0.0191809567762322,-0.0073322745432058,0.107538414488343,0.993988842018111,-0.0191809567762322,-0.0073322745432058,0.107538414488343,0.996791883233942,-0.0240090918069504,0.0121706604571809,0.0753749298744182,0.98995734452535,-0.0219553476316715,0.0704450544178694,0.120581561769423,0.997006522998089,-0.0102171066918887,-0.0113191803303227,0.0757989444963448,0.997006522998089,-0.0102171066918887,-0.0113191803303227,0.0757989444963448
104,874,0.992970054507973,-0.0319311544355163,0.111368553896463,0.0242470086785908,0.992970054507973,-0.0319311544355163,0.111368553896463,0.0242470086785908,0.9973468705732,-0.0306575957429222,0.0607593919028163,0.0258384960225631,0.997350002947046,-0.0306562630669586,0.0607079530875816,0.025840077171206,0.992970054507973,-0.0319311544355163,0.111368553896463,0.0242470086785908,0.974732931736105,-0.0344008850916008,0.219745752486124,0.0205935708015616,0.992970054507973,-0.0319311544355163,0.111368553896463,0.0242470086785908,0.992970054507973,-0.0319311544355163,0.111368553896463,0.0242470086785908,0.992969129059718,-0.0319915001183478,0.111384980415332,0.0241296247886012,0.992969129059718,-0.0319915001183478,0.111384980415332,0.0241296247886012,0.992969891403637,-0.0319426525874366,0.111371609502667,0.0242244981024166,0.992970054507973,-0.0319311544355163,0.111368553896463,0.0242470086785908,0.992969129059718,-0.0319915001183478,0.111384980415332,0.0241296247886012,0.992969129059718,-0.0319915001183478,0.111384980415332,0.0241296247886012,0.992969891403637,-0.0319426525874366,0.111371609502667,0.0242244981024166,0.996420900962532,0.019865829425927,-0.0709217369747095,0.041483058840035,0.981629246493443,0.0242271376375904,-0.00741882901837721,0.189108511724358,0.9942792845386,-0.0149839844251557,-0.00600076021087058,0.105584920443449,0.9942792845386,-0.0149839844251557,-0.00600076021087058,0.105584920443449,0.996733887353379,-0.02430109585847,0.0120308237151071,0.0760675609063074,0.989851130118789,-0.0227420256985899,0.0716937473422802,0.1205717506786,0.997008339666129,-0.0104901701007566,-0.0111214080831407,0.0757670195381696,0.997008339666129,-0.0104901701007566,-0.0111214080831407,0.0757670195381696
105,875,0.992956996458287,-0.0309954972105155,0.111267163793977,0.026368553211267,0.992956996458287,-0.0309954972105155,0.111267163793977,0.026368553211267,0.997328676497907,-0.0296153254275696,0.0606587964696802,0.0279097464266811,0.99733180368351,-0.0296138859270697,0.0606073585929491,0.0279112738168825,0.992956996458287,-0.0309954972105155,0.111267163793977,0.026368553211267,0.974731087627089,-0.0337038816630653,0.219643541602136,0.0228050390621148,0.992956996458287,-0.0309954972105155,0.111267163793977,0.026368553211267,0.992956996458287,-0.0309954972105155,0.111267163793977,0.026368553211267,0.992957745030023,-0.0310453018364782,0.11127307053634,0.0262566104474439,0.992957745030023,-0.0310453018364782,0.11127307053634,0.0262566104474439,0.992957152466455,-0.0310049696176177,0.111268211284111,0.026347113359065,0.992956996458287,-0.0309954972105155,0.111267163793977,0.026368553211267,0.992957745030023,-0.0310453018364782,0.11127307053634,0.0262566104474439,0.992957745030023,-0.0310453018364782,0.11127307053634,0.0262566104474439,0.992957152466455,-0.0310049696176177,0.111268211284111,0.026347113359065,0.996541411272197,0.0218146282544676,-0.0690901257219143,0.0406926546377578,0.981803737750917,0.0221825342249918,-0.00478713699660401,0.188537632935872,0.99360988306149,-0.021991084125603,-0.00965883387184393,0.11028372241519,0.99360988306149,-0.021991084125603,-0.00965883387184393,0.11028372241519,0.996658468996253,-0.0245693614574285,0.0118295079092044,0.0769954894668915,0.989725696097408,-0.0236445969670973,0.0730952048236392,0.120586361378706,0.997008761864584,-0.0108477339449795,-0.0108974965551067,0.0757436466137091,0.997008761864584,-0.0108477339449795,-0.0108974965551067,0.0757436466137091
106,876,0.992930166348508,-0.0301738596353983,0.111245118826298,0.0283504230506289,0.992930166348508,-0.0301738596353983,0.111245118826298,0.0283504230506289,0.997300760679849,-0.0286940260344875,0.0606381435644885,0.0298472974049326,0.997303886800304,-0.0286924866049148,0.0605867071275591,0.0298487772760147,0.992930166348508,-0.0301738596353983,0.111245118826298,0.0283504230506289,0.974706840850255,-0.0331048687196692,0.219618683420307,0.0248651555293711,0.992930166348508,-0.0301738596353983,0.111245118826298,0.0283504230506289,0.992930166348508,-0.0301738596353983,0.111245118826298,0.0283504230506289,0.992931666613839,-0.0302174354697856,0.111246530006478,0.0282457357951723,0.992931666613839,-0.0302174354697856,0.111246530006478,0.0282457357951723,0.992930459336267,-0.0301821714445177,0.11124535234207,0.0283303905983152,0.992930166348508,-0.0301738596353983,0.111245118826298,0.0283504230506289,0.992931666613839,-0.0302174354697856,0.111246530006478,0.0282457357951723,0.992931666613839,-0.0302174354697856,0.111246530006478,0.0282457357951723,0.992930459336267,-0.0301821714445177,0.11124535234207,0.0283303905983152,0.996632397690227,0.0238644235410752,-0.0673460096889575,0.0402351605223062,0.981444982514503,0.0197322887461308,-0.00278642502148851,0.19070558175771,0.992879454679765,-0.0288743032027316,-0.0124635670299943,0.114897008604486,0.992879454679765,-0.0288743032027316,-0.0124635670299943,0.114897008604486,0.996583122589829,-0.0247243575081809,0.0115383685039816,0.0779592968617646,0.989596453755928,-0.0245526518612106,0.0745042287732773,0.120603258227848,0.997009807648481,-0.0112220654165423,-0.0106433486977882,0.0757114775250486,0.997009807648481,-0.0112220654165423,-0.0106433486977882,0.0757114775250486
107,877,0.992902523979888,-0.0294553282863187,0.111216980943119,0.0301288011678272,0.992902523979888,-0.0294553282863187,0.111216980943119,0.0301288011678272,0.997271723995311,-0.0278860415854672,0.0606114468987089,0.0315868597514673,0.997274848738908,-0.0278844124380476,0.0605600119593986,0.0315882979479763,0.992902523979888,-0.0294553282863187,0.111216980943119,0.0301288011678272,0.974682455869424,-0.0325859902800189,0.21958767997336,0.0267116877365655,0.992902523979888,-0.0294553282863187,0.111216980943119,0.0301288011678272,0.992902523979888,-0.0294553282863187,0.111216980943119,0.0301288011678272,0.992904078467784,-0.0294934365597737,0.111218469302249,0.0300346507887341,0.992904078467784,-0.0294934365597737,0.111218469302249,0.0300346507887341,0.992902821834021,-0.0294625972712906,0.111217266729552,0.0301108176122297,0.992902523979888,-0.0294553282863187,0.111216980943119,0.0301288011678272,0.992904078467784,-0.0294934365597737,0.111218469302249,0.0300346507887341,0.992904078467784,-0.0294934365597737,0.111218469302249,0.0300346507887341,0.992902821834021,-0.0294625972712906,0.111217266729552,0.0301108176122297,0.996583408484448,0.0266769197012103,-0.0663040077755066,0.0413960196357201,0.980586857139487,0.0180964597914213,-0.00231287008871755,0.195234690514451,0.994028869483481,-0.0118410518866054,-0.011187923142819,0.107894515612998,0.994028869483481,-0.0118410518866054,-0.011187923142819,0.107894515612998,0.996512675438802,-0.0248580968703609,0.0111357509025669,0.0788705126243084,0.989433200209168,-0.0255149564285641,0.0760225595666389,0.120795280368194,0.997008265812899,-0.0116191819005794,-0.0103786686563451,0.0757086240110131,0.997008265812899,-0.0116191819005794,-0.0103786686563451,0.0757086240110131
108,878,0.992883710667181,-0.028826596144755,0.111086036770179,0.0317939755484034,0.992883710667181,-0.028826596144755,0.111086036770179,0.0317939755484034,0.997246280082181,-0.0271734935956832,0.0604816280847931,0.0332179284765116,0.997249398130333,-0.0271717803259104,0.0604301944579398,0.0332193299207818,0.992883710667181,-0.028826596144755,0.111086036770179,0.0317939755484034,0.974678137023617,-0.0321439355055887,0.219455461726764,0.0284358389480218,0.992883710667181,-0.028826596144755,0.111086036770179,0.0317939755484034,0.992883710667181,-0.028826596144755,0.111086036770179,0.0317939755484034,0.992884812955553,-0.0288599406210477,0.111092667787365,0.0317060119449495,0.992884812955553,-0.0288599406210477,0.111092667787365,0.0317060119449495,0.992883917777066,-0.0288329566239469,0.111087350860389,0.0317771444722004,0.992883710667181,-0.028826596144755,0.111086036770179,0.0317939755484034,0.992884812955553,-0.0288599406210477,0.111092667787365,0.0317060119449495,0.992884812955553,-0.0288599406210477,0.111092667787365,0.0317060119449495,0.992883917777066,-0.0288329566239469,0.111087350860389,0.0317771444722004,0.996458698374813,0.0273942789535758,-0.0661093511115921,0.0441494010082956,0.97938042196559,0.0172836505725836,-0.00270638888022353,0.201265843979091,0.994691287942728,0.000330821598480519,-0.00836190763573791,0.102563203677541,0.994691287942728,0.000330821598480519,-0.00836190763573791,0.102563203677541,0.996443242409107,-0.0249087537735668,0.0107693247765096,0.079777442216028,0.989243962420217,-0.0264667001517155,0.0775992902676113,0.121137305353023,0.997005788929427,-0.0120444435364948,-0.0100509939590332,0.0757189919475003,0.997005788929427,-0.0120444435364948,-0.0100509939590332,0.0757189919475003
109,879,0.992881817076661,-0.0282505622845498,0.110799385780296,0.0333331540641384,0.992881817076661,-0.0282505622845498,0.110799385780296,0.0333331540641384,0.997229820613071,-0.0265199792126716,0.0601954437708226,0.0347258424205415,0.997232923901125,-0.0265181881722451,0.0601440109932565,0.0347272101574286,0.992881817076661,-0.0282505622845498,0.110799385780296,0.0333331540641384,0.974707735729196,-0.0317404230187827,0.219170336679962,0.030028968944097,0.992881817076661,-0.0282505622845498,0.110799385780296,0.0333331540641384,0.992881817076661,-0.0282505622845498,0.110799385780296,0.0333331540641384,0.99288204008853,-0.0282810333003772,0.110814058058871,0.0332517993742613,0.99288204008853,-0.0282810333003772,0.110814058058871,0.0332517993742613,0.992881852057722,-0.0282563866283082,0.110802266991877,0.0333175944299846,0.992881817076661,-0.0282505622845498,0.110799385780296,0.0333331540641384,0.99288204008853,-0.0282810333003772,0.110814058058871,0.0332517993742613,0.99288204008853,-0.0282810333003772,0.110814058058871,0.0332517993742613,0.992881852057722,-0.0282563866283082,0.110802266991877,0.0333175944299846,0.996259109790632,0.025516469290539,-0.0668491201587083,0.0484550419268078,0.978151589067596,0.0169791444043917,-0.00266591260505033,0.207181250044046,0.993866443711834,-0.0106808840799007,-0.00972461728102905,0.109639603235333,0.993866443711834,-0.0106808840799007,-0.00972461728102905,0.109639603235333,0.99637254744292,-0.0249559543346117,0.0105167430127382,0.0806743153783159,0.989073334272503,-0.0273666551307076,0.0792029064747871,0.121292642909524,0.99700875895751,-0.0124329398535245,-0.00966416634724448,0.075667433268332,0.99700875895751,-0.0124329398535245,-0.00966416634724448,0.075667433268332
110,880,0.992907162243579,-0.0276983431828413,0.110237433087554,0.0348694321232108,0.992907162243579,-0.0276983431828413,0.110237433087554,0.0348694321232108,0.997226573174461,-0.025890396220878,0.0596329291838934,0.0362320699822078,0.997229647450508,-0.0258885274967422,0.059581496574564,0.0362334052459892,0.992907162243579,-0.0276983431828413,0.110237433087554,0.0348694321232108,0.974794642860156,-0.0313602627025307,0.218614566622336,0.0316166006221086,0.992907162243579,-0.0276983431828413,0.110237433087554,0.0348694321232108,0.992907162243579,-0.0276983431828413,0.110237433087554,0.0348694321232108,0.992905983704105,-0.0277274798685305,0.110266272963974,0.0347885531656397,0.992905983704105,-0.0277274798685305,0.110266272963974,0.0347885531656397,0.992906924079381,-0.0277039240368301,0.110243083087925,0.0348539142630115,0.992907162243579,-0.0276983431828413,0.110237433087554,0.0348694321232108,0.992905983704105,-0.0277274798685305,0.110266272963974,0.0347885531656397,0.992905983704105,-0.0277274798685305,0.110266272963974,0.0347885531656397,0.992906924079381,-0.0277039240368301,0.110243083087925,0.0348539142630115,0.995926209567002,0.0225949348535725,-0.0677586145938423,0.0550383881013182,0.976497124617561,0.0171188464852373,-0.00200179725007533,0.214840181335846,0.992944357380119,-0.0230244409573347,-0.0116145056482935,0.115743170529103,0.992944357380119,-0.0230244409573347,-0.0116145056482935,0.115743170529103,0.996277781934802,-0.0250787281682606,0.0102655381713622,0.081830662606299,0.988851641734405,-0.0282634417333342,0.0808750957194336,0.121790095627402,0.997005348142727,-0.0127727130458987,-0.00926828490720476,0.0757053001521365,0.997005348142727,-0.0127727130458987,-0.00926828490720476,0.0757053001521365
111,881,0.992945318088241,-0.0272147814675972,0.109539122963,0.0363336138693715,0.992945318088241,-0.0272147814675972,0.109539122963,0.0363336138693715,0.997229189830056,-0.0253330460059644,0.0589335823088375,0.0376697837423756,0.997232228036885,-0.0253311031316616,0.0588821495654827,0.0376710902585893,0.992945318088241,-0.0272147814675972,0.109539122963,0.0363336138693715,0.974909258347436,-0.0310404266500508,0.217924670841357,0.0331250319323692,0.992945318088241,-0.0272147814675972,0.109539122963,0.0363336138693715,0.992945318088241,-0.0272147814675972,0.109539122963,0.0363336138693715,0.992943426368875,-0.0272404184568324,0.109575488756172,0.0362563635377524,0.992943426368875,-0.0272404184568324,0.109575488756172,0.0362563635377524,0.992944948528538,-0.0272196732898192,0.109546164154109,0.0363188173923035,0.992945318088241,-0.0272147814675972,0.109539122963,0.0363336138693715,0.992943426368875,-0.0272404184568324,0.109575488756172,0.0362563635377524,0.992943426368875,-0.0272404184568324,0.109575488756172,0.0362563635377524,0.992944948528538,-0.0272196732898192,0.109546164154109,0.0363188173923035,0.995506292439287,0.0199294156924187,-0.0685507171975872,0.0622160692718525,0.974798840353456,0.0175280276941931,-0.000968189935209422,0.222393911110352,0.993109288323377,-0.020181522076651,-0.0102606738825643,0.114984199714489,0.993109288323377,-0.020181522076651,-0.0102606738825643,0.114984199714489,0.996154057147158,-0.0253203703309802,0.0101012760069443,0.0832702677946406,0.988607274461512,-0.0291344374195182,0.0825987274982701,0.122410341285761,0.99700012312703,-0.0131240623016388,-0.00883994568624926,0.0757652217950553,0.99700012312703,-0.0131240623016388,-0.00883994568624926,0.0757652217950553
112,882,0.992990707625237,-0.0267791625840859,0.108786125980869,0.0376551432781745,0.992990707625237,-0.0267791625840859,0.108786125980869,0.0376551432781745,0.997236251505974,-0.0248308266175699,0.058179251613519,0.0389674660902264,0.997239250807757,-0.0248288168152269,0.0581278185069575,0.0389687467024623,0.992990707625237,-0.0267791625840859,0.108786125980869,0.0376551432781745,0.975037069640805,-0.0307525769384056,0.217181213419271,0.0344864085641315,0.992990707625237,-0.0267791625840859,0.108786125980869,0.0376551432781745,0.992990707625237,-0.0267791625840859,0.108786125980869,0.0376551432781745,0.992988409469554,-0.0268022271658643,0.108825601358484,0.0375852067579611,0.992988409469554,-0.0268022271658643,0.108825601358484,0.0375852067579611,0.992990262615138,-0.0267835680323107,0.10879372774415,0.0376417804907014,0.992990707625237,-0.0267791625840859,0.108786125980869,0.0376551432781745,0.992988409469554,-0.0268022271658643,0.108825601358484,0.0375852067579611,0.992988409469554,-0.0268022271658643,0.108825601358484,0.0375852067579611,0.992990262615138,-0.0267835680323107,0.10879372774415,0.0376417804907014,0.995098433055082,0.0179337331230953,-0.0690407757404256,0.0684898608025346,0.97353405791875,0.0179943797954646,0.000280158091759481,0.227832310876819,0.993623791116344,-0.0126788263946899,-0.0080229333531425,0.111743642455614,0.993623791116344,-0.0126788263946899,-0.0080229333531425,0.111743642455614,0.996001864586609,-0.0256730236847942,0.00994059349188772,0.0849845056225346,0.988350597201192,-0.0299621029045766,0.0843437311713342,0.123091447362034,0.996993276615236,-0.0134936092776735,-0.0083794064992717,0.0758426953595251,0.996993276615236,-0.0134936092776735,-0.0083794064992717,0.0758426953595251
113,883,0.993047575025924,-0.0262962812560727,0.107973021088604,0.0388181148979756,0.993047575025925,-0.0262962812560727,0.107973021088604,0.0388181148979756,0.997251721377281,-0.0242894641683053,0.0573643073515182,0.0401043935566608,0.997254678647828,-0.024287395728999,0.0573128734481732,0.040105646246307,0.993047575025925,-0.0262962812560727,0.107973021088604,0.0388181148979756,0.975182890595051,-0.0304003373889733,0.216379272201731,0.0356953769943324,0.993047575025925,-0.0262962812560727,0.107973021088604,0.0388181148979756,0.993047575025925,-0.0262962812560727,0.107973021088604,0.0388181148979756,0.993044675860924,-0.0263215801274663,0.10801565654727,0.038756471776049,0.993044675860924,-0.0263215801274663,0.10801565654727,0.038756471776049,0.993047013197888,-0.0263011544248314,0.107981229386537,0.0388063519909686,0.993047575025925,-0.0262962812560727,0.107973021088604,0.0388181148979756,0.993044675860924,-0.0263215801274663,0.10801565654727,0.038756471776049,0.993044675860924,-0.0263215801274663,0.10801565654727,0.038756471776049,0.993047013197888,-0.0263011544248314,0.107981229386537,0.0388063519909686,0.994781965781981,0.0166896906358703,-0.0692253076132098,0.0730626550795531,0.973085270508049,0.0184162617784235,0.00176503252517749,0.229701506922724,0.993659184244561,-0.0123810398371093,-0.0070549334045963,0.111527410682947,0.993659184244561,-0.0123810398371093,-0.0070549334045963,0.111527410682947,0.995828619173176,-0.0260805553848398,0.0098271624331684,0.0868826377648349,0.988098961280248,-0.0307423409431091,0.0860945995638029,0.123705582397002,0.996986152888159,-0.0138517231855063,-0.00790408078028143,0.0759227648408611,0.996986152888159,-0.0138517231855063,-0.00790408078028143,0.0759227648408611
114,884,0.993111639145997,-0.0256700966123066,0.107161633473894,0.0398334362548863,0.993111639145997,-0.0256700966123066,0.107161633473894,0.0398334362548863,0.997274465944031,-0.0236124875525051,0.0565507123924207,0.0410865785328985,0.997277381252923,-0.0236103684573481,0.0564992773170937,0.0410877963057829,0.993111639145997,-0.0256700966123066,0.107161633473894,0.0398334362548863,0.975335676140565,-0.029889445961377,0.2155798282388,0.0367733262580252,0.993111639145997,-0.0256700966123066,0.107161633473894,0.0398334362548863,0.993111639145997,-0.0256700966123066,0.107161633473894,0.0398334362548863,0.993108345656649,-0.0257026722138967,0.10720434054385,0.0397795902032392,0.993108345656649,-0.0257026722138967,0.10720434054385,0.0397795902032392,0.993111003352493,-0.0256764074632029,0.107169830565284,0.0398231658283996,0.993111639145997,-0.0256700966123066,0.107161633473894,0.0398334362548863,0.993108345656649,-0.0257026722138967,0.10720434054385,0.0397795902032392,0.993108345656649,-0.0257026722138967,0.10720434054385,0.0397795902032392,0.993111003352493,-0.0256764074632029,0.107169830565284,0.0398231658283996,0.994624122739375,0.0162452466064971,-0.0689919798891836,0.0754920733494158,0.973415521403996,0.0185719665556996,0.00321952420030757,0.228269444762028,0.993227117549207,-0.019001947017865,-0.00744689908180879,0.114382527811238,0.993227117549207,-0.019001947017865,-0.00744689908180879,0.114382527811238,0.995645906095948,-0.0265443584354379,0.00979475459756114,0.0888182948046413,0.987865749109488,-0.0314866114299066,0.0877764548687848,0.124198023364627,0.996980240238681,-0.0141962129655449,-0.00736938609874011,0.0759905274332742,0.996980240238681,-0.0141962129655449,-0.00736938609874011,0.0759905274332742
115,885,0.993172720545479,-0.0249273598032411,0.106467543474442,0.0406354043175267,0.993172720545479,-0.0249273598032411,0.106467543474442,0.0406354043175267,0.99730019300516,-0.0228299525437589,0.0558544150543331,0.0418497624564205,0.997303072402085,-0.0228277940879959,0.0558029786530444,0.0418509398685999,0.993172720545479,-0.0249273598032411,0.106467543474442,0.0406354043175267,0.975472615043552,-0.029239276295711,0.214896644806953,0.0376520128613622,0.993172720545479,-0.0249273598032411,0.106467543474442,0.0406354043175267,0.993172720545479,-0.0249273598032411,0.106467543474442,0.0406354043175267,0.993169546157973,-0.0249661265492209,0.106504388094576,0.0405926154133279,0.993169546157973,-0.0249661265492209,0.106504388094576,0.0405926154133279,0.99317211181853,-0.0249348504939477,0.106474567252677,0.0406272822758416,0.993172720545479,-0.0249273598032411,0.106467543474442,0.0406354043175267,0.993169546157973,-0.0249661265492209,0.106504388094576,0.0405926154133279,0.993169546157973,-0.0249661265492209,0.106504388094576,0.0405926154133279,0.99317211181853,-0.0249348504939477,0.106474567252677,0.0406272822758416,0.99463090299433,0.0164486807590243,-0.0683294956927745,0.0759597770424718,0.974117905987035,0.0183840381695816,0.00447942931316145,0.225247124485623,0.992868861030572,-0.0242631256559682,-0.0078516201562256,0.116452039871268,0.992868861030572,-0.0242631256559682,-0.0078516201562256,0.116452039871268,0.995482471629061,-0.0269216826225918,0.00986057862688603,0.0905132071755688,0.987666927883716,-0.0321553644666698,0.0893461141974369,0.124488328684167,0.996970936567609,-0.0145235907326016,-0.00682440549672835,0.0761015403349597,0.996970936567609,-0.0145235907326016,-0.00682440549672835,0.0761015403349597
116,886,0.993223205506102,-0.0241054525588823,0.105968586807435,0.041197691818232,0.993223205506102,-0.0241054525588823,0.105968586807435,0.0411976918182321,0.997325254488898,-0.0219805305817778,0.0553535374157497,0.0423695519159936,0.997328108052739,-0.0219783453187064,0.0553020997225668,0.0423706855180589,0.993223205506102,-0.0241054525588823,0.105968586807435,0.041197691818232,0.97557759149588,-0.0284840926695064,0.214406250647876,0.0383011634159267,0.993223205506102,-0.0241054525588823,0.105968586807435,0.041197691818232,0.993223205506102,-0.0241054525588823,0.105968586807435,0.041197691818232,0.993220555488199,-0.0241484870680898,0.105995380393515,0.0411674393576924,0.993220555488199,-0.0241484870680898,0.105995380393515,0.0411674393576924,0.993222700822333,-0.024113746691756,0.105973647280125,0.0411919879809748,0.993223205506102,-0.0241054525588823,0.105968586807435,0.041197691818232,0.993220555488199,-0.0241484870680898,0.105995380393515,0.0411674393576924,0.993220555488199,-0.0241484870680898,0.105995380393515,0.0411674393576924,0.993222700822333,-0.024113746691756,0.105973647280125,0.0411919879809748,0.994777536556004,0.0169806030877789,-0.0673410704801526,0.0747963375368773,0.974781890965119,0.0179728049902769,0.00559326675720317,0.22236447264397,0.992847214548483,-0.0251686725661003,-0.00759116718177248,0.116461670370118,0.992847214548483,-0.0251686725661003,-0.00759116718177248,0.116461670370118,0.99534734210611,-0.0271860015616184,0.0100811426488975,0.091885583440964,0.987491095626484,-0.0327698893669703,0.0908140905617868,0.124660624756647,0.996961009077057,-0.0147907531146417,-0.00628028416584034,0.0762268852384486,0.996961009077057,-0.0147907531146417,-0.00628028416584034,0.0762268852384486
117,887,0.993264843174422,-0.0232045035253979,0.105657556082467,0.0415088324638479,0.993264843174422,-0.0232045035253979,0.105657556082467,0.0415088324638479,0.997351030983637,-0.021064932892394,0.0550407925043345,0.0426345019744682,0.997353868417447,-0.0210627339655898,0.0549893534821301,0.0426355883537073,0.993264843174422,-0.0232045035253979,0.105657556082467,0.0415088324638479,0.975653135600311,-0.027622763689242,0.214101674063774,0.0387093668579104,0.993264843174422,-0.0232045035253979,0.105657556082467,0.0415088324638479,0.993264843174422,-0.0232045035253979,0.105657556082467,0.0415088324638479,0.993262655298794,-0.0232517033306518,0.105674450121054,0.0414917639131741,0.993262655298794,-0.0232517033306518,0.105674450121054,0.0414917639131741,0.993264426809106,-0.0232135960767911,0.105660717533055,0.0415056642298628,0.993264843174422,-0.0232045035253979,0.105657556082467,0.0415088324638479,0.993262655298794,-0.0232517033306518,0.105674450121054,0.0414917639131741,0.993262655298794,-0.0232517033306518,0.105674450121054,0.0414917639131741,0.993264426809106,-0.0232135960767911,0.105660717533055,0.0415056642298628,0.995048449181994,0.0175590200005071,-0.0659898369598559,0.0722191526891769,0.975246363590682,0.0174916892938627,0.00659999556336239,0.220329324347357,0.992882575697402,-0.0252447700413794,-0.00727268963861721,0.116163679553769,0.992882575697402,-0.0252447700413794,-0.00727268963861721,0.116163679553769,0.995247697619377,-0.0273770103705693,0.0105035400864007,0.0928557770531892,0.987340491569322,-0.033256304844597,0.0921589518785139,0.124737722780184,0.996950792008676,-0.0149690277209645,-0.00580669175679834,0.076363138052362,0.996950792008676,-0.0149690277209645,-0.00580669175679834,0.076363138052362
118,888,0.993291754170951,-0.0223087470990693,0.10557921032749,0.0415552793937019,0.993291754170951,-0.0223087470990693,0.10557921032749,0.0415552793937019,0.997373925474402,-0.0201679735014361,0.0549611803108611,0.0426353642820631,0.997376758802137,-0.0201657745313509,0.0549097401079661,0.0426364044001083,0.993291754170951,-0.0223087470990693,0.10557921032749,0.0415552793937019,0.975688487974604,-0.0267375264762999,0.214026757652429,0.0388539074038637,0.993291754170951,-0.0223087470990693,0.10557921032749,0.0415552793937019,0.993291754170951,-0.0223087470990693,0.10557921032749,0.0415552793937019,0.993290320532296,-0.0223558953962289,0.105583974582458,0.0415521045105202,0.993290320532296,-0.0223558953962289,0.105583974582458,0.0415521045105202,0.993291484971368,-0.0223177956815973,0.105580025832701,0.0415547834124376,0.993291754170951,-0.0223087470990693,0.10557921032749,0.0415552793937019,0.993290320532296,-0.0223558953962289,0.105583974582458,0.0415521045105202,0.993290320532296,-0.0223558953962289,0.105583974582458,0.0415521045105202,0.993291484971368,-0.0223177956815973,0.105580025832701,0.0415547834124376,0.995401151903648,0.0180308895881457,-0.064243048873688,0.0687332851023709,0.975470069523561,0.0170649491434646,0.00763577067513668,0.219336786656109,0.99275608563078,-0.0270978585573371,-0.00713117013689158,0.116834099975725,0.99275608563078,-0.0270978585573371,-0.00713117013689158,0.116834099975725,0.995182817897464,-0.0275521345344039,0.0111314501438285,0.0934244596556851,0.987217345034329,-0.0336250124012202,0.0933995444230949,0.124690806822105,0.996939488247149,-0.015023710816174,-0.00547186151758373,0.0765245295206606,0.996939488247149,-0.015023710816174,-0.00547186151758373,0.0765245295206606
119,889,0.993309364667074,-0.0214301774269552,0.10565027187718,0.0414158618456842,0.993309364667074,-0.0214301774269552,0.10565027187718,0.0414158618456842,0.997395124739527,-0.0192976247554132,0.0550312550179691,0.0424514757784796,0.997397961681377,-0.0192954352706401,0.0549798137216167,0.0424524710080358,0.993309364667074,-0.0214301774269552,0.10565027187718,0.0414158618456842,0.975698187762615,-0.0258489598824622,0.214099323398692,0.0388118202351609,0.993309364667074,-0.0214301774269552,0.10565027187718,0.0414158618456842,0.993309364667074,-0.0214301774269552,0.10565027187718,0.0414158618456842,0.993308433226825,-0.0214764637802228,0.105646959220737,0.0414226748457839,0.993308433226825,-0.0214764637802228,0.105646959220737,0.0414226748457839,0.993309189864664,-0.0214390536968844,0.105649569841511,0.0414172512280927,0.993309364667074,-0.0214301774269552,0.10565027187718,0.0414158618456842,0.993308433226825,-0.0214764637802228,0.105646959220737,0.0414226748457839,0.993308433226825,-0.0214764637802228,0.105646959220737,0.0414226748457839,0.993309189864664,-0.0214390536968844,0.105649569841511,0.0414172512280927,0.995758222698974,0.0185856541971135,-0.0623577329051892,0.0650511224528143,0.975508519611287,0.0166997693106258,0.00868254483360469,0.21915487511342,0.99257456369546,-0.0292703621887221,-0.00694860722339912,0.117858806458256,0.99257456369546,-0.0292703621887221,-0.00694860722339912,0.117858806458256,0.995155199814915,-0.0276855483373759,0.0119026224879622,0.0935840064995347,0.987125595738886,-0.0338764646485009,0.0945477065820661,0.124483631695659,0.99692897030873,-0.0150319831836739,-0.00518466275238039,0.0766797686021929,0.99692897030873,-0.0150319831836739,-0.00518466275238039,0.0766797686021929
120,890,0.993322832770705,-0.0204897173243913,0.105794985943415,0.0411988146623397,0.993322832770705,-0.0204897173243913,0.105794985943415,0.0411988146623398,0.997415930171867,-0.0183694108935966,0.0551750975873515,0.0421869125326504,0.997418774532452,-0.0183672350550585,0.0551236552177557,0.0421878598893984,0.993322832770705,-0.0204897173243913,0.105794985943415,0.0411988146623397,0.975695681482028,-0.0248903517113411,0.214244641220513,0.0386993699858412,0.993322832770705,-0.0204897173243913,0.105794985943415,0.0411988146623397,0.993322832770705,-0.0204897173243913,0.105794985943415,0.0411988146623397,0.993322137467682,-0.0205390551647296,0.105787587233958,0.0412100086968433,0.993322137467682,-0.0205390551647296,0.105787587233958,0.0412100086968433,0.993322701112469,-0.0204992107880617,0.105793532290285,0.041200999226225,0.993322832770705,-0.0204897173243913,0.105794985943415,0.0411988146623397,0.993322137467682,-0.0205390551647296,0.105787587233958,0.0412100086968433,0.993322137467682,-0.0205390551647296,0.105787587233958,0.0412100086968433,0.993322701112469,-0.0204992107880617,0.105793532290285,0.041200999226225,0.996073479214954,0.0192691469008014,-0.0607094921124608,0.0614872470499368,0.97551034751578,0.0163496037252488,0.00976293347419338,0.219127673920135,0.992495377313936,-0.0300492793804157,-0.00643167661354123,0.118357933215838,0.992495377313936,-0.0300492793804157,-0.00643167661354123,0.118357933215838,0.995164571752425,-0.0277978016607229,0.0127612979457594,0.0933375949249957,0.987072619573913,-0.0340447570842466,0.0955714403114292,0.124075372251578,0.996918541149913,-0.0149740622137355,-0.00494443689225934,0.0768423861951742,0.996918541149913,-0.0149740622137355,-0.00494443689225934,0.0768423861951742
121,891,0.993338068765839,-0.0194765972879373,0.105911597932547,0.041022880469468,0.993338068765839,-0.0194765972879373,0.105911597932547,0.041022880469468,0.99743707299269,-0.0173665415304887,0.0552907845472246,0.0419597163860596,0.997439923319867,-0.0173643774110555,0.055239341087022,0.0419606120195496,0.993338068765839,-0.0194765972879373,0.105911597932547,0.041022880469468,0.975698018650786,-0.0238640382615206,0.214362221104844,0.0386357637659906,0.993338068765839,-0.0194765972879373,0.105911597932547,0.041022880469468,0.993338068765839,-0.0194765972879373,0.105911597932547,0.041022880469468,0.993337300026486,-0.0195297207377784,0.105905400363232,0.0410322380318178,0.993337300026486,-0.0195297207377784,0.105905400363232,0.0410322380318178,0.993337920456899,-0.019486823530043,0.105910417848215,0.0410246618790317,0.993338068765839,-0.0194765972879373,0.105911597932547,0.041022880469468,0.993337300026486,-0.0195297207377784,0.105905400363232,0.0410322380318178,0.993337300026486,-0.0195297207377784,0.105905400363232,0.0410322380318178,0.993337920456899,-0.019486823530043,0.105910417848215,0.0410246618790317,0.996325503182951,0.0198914856335901,-0.0595825743501164,0.058221450860834,0.975623811033185,0.0160029466753115,0.0108455056724785,0.218596569162234,0.992495402928015,-0.0298121820843185,-0.00571670294169193,0.118454329906531,0.992495402928015,-0.0298121820843185,-0.00571670294169193,0.118454329906531,0.995205705606829,-0.0279531947379743,0.0136841688349792,0.0927198250367759,0.987055316657275,-0.034141864239606,0.0964632963364045,0.12349480727855,0.99690953920443,-0.0148441806983565,-0.004737279563055,0.076997266996616,0.99690953920443,-0.0148441806983565,-0.004737279563055,0.076997266996616
122,892,0.993350033856508,-0.0184321298280503,0.106010823939993,0.0409593949520874,0.993350033856508,-0.0184321298280503,0.106010823939993,0.0409593949520874,0.997454065536632,-0.0163266503291378,0.0553892742289119,0.0418432304425609,0.997456920943449,-0.0163244922189168,0.0553378298921781,0.0418440724432232,0.993350033856508,-0.0184321298280503,0.106010823939993,0.0409593949520874,0.975699014079093,-0.022818916442745,0.214462160952107,0.0386873687037283,0.993350033856508,-0.0184321298280503,0.106010823939993,0.0409593949520874,0.993350033856508,-0.0184321298280503,0.106010823939993,0.0409593949520874,0.993349425977592,-0.0184870099193144,0.106005555834992,0.0409630382948653,0.993349425977592,-0.0184870099193144,0.106005555834992,0.0409630382948653,0.993349918263386,-0.0184426768698652,0.106009820470214,0.0409600478499506,0.993350033856508,-0.0184321298280503,0.106010823939993,0.0409593949520874,0.993349425977592,-0.0184870099193144,0.106005555834992,0.0409630382948653,0.993349425977592,-0.0184870099193144,0.106005555834992,0.0409630382948653,0.993349918263386,-0.0184426768698652,0.106009820470214,0.0409600478499506,0.996510170489437,0.0203816677294583,-0.0589601668723987,0.0554595929849706,0.975900603510487,0.0156389411556017,0.0118897683909259,0.217329402049075,0.992458458695864,-0.0299108870894409,-0.00510995935249094,0.118766303773293,0.992458458695864,-0.0299108870894409,-0.00510995935249094,0.118766303773293,0.995276089654711,-0.0281208141160959,0.0146190553219178,0.0917660525279885,0.987062983118194,-0.0342109285671059,0.0972347516891807,0.122807502980609,0.996899259616348,-0.0147270884171738,-0.00459776982278199,0.0771611272324843,0.996899259616348,-0.0147270884171738,-0.00459776982278199,0.0771611272324843
123,893,0.993353926243552,-0.0174719830915539,0.106108124642429,0.0410338020202352,0.993353926243552,-0.0174719830915539,0.106108124642429,0.0410338020202352,0.997462897960446,-0.0153639628348757,0.0554862513688011,0.041868744277754,0.997465758368902,-0.0153618034100444,0.055434806576401,0.0418695366272252,0.993353926243552,-0.0174719830915539,0.106108124642429,0.0410338020202352,0.975692197076748,-0.0218727490689622,0.214559300572503,0.0388667717922857,0.993353926243552,-0.0174719830915539,0.106108124642429,0.0410338020202352,0.993353926243552,-0.0174719830915539,0.106108124642429,0.0410338020202352,0.993353725903546,-0.0175227348757423,0.106102998836723,0.0410302648525659,0.993353725903546,-0.0175227348757423,0.106102998836723,0.0410302648525659,0.99335389087121,-0.0174816901136848,0.106107142103393,0.0410330646728723,0.993353926243552,-0.0174719830915539,0.106108124642429,0.0410338020202352,0.993353725903546,-0.0175227348757423,0.106102998836723,0.0410302648525659,0.993353725903546,-0.0175227348757423,0.106102998836723,0.0410302648525659,0.99335389087121,-0.0174816901136848,0.106107142103393,0.0410330646728723,0.996638410660575,0.0207481279492325,-0.0585441410313515,0.0534226275417747,0.976258473886997,0.0152474106586334,0.0128406818983903,0.215689650934911,0.992430311705351,-0.0298299809577721,-0.00455885309550554,0.119043964580035,0.992430311705351,-0.0298299809577721,-0.00455885309550554,0.119043964580035,0.995362635250385,-0.0283048266694043,0.0155578321446901,0.0906091330583303,0.987081752683965,-0.0342166383874407,0.0979132422352625,0.122114012999304,0.996889597441729,-0.0146184998396113,-0.00449723997321223,0.077312384567617,0.996889597441729,-0.0146184998396113,-0.00449723997321223,0.077312384567617
124,894,0.993344342564406,-0.0166598309225704,0.106250771177828,0.0412339757122277,0.993344342564406,-0.0166598309225704,0.106250771177828,0.0412339757122277,0.997460576322685,-0.0145426868780916,0.055629200628909,0.042027383665546,0.997463444103835,-0.0145405192724357,0.0555777559560586,0.0420281336570296,0.993344342564406,-0.0166598309225704,0.106250771177828,0.0412339757122277,0.97566700551189,-0.0210874931238923,0.214700031756067,0.039154927571827,0.993344342564406,-0.0166598309225704,0.106250771177828,0.0412339757122277,0.993344342564406,-0.0166598309225704,0.106250771177828,0.0412339757122277,0.993344830794321,-0.0167029764457374,0.106243384598799,0.041223790959182,0.993344830794321,-0.0167029764457374,0.106243384598799,0.041223790959182,0.993344441669085,-0.0166680495762299,0.106249335274284,0.0412319667519211,0.993344342564406,-0.0166598309225704,0.106250771177828,0.0412339757122277,0.993344830794321,-0.0167029764457374,0.106243384598799,0.041223790959182,0.993344830794321,-0.0167029764457374,0.106243384598799,0.041223790959182,0.993344441669085,-0.0166680495762299,0.106249335274284,0.0412319667519211,0.996724900882906,0.0208605249122115,-0.0581391084342555,0.0521934337902682,0.976532205592854,0.014901701672898,0.0137128985863946,0.214417226778931,0.992452058027264,-0.0289956188010913,-0.00396134704908853,0.11909019412759,0.992452058027264,-0.0289956188010913,-0.00396134704908853,0.11909019412759,0.995444241751891,-0.0285208728671512,0.0165397163892478,0.0894637309509388,0.987104826147804,-0.034171485444912,0.0985229551191048,0.121447927494874,0.996879925111369,-0.0145941873210635,-0.0044801310667381,0.077442578934427,0.996879925111369,-0.0145941873210635,-0.0044801310667381,0.077442578934427
125,895,0.993323906576151,-0.0160781737551709,0.10643429344098,0.0414831307004655,0.993323906576151,-0.0160781737551709,0.10643429344098,0.0414831307004655,0.99744949380774,-0.0139491187014549,0.0558135243347925,0.042246655387925,0.997452371095504,-0.013946939787524,0.055762080233284,0.0422473747654994,0.993323906576151,-0.0160781737551709,0.10643429344098,0.0414831307004655,0.975626538190848,-0.0205367172235171,0.214880199585092,0.0394664547393691,0.993323906576151,-0.0160781737551709,0.10643429344098,0.0414831307004655,0.993323906576151,-0.0160781737551709,0.10643429344098,0.0414831307004655,0.993324964453575,-0.0161094140811032,0.10642474924814,0.041470164199548,0.993324964453575,-0.0161094140811032,0.10642474924814,0.041470164199548,0.993324114118425,-0.016084072549289,0.106432444093975,0.0414806191523077,0.993323906576151,-0.0160781737551709,0.10643429344098,0.0414831307004655,0.993324964453575,-0.0161094140811032,0.10642474924814,0.041470164199548,0.993324964453575,-0.0161094140811032,0.10642474924814,0.041470164199548,0.993324114118425,-0.016084072549289,0.106432444093975,0.0414806191523077,0.99678791806538,0.0206657711046964,-0.0576089895597899,0.0516524600133685,0.976616382674637,0.014617044126377,0.0144834381658994,0.214002367116369,0.992502970956296,-0.0276893801390234,-0.00333347105774973,0.118995961448909,0.992502970956296,-0.0276893801390234,-0.00333347105774973,0.118995961448909,0.995509731090021,-0.0287066355473554,0.0175220034662905,0.0884832400805519,0.987123633931377,-0.0340672316832212,0.0990804637545231,0.120869420292082,0.996870957511105,-0.0146359090060045,-0.00447076294495141,0.077550606168829,0.996870957511105,-0.0146359090060045,-0.00447076294495141,0.077550606168829
126,896,0.993292924812519,-0.0157397417780053,0.10669287553859,0.0416900030638073,0.993292924812519,-0.0157397417780053,0.10669287553859,0.0416900030638073,0.997431693875656,-0.0136006103048622,0.0560733468382442,0.0424360604443182,0.997434584563938,-0.0135984216227209,0.0560219036544318,0.042436761847121,0.993292924812519,-0.0157397417780053,0.10669287553859,0.0416900030638073,0.975567345595557,-0.0202230516855606,0.215133815056909,0.0397092433473831,0.993292924812519,-0.0157397417780053,0.10669287553859,0.0416900030638073,0.993292924812519,-0.0157397417780053,0.10669287553859,0.0416900030638073,0.993294532878802,-0.0157582254903624,0.106679469877012,0.0416790113754845,0.993294532878802,-0.0157582254903624,0.106679469877012,0.0416790113754845,0.993293237842367,-0.0157431851038642,0.106690271346148,0.0416879092723239,0.993292924812519,-0.0157397417780053,0.10669287553859,0.0416900030638073,0.993294532878802,-0.0157582254903624,0.106679469877012,0.0416790113754845,0.993294532878802,-0.0157582254903624,0.106679469877012,0.0416790113754845,0.993293237842367,-0.0157431851038642,0.106690271346148,0.0416879092723239,0.996846080918393,0.0202655385447172,-0.0568761688326703,0.0515004885806978,0.976517001346219,0.0144600087719628,0.015202449189339,0.21441627682326,0.992544228591495,-0.0264392000221354,-0.00271602378572249,0.118951865082895,0.992544228591495,-0.0264392000221354,-0.00271602378572249,0.118951865082895,0.995547250991242,-0.0288473706144711,0.0185524658716107,0.0878026552132455,0.987134195893986,-0.0339038809819367,0.0996002071545067,0.120401016963631,0.996858878570379,-0.0147488653315562,-0.00444215793181352,0.077685998865617,0.996858878570379,-0.0147488653315562,-0.00444215793181352,0.077685998865617
127,897,0.993254751208206,-0.0156285522336795,0.107012140906048,0.0418228317562144,0.993254751208206,-0.0156285522336795,0.107012140906048,0.0418228317562144,0.997409795473599,-0.0134828137618244,0.0563941396980653,0.042563066549456,0.997412702706985,-0.0134806185294274,0.0563426976432488,0.042563761876666,0.993254751208206,-0.0156285522336795,0.107012140906048,0.0418228317562144,0.975494340249311,-0.0201271223395045,0.215446956907105,0.0398534797396674,0.993254751208206,-0.0156285522336795,0.107012140906048,0.0418228317562144,0.993254751208206,-0.0156285522336795,0.107012140906048,0.0418228317562144,0.993256743824406,-0.0156350359522598,0.106995507734783,0.0418156408857464,0.993256743824406,-0.0156350359522598,0.106995507734783,0.0418156408857464,0.99325513674531,-0.0156296985729615,0.107008922282643,0.0418214825595882,0.993254751208206,-0.0156285522336795,0.107012140906048,0.0418228317562144,0.993256743824406,-0.0156350359522598,0.106995507734783,0.0418156408857464,0.993256743824406,-0.0156350359522598,0.106995507734783,0.0418156408857464,0.99325513674531,-0.0156296985729615,0.107008922282643,0.0418214825595882,0.996920407873137,0.0197740481721703,-0.0558348150875581,0.0513922251812577,0.976316879002119,0.0144410084747294,0.0159234243353887,0.215274832730698,0.992560577870849,-0.0253718641731911,-0.00205956410480347,0.119061017804998,0.992560577870849,-0.0253718641731911,-0.00205956410480347,0.119061017804998,0.995547258526129,-0.028996747363354,0.0196293203981101,0.0875187663542106,0.987132199230625,-0.0336978220801238,0.100071675221884,0.120083878382783,0.99684677922129,-0.0149540589273606,-0.00437442992404093,0.0778057789664778,0.99684677922129,-0.0149540589273606,-0.00437442992404093,0.0778057789664778
128,898,0.993210743244832,-0.0156572420660126,0.107376182343903,0.0419240472662695,0.993210743244832,-0.0156572420660126,0.107376182343903,0.0419240472662695,0.997384345884954,-0.0135063224910198,0.0567599472810284,0.0426656093483579,0.997387271985109,-0.0135041219698881,0.0567085065383024,0.0426663058879076,0.993210743244832,-0.0156572420660126,0.107376182343903,0.0419240472662695,0.975410618397281,-0.0201667544124827,0.215803963238713,0.0399509322139637,0.993210743244832,-0.0156572420660126,0.107376182343903,0.0419240472662695,0.993210743244832,-0.0156572420660126,0.107376182343903,0.0419240472662695,0.993213047030953,-0.0156561318195232,0.107357149019122,0.0419186271056886,0.993213047030953,-0.0156561318195232,0.107357149019122,0.0419186271056886,0.993211187908107,-0.0156569666425558,0.107372509821932,0.0419230216499176,0.993210743244832,-0.0156572420660126,0.107376182343903,0.0419240472662695,0.993213047030953,-0.0156561318195232,0.107357149019122,0.0419186271056886,0.993213047030953,-0.0156561318195232,0.107357149019122,0.0419186271056886,0.993211187908107,-0.0156569666425558,0.107372509821932,0.0419230216499176,0.997014204228233,0.0193717860407521,-0.0547555824182785,0.0508845425131192,0.976281502313921,0.0144475885310629,0.0167198490361594,0.215374422978958,0.992600083614092,-0.0238048693890155,-0.00144789187321346,0.119064292765681,0.992600083614092,-0.0238048693890155,-0.00144789187321346,0.119064292765681,0.995516145445076,-0.0291520605427362,0.0207519779958497,0.087562074744444,0.98713977683507,-0.0333936971931779,0.100444075214995,0.119795282594863,0.996834283811469,-0.0152271025761635,-0.00423020752853397,0.0779208015197262,0.996834283811469,-0.0152271025761635,-0.00423020752853397,0.0779208015197262
129,899,0.993173249292459,-0.0156274237941646,0.107721403719549,0.0419378074785322,0.993173249292459,-0.0156274237941646,0.107721403719549,0.0419378074785322,0.99736444540627,-0.0134758434246399,0.0571066280644815,0.0426778363385897,0.997367389386711,-0.0134736422729347,0.057055188347673,0.0426785313061478,0.993173249292459,-0.0156274237941646,0.107721403719549,0.0419378074785322,0.975335438027868,-0.0201386276926192,0.216142978735,0.0399678839220558,0.993173249292459,-0.0156274237941646,0.107721403719549,0.0419378074785322,0.993173249292459,-0.0156274237941646,0.107721403719549,0.0419378074785322,0.993175242374579,-0.01562885924574,0.107703191330669,0.0419368485947871,0.993175242374579,-0.01562885924574,0.107703191330669,0.0419368485947871,0.9931736292895,-0.0156277192322667,0.107717914846757,0.041937659646038,0.993173249292459,-0.0156274237941646,0.107721403719549,0.0419378074785322,0.993175242374579,-0.01562885924574,0.107703191330669,0.0419368485947871,0.993175242374579,-0.01562885924574,0.107703191330669,0.0419368485947871,0.9931736292895,-0.0156277192322667,0.107717914846757,0.041937659646038,0.997110071303096,0.0189800050571609,-0.0534750766184529,0.0505141692460136,0.976134924285079,0.014448629431742,0.0173909128605104,0.215984728275832,0.992643332874337,-0.0221925735679301,-0.000635091958730844,0.119022266978763,0.992643332874337,-0.0221925735679301,-0.000635091958730844,0.119022266978763,0.995444185352246,-0.029381854952919,0.0218354978239547,0.0880385795132404,0.987087175729863,-0.0330367658625254,0.100842460774789,0.119992823601551,0.996816241196046,-0.015584115650774,-0.0041018459487425,0.0780877166203729,0.996816241196046,-0.015584115650774,-0.0041018459487425,0.0780877166203729
130,900,0.993136452141339,-0.0155137268206447,0.108065713299337,0.0419656206597083,0.993136452141339,-0.0155137268206447,0.108065713299337,0.0419656206597083,0.997345194488599,-0.0133608798456806,0.0574523628171938,0.0426998352100967,0.997348156300533,-0.013358677559524,0.0574009240928025,0.0427005242483133,0.993136452141339,-0.0155137268206447,0.108065713299337,0.0419656206597083,0.975261050380938,-0.0200286729767205,0.216481164475457,0.0400080153970641,0.993136452141339,-0.0155137268206447,0.108065713299337,0.0419656206597083,0.993136452141339,-0.0155137268206447,0.108065713299337,0.0419656206597083,0.993138395120576,-0.0155194834962063,0.108047587577771,0.0419641822029497,0.993138395120576,-0.0155194834962063,0.108047587577771,0.0419641822029497,0.993136824582008,-0.01551486675524,0.108062235387547,0.0419653410778418,0.993136452141339,-0.0155137268206447,0.108065713299337,0.0419656206597083,0.993138395120576,-0.0155194834962063,0.108047587577771,0.0419641822029497,0.993138395120576,-0.0155194834962063,0.108047587577771,0.0419641822029497,0.993136824582008,-0.01551486675524,0.108062235387547,0.0419653410778418,0.997199586422527,0.0186249577907782,-0.0522882428275731,0.0501202099759957,0.976069029853447,0.0144056609131977,0.0180660716767387,0.216229838248046,0.992669434526113,-0.0205996953528897,0.000222091858259818,0.119092388439315,0.992669360734793,-0.0205199558089228,-0.000442521823839115,0.119106153688264,0.995340932686245,-0.0296936129974711,0.0228850955100487,0.0888312415196878,0.987008485497182,-0.0326065546972732,0.101196657600732,0.12045870096333,0.996792341100573,-0.0160117020694687,-0.00402851504609651,0.0783098026213922,0.996792341100573,-0.0160117020694687,-0.00402851504609651,0.0783098026213922
131,901,0.993090882732072,-0.0153233655680226,0.108475102311053,0.0420576423579428,0.993090882732072,-0.0153233655680226,0.108475102311053,0.0420576423579428,0.997320490149899,-0.0131660878221679,0.0578635387279966,0.0427820633501804,0.997323473168498,-0.0131638812953071,0.0578121012771988,0.0427827423417778,0.993090882732072,-0.0153233655680226,0.108475102311053,0.0420576423579428,0.975170796326007,-0.0198495692761417,0.216883072598718,0.0401203864960388,0.993090882732072,-0.0153233655680226,0.108475102311053,0.0420576423579428,0.993090882732072,-0.0153233655680226,0.108475102311053,0.0420576423579428,0.993093263828787,-0.0153331715493234,0.108453727171837,0.0420529695819734,0.993093263828787,-0.0153331715493234,0.108453727171837,0.0420529695819734,0.993091343221063,-0.0153252805964817,0.108470973758596,0.0420567193904431,0.993090882732072,-0.0153233655680226,0.108475102311053,0.0420576423579428,0.993093263828787,-0.0153331715493234,0.108453727171837,0.0420529695819734,0.993093263828787,-0.0153331715493234,0.108453727171837,0.0420529695819734,0.993091343221063,-0.0153252805964817,0.108470973758596,0.0420567193904431,0.997273921087947,0.0182946347898005,-0.0513421068372638,0.0497395287602326,0.9761018515393,0.014292435107243,0.0187724205179253,0.216028928498369,0.99271834387686,-0.0185162979034632,0.00129849512035701,0.119019957791779,0.992716794552231,-0.0180988692980314,-0.00218224039390656,0.119084149117082,0.995213380528398,-0.0300871278146631,0.0239057733655539,0.0898532467799414,0.986911869349887,-0.0321091203071607,0.101521723187354,0.121108654729882,0.996763416909131,-0.016467657777543,-0.0039657042077199,0.0785861320405432,0.996763416909131,-0.016467657777543,-0.0039657042077199,0.0785861320405432
132,902,0.99302727676124,-0.0151269288408284,0.109012477746815,0.042240778017232,0.99302727676124,-0.0151269288408284,0.109012477746815,0.042240778017232,0.997284277150868,-0.0129605975343032,0.0584034523295911,0.0429549789338834,0.997287288015867,-0.0129583820894957,0.0583520167457814,0.042955647326972,0.99302727676124,-0.0151269288408284,0.109012477746815,0.042240778017232,0.975048558969732,-0.0196744332496411,0.217410212150655,0.0403239876495613,0.99302727676124,-0.0151269288408284,0.109012477746815,0.042240778017232,0.99302727676124,-0.0151269288408284,0.109012477746815,0.042240778017232,0.993030585415685,-0.0151372411186105,0.108984541237263,0.0422313879904872,0.993030585415685,-0.0151372411186105,0.108984541237263,0.0422313879904872,0.993027919247321,-0.0151289123862537,0.109007062906553,0.0422389375083299,0.99302727676124,-0.0151269288408284,0.109012477746815,0.042240778017232,0.993030585415685,-0.0151372411186105,0.108984541237263,0.0422313879904872,0.993030585415685,-0.0151372411186105,0.108984541237263,0.0422313879904872,0.993027919247321,-0.0151289123862537,0.109007062906553,0.0422389375083299,0.997336718168117,0.017967620526975,-0.0506639255403303,0.04929302034866,0.976257469997296,0.0140726095922071,0.0195242740918085,0.215272192014977,0.992778465058637,-0.0160292039077176,0.00244510815855609,0.118861286313057,0.992774050287031,-0.0152764184343789,-0.00383983264927868,0.118960379125688,0.995069372144807,-0.0305381257083034,0.0249094049524463,0.0910158724755069,0.986805654009927,-0.0316155664671095,0.101840301908652,0.121834355081639,0.996722452650479,-0.0169549606976436,-0.00397533148988086,0.0790004963889523,0.996722452650479,-0.0169549606976436,-0.00397533148988086,0.0790004963889523
133,903,0.992942173607755,-0.0149565974689171,0.109687072770569,0.0425545077551588,0.992942173607755,-0.0149565974689171,0.109687072770569,0.0425545077551588,0.997233568595239,-0.0127745417456112,0.0590815007313983,0.0432596465695309,0.997236614431039,-0.0127723105876438,0.0590300677620094,0.0432603053662806,0.992942173607755,-0.0149565974689171,0.109687072770569,0.0425545077551588,0.974889884610917,-0.019539586891634,0.218071380389958,0.0406545259747961,0.992942173607755,-0.0149565974689171,0.109687072770569,0.0425545077551588,0.992942173607755,-0.0149565974689171,0.109687072770569,0.0425545077551588,0.992946609253746,-0.0149656298791343,0.109651947853266,0.0425383524104278,0.992946609253746,-0.0149656298791343,0.109651947853266,0.0425383524104278,0.99294303400857,-0.0149583206626127,0.109680272996501,0.0425513521785607,0.992942173607755,-0.0149565974689171,0.109687072770569,0.0425545077551588,0.992946609253746,-0.0149656298791343,0.109651947853266,0.0425383524104278,0.992946609253746,-0.0149656298791343,0.109651947853266,0.0425383524104278,0.99294303400857,-0.0149583206626127,0.109680272996501,0.0425513521785607,0.997394463253885,0.0176991741634959,-0.0501870006312245,0.0487061481957418,0.976527893832971,0.0137768405075782,0.0202853069399416,0.213990601555589,0.992829485018359,-0.0134215226614539,0.00368750112115529,0.11872606598009,0.992819966065048,-0.0122982576169316,-0.00570078669453163,0.118847670878516,0.994919044259796,-0.0310474720491068,0.0259220236123506,0.0921965213029982,0.986709036186411,-0.0311395725959286,0.10213737471288,0.122489026501919,0.996673565014761,-0.0174286927185532,-0.00390924884107477,0.0795158049974215,0.996673565014761,-0.0174286927185532,-0.00390924884107477,0.0795158049974215
134,904,0.992842298309199,-0.0148399993085216,0.110439855447963,0.0429765451992665,0.992842298309199,-0.0148399993085216,0.110439855447963,0.0429765451992665,0.997172080678165,-0.0126366452584764,0.0598383865026346,0.0436752128026063,0.997175165550863,-0.0126343926676267,0.0597869567035135,0.0436758644867132,0.992842298309198,-0.0148399993085216,0.110439855447963,0.0429765451992665,0.974707940666583,-0.0194700433882056,0.218808641019427,0.0410868157345262,0.992842298309198,-0.0148399993085216,0.110439855447963,0.0429765451992665,0.992842298309198,-0.0148399993085216,0.110439855447963,0.0429765451992665,0.992847533651984,-0.0148462811338019,0.110400462264629,0.0429546364136132,0.992847533651984,-0.0148462811338019,0.110400462264629,0.0429546364136132,0.992843309509037,-0.0148411825796537,0.110432260049907,0.0429722934348425,0.992842298309198,-0.0148399993085216,0.110439855447963,0.0429765451992665,0.992847533651984,-0.0148462811338019,0.110400462264629,0.0429546364136132,0.992847533651984,-0.0148462811338019,0.110400462264629,0.0429546364136132,0.992843309509037,-0.0148411825796537,0.110432260049907,0.0429722934348425,0.9974508232418,0.0174650888430771,-0.0498269409898139,0.0480010607961482,0.976867645796204,0.0134245978929254,0.0210346661199647,0.212383910853005,0.992871533719129,-0.010738791696107,0.00491562746097436,0.118602835083301,0.992855846161472,-0.0092623855049008,-0.00743737898043965,0.118727260356026,0.994770705084899,-0.0315502509891794,0.0269318703250242,0.0933300612247102,0.986617971351117,-0.0307351036260851,0.10244653100263,0.123065187188037,0.996602506349513,-0.0178311811982476,-0.00379041689046805,0.080318902225704,0.996602506349513,-0.0178311811982476,-0.00379041689046805,0.080318902225704
135,905,0.992731983631701,-0.0147662113437203,0.111227884960069,0.0435146559739357,0.992731983631701,-0.0147662113437203,0.111227884960069,0.0435146559739357,0.997101958205915,-0.0125356045041824,0.0606310041146682,0.0442088780867838,0.997105083958412,-0.0125333243893753,0.0605795779310995,0.0442095245589464,0.992731983631701,-0.0147662113437203,0.111227884960069,0.0435146559739357,0.974511749579827,-0.0194557986382497,0.219579788798713,0.0416297751774529,0.992731983631701,-0.0147662113437203,0.111227884960069,0.0435146559739357,0.992731983631701,-0.0147662113437203,0.111227884960069,0.0435146559739357,0.992737785135786,-0.0147702151909168,0.111186516507542,0.04348665604327,0.992737785135786,-0.0147702151909168,0.111186516507542,0.04348665604327,0.992733101535338,-0.0147669611252843,0.111219929230115,0.0435092325512822,0.992731983631701,-0.0147662113437203,0.111227884960069,0.0435146559739357,0.992737785135786,-0.0147702151909168,0.111186516507542,0.04348665604327,0.992737785135786,-0.0147702151909168,0.111186516507542,0.04348665604327,0.992733101535338,-0.0147669611252843,0.111219929230115,0.0435092325512822,0.997504841809474,0.0172613473275258,-0.0495125178884393,0.0472720533448835,0.977218353923563,0.0130396950504787,0.0218206588279616,0.210708599625706,0.992906916286312,-0.00799963586369265,0.00613450770506806,0.118466152263296,0.992888108513266,-0.00623376388465388,-0.00865913199609217,0.118572187269412,0.994630876679828,-0.0320317838476222,0.0278832586748833,0.094371117744391,0.986521573014204,-0.0304385885852144,0.102796039965527,0.123618981026082,0.996530624358543,-0.0182336549470237,-0.00367158180847472,0.0811219330999309,0.996530624358543,-0.0182336549470237,-0.00367158180847472,0.0811219330999309
136,906,0.992618649115288,-0.0147575925059725,0.112001140186752,0.0441154790162719,0.992618649115288,-0.0147575925059725,0.112001140186752,0.0441154790162719,0.997028068930868,-0.0124964614634452,0.061409020009902,0.0448084866548748,0.997031234810078,-0.0124941504235358,0.0613575976361801,0.0448091311074151,0.992618649115288,-0.0147575925059725,0.112001140186752,0.0441154790162719,0.974314179475467,-0.0195132160613775,0.220335920012238,0.0422279104899764,0.992618649115288,-0.0147575925059725,0.112001140186752,0.0441154790162719,0.992618649115288,-0.0147575925059725,0.112001140186752,0.0441154790162719,0.992624631222051,-0.0147582240165454,0.111960411850751,0.0440840389866402,0.992624631222051,-0.0147582240165454,0.111960411850751,0.0440840389866402,0.992619798508981,-0.0147576862645747,0.111993328625318,0.0441094167670298,0.992618649115288,-0.0147575925059725,0.112001140186752,0.0441154790162719,0.992624631222051,-0.0147582240165454,0.111960411850751,0.0440840389866402,0.992624631222051,-0.0147582240165454,0.111960411850751,0.0440840389866402,0.992619798508981,-0.0147576862645747,0.111993328625318,0.0441094167670298,0.997555752719414,0.0170005938153698,-0.0492096394064791,0.0466037704033947,0.977538271257735,0.0126660675672868,0.0225957490339635,0.209160060920853,0.992931894647047,-0.00556339149052052,0.00711658787807243,0.118341266871374,0.992910423875647,-0.00356342203470877,-0.00965833264517142,0.11841836341126,0.994502036095765,-0.0324600006902202,0.0287725123877961,0.0953110229063975,0.986403965798362,-0.0302581329682442,0.10319171963897,0.124270393274073,0.996428910282522,-0.0185961777202242,-0.00348479608810723,0.0822889125193058,0.996428910282522,-0.0185961777202242,-0.00348479608810723,0.0822889125193058
137,907,0.992511895987488,-0.0148040015511161,0.11269557976836,0.0447290080604318,0.992511895987488,-0.0148040015511161,0.11269557976836,0.0447290080604318,0.996956746929609,-0.0125116294420731,0.0621079876307081,0.0454235814605131,0.996959948858568,-0.0125092866782777,0.0620565689345294,0.0454242266945325,0.992511895987488,-0.0148040015511161,0.11269557976836,0.0447290080604318,0.974131806712488,-0.0196267239230981,0.221014435110171,0.0428326316263909,0.992511895987488,-0.0148040015511161,0.11269557976836,0.0447290080604318,0.992511895987488,-0.0148040015511161,0.11269557976836,0.0447290080604318,0.992517555644866,-0.0148017130155088,0.112658823966146,0.0446967606333201,0.992517555644866,-0.0148017130155088,0.112658823966146,0.0446967606333201,0.992512979389492,-0.0148035384634624,0.112688557752835,0.0447228123438171,0.992511895987488,-0.0148040015511161,0.11269557976836,0.0447290080604318,0.992517555644866,-0.0148017130155088,0.112658823966146,0.0446967606333201,0.992517555644866,-0.0148017130155088,0.112658823966146,0.0446967606333201,0.992512979389492,-0.0148035384634624,0.112688557752835,0.0447228123438171,0.997600392429257,0.0166470318343966,-0.048925103902091,0.0460724165229868,0.977820399178102,0.0123107626962305,0.0233841229339247,0.207771256115049,0.992950005902325,-0.00312710864099743,0.00809861883283765,0.118215563032625,0.992931955783722,-0.000963517158346251,-0.0100713967223718,0.118252990601755,0.994390055564521,-0.0327717240398911,0.0295607412391749,0.0961280087967765,0.986256078410948,-0.0301981808211713,0.103615875211251,0.125103029846425,0.996301751319358,-0.0189091899763618,-0.00317449460144825,0.0837567038298767,0.996301751319358,-0.0189091899763618,-0.00317449460144825,0.0837567038298767
138,908,0.992417887999507,-0.0148804384844945,0.113283763762181,0.0453000772293151,0.992417887999507,-0.0148804384844945,0.113283763762181,0.0453000772293151,0.996892753420895,-0.0125589444217793,0.062700189237624,0.0459977973546929,0.996895985893075,-0.0125565720424082,0.0626487738411595,0.0459984450282458,0.992417887999507,-0.0148804384844945,0.113283763762181,0.0453000772293151,0.973973771292621,-0.0197654149730046,0.22158873705032,0.0433918519703603,0.992417887999507,-0.0148804384844945,0.113283763762181,0.0453000772293151,0.992417887999507,-0.0148804384844945,0.113283763762181,0.0453000772293151,0.992422889547097,-0.0148765024829045,0.11325251884186,0.0452699122247986,0.992422889547097,-0.0148765024829045,0.11325251884186,0.0452699122247986,0.992418842364336,-0.0148796695359362,0.113277812095299,0.0452943047373009,0.992417887999507,-0.0148804384844945,0.113283763762181,0.0453000772293151,0.992422889547097,-0.0148765024829045,0.11325251884186,0.0452699122247986,0.992422889547097,-0.0148765024829045,0.11325251884186,0.0452699122247986,0.992418842364336,-0.0148796695359362,0.113277812095299,0.0452943047373009,0.997642544218493,0.0162674050487852,-0.0485861476562595,0.0456520728352516,0.978060344613716,0.0119954470419951,0.0241635363935554,0.206567652485376,0.992961249926888,-0.000690804164427257,0.00908059377764906,0.118089041616414,0.99294699866724,0.00164064282984953,-0.0105242043615505,0.118079664851242,0.994298339965626,-0.0329323185536139,0.0302669968588372,0.0967997026722217,0.98607381960159,-0.0302618785674361,0.104042841040037,0.126165479550539,0.996143575976007,-0.0192222223309536,-0.00277204723637025,0.0855616617680666,0.996143575976007,-0.0192222223309536,-0.00277204723637025,0.0855616617680666
139,909,0.992338762099274,-0.0149762517137573,0.113780883777959,0.045753727789046,0.992338762099274,-0.0149762517137573,0.113780883777959,0.045753727789046,0.996838994666969,-0.0126315781670125,0.0632006882032089,0.0464557311318915,0.99684225295274,-0.0126291821693488,0.0631492755787171,0.0464563825509622,0.992338762099274,-0.0149762517137573,0.113780883777959,0.045753727789046,0.973840528851173,-0.0199104698631033,0.222074160236799,0.0438322359892625,0.992338762099274,-0.0149762517137573,0.113780883777959,0.045753727789046,0.992338762099274,-0.0149762517137573,0.113780883777959,0.045753727789046,0.992342980969567,-0.0149712644403861,0.113754466961783,0.0457295375849243,0.992342980969567,-0.0149712644403861,0.113754466961783,0.0457295375849243,0.992339565259253,-0.0149752859274774,0.113775853331012,0.0457491336668475,0.992338762099274,-0.0149762517137573,0.113780883777959,0.045753727789046,0.992342980969567,-0.0149712644403861,0.113754466961783,0.0457295375849243,0.992342980969567,-0.0149712644403861,0.113754466961783,0.0457295375849243,0.992339565259253,-0.0149752859274774,0.113775853331012,0.0457491336668475,0.997686728131389,0.0160235665914027,-0.0481211093252336,0.0452636350891404,0.978249208742075,0.0117547671014116,0.0249014218613603,0.205597252499102,0.992968246878472,0.000948295283595,0.00976875670490701,0.117973441161941,0.992949742211816,0.00347435348395599,-0.0114968412162972,0.117926082574651,0.994221979315076,-0.0329268961330105,0.0309401732068212,0.0973713563620779,0.985849050668338,-0.0304091106200083,0.104449143710372,0.127543371704714,0.995970970421546,-0.0195461288621087,-0.00226067348901149,0.0874909382704736,0.995970970421546,-0.0195461288621087,-0.00226067348901149,0.0874909382704736
140,910,0.99227319072948,-0.0150493702365837,0.114219231271593,0.0460586433011881,0.99227319072948,-0.0150493702365837,0.114219231271593,0.0460586433011881,0.996795785959288,-0.0126891056240986,0.0636418017229427,0.0467639686695251,0.996799066995798,-0.0126866937288313,0.0635903913263781,0.0467646230551972,0.99227319072948,-0.0150493702365837,0.114219231271593,0.0460586433011881,0.973727213519772,-0.0200166328093633,0.22250265500384,0.0441272770317745,0.99227319072948,-0.0150493702365837,0.114219231271593,0.0460586433011881,0.99227319072948,-0.0150493702365837,0.114219231271593,0.0460586433011881,0.992276688143231,-0.0150454650663955,0.114195993964344,0.0460421883812264,0.992276688143231,-0.0150454650663955,0.114195993964344,0.0460421883812264,0.992273855959507,-0.015048629415973,0.114214797662865,0.0460555482736044,0.99227319072948,-0.0150493702365837,0.114219231271593,0.0460586433011881,0.992276688143231,-0.0150454650663955,0.114195993964344,0.0460421883812264,0.992276688143231,-0.0150454650663955,0.114195993964344,0.0460421883812264,0.992273855959507,-0.015048629415973,0.114214797662865,0.0460555482736044,0.997730599207557,0.015959850387374,-0.0475502704777334,0.0449211126090664,0.978369019416626,0.0116008735148675,0.0256234881397252,0.204946135447816,0.992954755706527,0.00175012773328258,0.0102354618954849,0.118038237416928,0.992952145771576,0.00421271326882302,-0.0104855981252985,0.117976020811403,0.994153626596359,-0.0328267997053694,0.0315985234868477,0.0978902510971447,0.985586542832546,-0.0305624724056917,0.104889819831522,0.129163569026068,0.995809713249107,-0.0196467881897272,-0.00134342177853024,0.089304053270191,0.995809713249107,-0.0196467881897272,-0.00134342177853024,0.089304053270191
141,911,0.992217337277564,-0.0150977054988415,0.114640482304804,0.0461992934081632,0.992217337277564,-0.0150977054988415,0.114640482304804,0.0461992934081632,0.996761413725823,-0.0127302302298515,0.0640653469869222,0.0469068935343013,0.996764716606969,-0.012727810963098,0.0640139383625617,0.0469075500408084,0.992217337277564,-0.0150977054988415,0.114640482304804,0.0461992934081632,0.973625434907038,-0.0200801223020996,0.222915223973907,0.0442617680518528,0.992217337277564,-0.0150977054988415,0.114640482304804,0.0461992934081632,0.992217337277564,-0.0150977054988415,0.114640482304804,0.0461992934081632,0.992220310205681,-0.0150950935590546,0.114618258509086,0.0461914384072395,0.992220310205681,-0.0150950935590546,0.114618258509086,0.0461914384072395,0.992217903483401,-0.015097214753501,0.114636225575972,0.0461978560042141,0.992217337277564,-0.0150977054988415,0.114640482304804,0.0461992934081632,0.992220310205681,-0.0150950935590546,0.114618258509086,0.0461914384072395,0.992220310205681,-0.0150950935590546,0.114618258509086,0.0461914384072395,0.992217903483401,-0.015097214753501,0.114636225575972,0.0461978560042141,0.997775895098396,0.0160394700938489,-0.0468276632468333,0.0446449158868563,0.978407458877564,0.0115360003389387,0.0263323403374402,0.204676263795489,0.992946184267461,0.00223157960045142,0.010537244989452,0.11807566078244,0.992955960009912,0.00462212450742117,-0.00957182657965661,0.118006260773574,0.994084792729438,-0.0327260249936412,0.0323151945684076,0.0983878059120787,0.985307730936475,-0.0307235534565326,0.105352133152895,0.130865070434985,0.995622169671987,-0.0199869404642121,-0.000712110472127173,0.0913044925904696,0.995622169671987,-0.0199869404642121,-0.000712110472127173,0.0913044925904696
142,912,0.992174789245067,-0.0150832597035118,0.115029225515524,0.0461514912058416,0.992174789245067,-0.0150832597035118,0.115029225515524,0.0461514912058416,0.996738677587734,-0.0127182325311981,0.0644557502233012,0.0468584189350092,0.99674200060418,-0.0127158157645657,0.0644043427710508,0.0468590748227926,0.992174789245067,-0.0150832597035118,0.115029225515524,0.0461514912058416,0.97354045133476,-0.0200605141105736,0.223296942995432,0.0442158414759454,0.992174789245067,-0.0150832597035118,0.115029225515524,0.0461514912058416,0.992174789245067,-0.0150832597035118,0.115029225515524,0.0461514912058416,0.992177069362735,-0.0150838514581725,0.115008677636424,0.046153488755267,0.992177069362735,-0.0150838514581725,0.115008677636424,0.046153488755267,0.992175221166645,-0.0150833992658607,0.115025295606361,0.0461519548900817,0.992174789245067,-0.0150832597035118,0.115029225515524,0.0461514912058416,0.992177069362735,-0.0150838514581725,0.115008677636424,0.046153488755267,0.992177069362735,-0.0150838514581725,0.115008677636424,0.046153488755267,0.992175221166645,-0.0150833992658607,0.115025295606361,0.0461519548900817,0.997818349506625,0.0162124934787242,-0.0460238618806354,0.0444690969176391,0.978386169741791,0.0114898253633166,0.0269800869448082,0.204696266892091,0.992941542537505,0.00229898081632448,0.0106183435716904,0.118106132652969,0.992947927543108,0.00475108824824527,-0.010003464640421,0.118032923557336,0.99401627324482,-0.0326666530126138,0.0330042485319742,0.0988699038346467,0.985023957587799,-0.0308651126718131,0.105861443510343,0.132546228070561,0.995444895969883,-0.0202446828481956,7.29075990964904e-05,0.0931644062309653,0.995444895969883,-0.0202446828481956,7.29075990964904e-05,0.0931644062309653
143,913,0.992147016825447,-0.0149715459297595,0.115362602401762,0.0459523642909974,0.992147016825447,-0.0149715459297595,0.115362602401762,0.0459523642909974,0.996727884111873,-0.0126167832566958,0.0647901077511779,0.0466538717762309,0.996731224373013,-0.0126143770398348,0.0647387008551625,0.0466545224319821,0.992147016825447,-0.0149715459297595,0.115362602401762,0.0459523642909974,0.973476234490354,-0.0199276073796506,0.223625253294483,0.0440301877759104,0.992147016825447,-0.0149715459297595,0.115362602401762,0.0459523642909974,0.992147016825447,-0.0149715459297595,0.115362602401762,0.0459523642909974,0.992148523675629,-0.0149771612700769,0.115344906654032,0.0459624207101159,0.992148523675629,-0.0149771612700769,0.115344906654032,0.0459624207101159,0.992147299688627,-0.0149726644755219,0.115359229429032,0.0459543602350118,0.992147016825447,-0.0149715459297595,0.115362602401762,0.0459523642909974,0.992148523675629,-0.0149771612700769,0.115344906654032,0.0459624207101159,0.992148523675629,-0.0149771612700769,0.115344906654032,0.0459624207101159,0.992147299688627,-0.0149726644755219,0.115359229429032,0.0459543602350118,0.997856509959887,0.0164455096225961,-0.0451841042029201,0.0443883709016944,0.978317423824991,0.0114828367735469,0.0276099681587517,0.204941094850054,0.992923224223804,0.00171783060127071,0.0104439929440515,0.118285429645485,0.992927500895094,0.0041561371580929,-0.0100291653606221,0.118224871885381,0.993948755997822,-0.032691476498825,0.0336820307896981,0.099310918919272,0.984739480896662,-0.0310107663684163,0.106390306587488,0.134192361171703,0.995275065681406,-0.0204881004584332,0.000840820652941028,0.0949056078064363,0.995275065681406,-0.0204881004584332,0.000840820652941028,0.0949056078064363
144,914,0.992136509549333,-0.0146990411304644,0.115593149891785,0.0456870693654808,0.992136509549333,-0.0146990411304644,0.115593149891785,0.0456870693654808,0.996729107418736,-0.0123581135718269,0.0650208913110945,0.0463750703105361,0.996732459582668,-0.0123557217346548,0.0649694843516794,0.0463757076256214,0.992136509549333,-0.0146990411304644,0.115593149891785,0.0456870693654808,0.973440471377735,-0.0196276154579116,0.223853252302778,0.0437964248403645,0.992136509549333,-0.0146990411304644,0.115593149891785,0.0456870693654808,0.992136509549333,-0.0146990411304644,0.115593149891785,0.0456870693654808,0.992137115320311,-0.0147129472129774,0.115580738319532,0.0457008371664271,0.992137115320311,-0.0147129472129774,0.115580738319532,0.0457008371664271,0.992136618438589,-0.0147017773786424,0.115590810802174,0.0456897423197559,0.992136509549333,-0.0146990411304644,0.115593149891785,0.0456870693654808,0.992137115320311,-0.0147129472129774,0.115580738319532,0.0457008371664271,0.992137115320311,-0.0147129472129774,0.115580738319532,0.0457008371664271,0.992136618438589,-0.0147017773786424,0.115590810802174,0.0456897423197559,0.997890630150915,0.0166949657615414,-0.0443652412862929,0.0443541851558606,0.978225692971422,0.0114809071190015,0.0282325840037096,0.205293944340253,0.992891750752151,0.000653392684542541,0.0100341850492917,0.118595360350758,0.992895654402522,0.00300302176960499,-0.00964017893302262,0.118559134101838,0.993891802910367,-0.0327966048130654,0.0342862254142234,0.0996389560722126,0.984471585061206,-0.0311473913461743,0.10697199748432,0.135655924948448,0.995122516229806,-0.0206816723387317,0.00159798277066694,0.0964411352732873,0.995122516229806,-0.0206816723387317,0.00159798277066694,0.0964411352732873
145,915,0.992127542754864,-0.0144104544767572,0.115813392763121,0.0454151490767565,0.992127542754864,-0.0144104544767572,0.115813392763121,0.0454151490767565,0.99673134550979,-0.0120837195327693,0.0652413052778156,0.0460888347232177,0.996734709041696,-0.0120813424587261,0.0651898982026765,0.0460894578866545,0.992127542754864,-0.0144104544767572,0.115813392763121,0.0454151490767565,0.973407371111727,-0.0193109113415596,0.224071178203413,0.0435578427731349,0.992127542754864,-0.0144104544767572,0.115813392763121,0.0454151490767565,0.992127542754864,-0.0144104544767572,0.115813392763121,0.0454151490767565,0.992128026739956,-0.0144255791919464,0.115801760665814,0.0454294337269903,0.992128026739956,-0.0144255791919464,0.115801760665814,0.0454294337269903,0.992127634542508,-0.0144133677208502,0.115811167063762,0.0454178950564681,0.992127542754864,-0.0144104544767572,0.115813392763121,0.0454151490767565,0.992128026739956,-0.0144255791919464,0.115801760665814,0.0454294337269903,0.992128026739956,-0.0144255791919464,0.115801760665814,0.0454294337269903,0.992127634542508,-0.0144133677208502,0.115811167063762,0.0454178950564681,0.997921643017186,0.0169635728809024,-0.0435912518635889,0.0443219398713451,0.978113544092212,0.0115007732397794,0.0288355926891728,0.2057428872951,0.99285686050189,-0.000671194210894466,0.00959680703406205,0.118923106869157,0.992861285793643,0.00157149438756383,-0.00912750366272055,0.118914617497057,0.993846161774848,-0.0329538431119694,0.0348423557315891,0.0998491922682824,0.984227131399413,-0.0313310428337657,0.107625668787269,0.136865024715316,0.994991718416126,-0.0208272143887475,0.0023372264461786,0.0977355861325427,0.994991718416126,-0.0208272143887475,0.0023372264461786,0.0977355861325427
146,916,0.99212510343656,-0.0140519697411501,0.115970850427344,0.0451783480059663,0.99212510343656,-0.0140519697411501,0.115970850427344,0.0451783480059663,0.99673691173911,-0.0117377328938964,0.0653986834319141,0.0458341205726252,0.996740283387877,-0.0117353689573411,0.0653472760694842,0.0458347258919422,0.99212510343656,-0.0140519697411501,0.115970850427344,0.0451783480059663,0.973387654091625,-0.0189285888390663,0.224227415540226,0.0433618439035516,0.99212510343656,-0.0140519697411501,0.115970850427344,0.0451783480059663,0.99212510343656,-0.0140519697411501,0.115970850427344,0.0451783480059663,0.992125255050153,-0.0140706502915767,0.115962396575815,0.0451909025406044,0.992125255050153,-0.0140706502915767,0.115962396575815,0.0451909025406044,0.992125129796105,-0.0140555837359259,0.11596925371621,0.0451807435243014,0.99212510343656,-0.0140519697411501,0.115970850427344,0.0451783480059663,0.992125255050153,-0.0140706502915767,0.115962396575815,0.0451909025406044,0.992125255050153,-0.0140706502915767,0.115962396575815,0.0451909025406044,0.992125129796105,-0.0140555837359259,0.11596925371621,0.0451807435243014,0.99795185664129,0.0172103993756626,-0.0428633694489446,0.0442563615655036,0.977977551677617,0.0115243789819994,0.0294463316030609,0.206300777164932,0.992805003455907,-0.00226285855701161,0.00918156223605839,0.119368352166621,0.99281116741221,-0.000138091790628396,-0.00848892418279229,0.119389718813978,0.993815715216437,-0.0331169701231,0.0353395600710348,0.0999235006026765,0.984016532286814,-0.0315241090653741,0.108320016929823,0.137784137933911,0.994891495081582,-0.0209026117554478,0.00313727446071359,0.098712468032647,0.994891495081582,-0.0209026117554478,0.00313727446071359,0.098712468032647
147,917,0.992125857461491,-0.0136941770175849,0.11607504049386,0.0450037492489333,0.992125857461491,-0.0136941770175849,0.11607504049386,0.0450037492489333,0.996742959991359,-0.0113892760944414,0.0655027005322344,0.0456415635215798,0.996746337004858,-0.0113869220895894,0.0654512928577242,0.0456421508692944,0.992125857461491,-0.0136941770175849,0.11607504049386,0.0450037492489333,0.973376961100661,-0.0185537854010403,0.224331058188101,0.0432275950978303,0.992125857461491,-0.0136941770175849,0.11607504049386,0.0450037492489333,0.992125857461491,-0.0136941770175849,0.11607504049386,0.0450037492489333,0.992125831804873,-0.0137130007434926,0.116069408820046,0.0450131071163005,0.992125831804873,-0.0137130007434926,0.116069408820046,0.0450131071163005,0.992125851035098,-0.0136977910966086,0.116073982725531,0.0450055192303067,0.992125857461491,-0.0136941770175849,0.11607504049386,0.0450037492489333,0.992125831804873,-0.0137130007434926,0.116069408820046,0.0450131071163005,0.992125831804873,-0.0137130007434926,0.116069408820046,0.0450131071163005,0.992125851035098,-0.0136977910966086,0.116073982725531,0.0450055192303067,0.997981405151868,0.0174080000988309,-0.0421627124227158,0.0441857690305541,0.977827732547752,0.0115221923965774,0.0300937056590978,0.206916730649319,0.992747656905841,-0.00393094524754448,0.00876982050973411,0.119832080953519,0.992756777779174,-0.00194636772759134,-0.00766812997554694,0.119880739107076,0.993803068030611,-0.0332263135822089,0.035776186966537,0.0998575911226409,0.983832483217533,-0.0317647072989928,0.109087840222839,0.138435874872623,0.99481887243331,-0.0209533614374707,0.00399735910288319,0.0994001449455374,0.99481887243331,-0.0209533614374707,0.00399735910288319,0.0994001449455374
148,918,0.992114755698371,-0.013412470844983,0.116150219405001,0.0451391590923386,0.992114755698371,-0.013412470844983,0.116150219405001,0.0451391590923386,0.996735693356757,-0.0111010521010469,0.0655783465092998,0.0457624813573392,0.996739074271751,-0.0110986918601718,0.0655269392094697,0.045763053839576,0.992114755698371,-0.013412470844983,0.116150219405001,0.0451391590923386,0.973357670124399,-0.0182886543220287,0.224404563127115,0.0433931236582517,0.992114755698371,-0.013412470844983,0.116150219405001,0.0451391590923386,0.992114755698371,-0.013412470844983,0.116150219405001,0.0451391590923386,0.992115312163005,-0.0134274973761417,0.11614617918701,0.045132856614411,0.992115312163005,-0.0134274973761417,0.11614617918701,0.045132856614411,0.992114867168386,-0.0134153240545339,0.116149457098678,0.0451378227172012,0.992114755698371,-0.013412470844983,0.116150219405001,0.0451391590923386,0.992115312163005,-0.0134274973761417,0.11614617918701,0.045132856614411,0.992115312163005,-0.0134274973761417,0.11614617918701,0.045132856614411,0.992114867168386,-0.0134153240545339,0.116149457098678,0.0451378227172012,0.998007859350886,0.0177242720543804,-0.0415890484160006,0.044005839451776,0.97782401004599,0.0114631903185072,0.030822089836158,0.206830363881693,0.992746355407152,-0.00523962439900121,0.00829737796683183,0.119826431478406,0.992759092511334,-0.00344103296075178,-0.00659976449430063,0.119891561991888,0.993807737165438,-0.0332456100411032,0.0362379191322463,0.0996379655556612,0.983710139439175,-0.0320217894847673,0.109900820883524,0.138602944167434,0.994761509444685,-0.0210063550043466,0.00490069857611132,0.099921246640689,0.994761509444685,-0.0210063550043466,0.00490069857611132,0.099921246640689
149,919,0.992119062230947,-0.0130956363858509,0.116159177453753,0.0451144783733946,0.992119062230947,-0.0130956363858509,0.116159177453753,0.0451144783733946,0.996740449594616,-0.0107858814231944,0.0655870741127338,0.0457217302076234,0.996743830959735,-0.0107835232845024,0.0655356665675865,0.0457222864348067,0.992119062230947,-0.0130956363858509,0.116159177453753,0.0451144783733946,0.973360966808633,-0.0179710258321518,0.22441393994605,0.0434033879068679,0.992119062230947,-0.0130956363858509,0.116159177453753,0.0451144783733946,0.992119062230947,-0.0130956363858509,0.116159177453753,0.0451144783733946,0.992118877334832,-0.013112229470086,0.11615852784567,0.045115397404023,0.992118877334832,-0.013112229470086,0.11615852784567,0.045115397404023,0.992119020785452,-0.0130988332692601,0.116159080309342,0.0451147118398064,0.992119062230947,-0.0130956363858509,0.116159177453753,0.0451144783733946,0.992118877334832,-0.013112229470086,0.11615852784567,0.045115397404023,0.992118877334832,-0.013112229470086,0.11615852784567,0.045115397404023,0.992119020785452,-0.0130988332692601,0.116159080309342,0.0451147118398064,0.998032303091628,0.0179461419570646,-0.0409273998501675,0.0439818816785126,0.977731164303287,0.0114312866967837,0.0315063944668488,0.207167669153017,0.992708263233625,-0.00677682333374006,0.00785880283402339,0.120094204652839,0.992721397519213,-0.00510286761429144,-0.0059735736210083,0.120176969789581,0.993826832900427,-0.0331576566341887,0.0366242550183475,0.0993350892584685,0.983581919324841,-0.0323615263993346,0.110808175907412,0.138711527056832,0.994728886872801,-0.0210964151908507,0.00585967164666489,0.10017508240619,0.994728886872801,-0.0210964151908507,0.00585967164666489,0.10017508240619
150,920,0.992126192479768,-0.0128247670427061,0.116141358922237,0.0450813519495134,0.992126192479768,-0.0128247670427061,0.116141358922237,0.0450813519495134,0.996746665046346,-0.0105170456926509,0.06556891623088,0.0456748803303771,0.996750045474953,-0.0105146899706256,0.0655175083651914,0.0456754226922664,0.992126192479768,-0.0128247670427061,0.116141358922237,0.0450813519495134,0.97337001081055,-0.0176981568913765,0.224397012260356,0.0434002095149759,0.992126192479768,-0.0128247670427061,0.116141358922237,0.0450813519495134,0.992126192479768,-0.0128247670427061,0.116141358922237,0.0450813519495134,0.992125828705154,-0.0128391401899048,0.116142217600514,0.0450830543123521,0.992125828705154,-0.0128391401899048,0.116142217600514,0.0450830543123521,0.992126121138962,-0.0128275077098688,0.116141536180142,0.045081685565512,0.992126192479768,-0.0128247670427061,0.116141358922237,0.0450813519495134,0.992125828705154,-0.0128391401899048,0.116142217600514,0.0450830543123521,0.992125828705154,-0.0128391401899048,0.116142217600514,0.0450830543123521,0.992126121138962,-0.0128275077098688,0.116141536180142,0.045081685565512,0.998051161492712,0.018109324363176,-0.040300986665511,0.0440654273546161,0.97763908265178,0.0114286269758334,0.0322485816183104,0.207487926253169,0.992652180842001,-0.00874397524515941,0.00729059575010239,0.120465920409634,0.99266535330987,-0.00722797658853485,-0.00519627318009206,0.120566377724736,0.993856178778232,-0.0329857373316615,0.0369861555503634,0.0989639395670073,0.983462955828077,-0.032734030201101,0.111782154672079,0.138686148109907,0.994707446457196,-0.0212779793958043,0.00684049845700221,0.100287342851907,0.994707446457196,-0.0212779793958043,0.00684049845700221,0.100287342851907
151,921,0.992129580032474,-0.0126194426186053,0.116137458735204,0.045074790860441,0.992129580032474,-0.0126194426186053,0.116137458735204,0.045074790860441,0.996749850003986,-0.0103123200602385,0.0655648489200906,0.0456578926155377,0.996753230222816,-0.0103099652146366,0.0655134408901413,0.0456584244186081,0.992129580032473,-0.0126194426186053,0.116137458735204,0.045074790860441,0.973373806202369,-0.0174933538816954,0.224393507695737,0.043416237435855,0.992129580032473,-0.0126194426186053,0.116137458735204,0.045074790860441,0.992129580032473,-0.0126194426186053,0.116137458735204,0.045074790860441,0.9921293936059,-0.0126304275117563,0.116137696811894,0.0450752040848234,0.9921293936059,-0.0126304275117563,0.116137696811894,0.0450752040848234,0.992129545656516,-0.012621523272242,0.116137499534585,0.0450748598171683,0.992129580032473,-0.0126194426186053,0.116137458735204,0.045074790860441,0.9921293936059,-0.0126304275117563,0.116137696811894,0.0450752040848234,0.9921293936059,-0.0126304275117563,0.116137696811894,0.0450752040848234,0.992129545656516,-0.012621523272242,0.116137499534585,0.0450748598171683,0.998062543755,0.0183011834670086,-0.0397172053494206,0.0442579827402783,0.977513157914101,0.0114751486306762,0.0330212324530712,0.207956594692225,0.992575683806547,-0.0111008397439888,0.00655683550984665,0.120943338721239,0.992588751852692,-0.00979817715798966,-0.00412914899867721,0.121055836490616,0.993890411474743,-0.0327382910112019,0.0372857708299371,0.0985891757438404,0.983340200552166,-0.0331849165943973,0.112801298429349,0.138624234393927,0.994688790343463,-0.0215517645071455,0.00783649105298209,0.100341024609397,0.994688790343463,-0.0215517645071455,0.00783649105298209,0.100341024609397
152,922,0.992124762424866,-0.0124452074749193,0.116183275561672,0.0451111856868019,0.992124762424867,-0.0124452074749193,0.116183275561672,0.0451111856868019,0.996747367148751,-0.010136460403713,0.0656108513804651,0.0456853853398094,0.996750749740187,-0.010134104140392,0.0655594434785094,0.045685908072781,0.992124762424866,-0.0124452074749193,0.116183275561672,0.0451111856868019,0.973363985999037,-0.0173241696417734,0.224438518300455,0.0434715471243659,0.992124762424866,-0.0124452074749193,0.116183275561672,0.0451111856868019,0.992124762424866,-0.0124452074749193,0.116183275561672,0.0451111856868019,0.992124994872243,-0.0124544684879623,0.116180996728196,0.0451093866470832,0.992124994872243,-0.0124544684879623,0.116180996728196,0.0451093866470832,0.992124810426737,-0.0124469706350295,0.116182817821254,0.045110822435813,0.992124762424866,-0.0124452074749193,0.116183275561672,0.0451111856868019,0.992124994872243,-0.0124544684879623,0.116180996728196,0.0451093866470832,0.992124994872243,-0.0124544684879623,0.116180996728196,0.0451093866470832,0.992124810426737,-0.0124469706350295,0.116182817821254,0.045110822435813,0.998067284946965,0.0185186865277387,-0.0391476818196272,0.0445669381496055,0.97734554056436,0.0115692125545262,0.0338048054807297,0.208612278608514,0.992485431823622,-0.0137532460768017,0.00575397237011411,0.121451256239665,0.992498045590583,-0.0127010088666614,-0.00284078845246649,0.121565800263112,0.993921651763546,-0.0324519027855512,0.0375378931877911,0.0982727364849669,0.98321765173435,-0.0336226838154127,0.113827637469114,0.138549028864292,0.99466694221037,-0.021971239282767,0.00873537253543743,0.100392390074737,0.99466694221037,-0.021971239282767,0.00873537253543743,0.100392390074737
153,923,0.992111223610986,-0.0122587534430418,0.116278260367506,0.0452151425414276,0.992111223610986,-0.0122587534430418,0.116278260367506,0.0452151425414276,0.996738673198268,-0.00994496397692148,0.0657064015141423,0.0457797317872947,0.996742060717768,-0.00994260284788326,0.0656549940604549,0.0457802446436033,0.992111223610986,-0.0122587534430418,0.116278260367506,0.0452151425414276,0.973340097572586,-0.0171502602812804,0.224531441687729,0.0435953520837169,0.992111223610986,-0.0122587534430418,0.116278260367506,0.0452151425414276,0.992111223610986,-0.0122587534430418,0.116278260367506,0.0452151425414276,0.992111913567516,-0.012268539212602,0.116273397348811,0.0452098548101649,0.992111913567516,-0.012268539212602,0.116273397348811,0.0452098548101649,0.992111359752205,-0.0122606356183531,0.116277305974038,0.0452140993528064,0.992111223610986,-0.0122587534430418,0.116278260367506,0.0452151425414276,0.992111913567516,-0.012268539212602,0.116273397348811,0.0452098548101649,0.992111913567516,-0.012268539212602,0.116273397348811,0.0452098548101649,0.992111359752205,-0.0122606356183531,0.116277305974038,0.0452140993528064,0.9980705188324,0.0187913150721918,-0.0385208242946827,0.0449251823718083,0.977148274601636,0.0116806248216196,0.034584991273056,0.20940078993515,0.992382620732036,-0.0165517102430059,0.00489847764286192,0.121978604164132,0.992393820801547,-0.0157859831112108,-0.00132870203895824,0.122080062758057,0.993940368090427,-0.0321589726116931,0.0377855303009485,0.0980846515042166,0.983088737704883,-0.0340633019038782,0.114852021147253,0.138510788387099,0.994644847036404,-0.0224773108436162,0.00965202226228476,0.100415323668341,0.994644847036404,-0.0224773108436162,0.00965202226228476,0.100415323668341
154,924,0.99209675989375,-0.0120710768709182,0.116378155784628,0.0453258531929406,0.99209675989375,-0.0120710768709182,0.116378155784628,0.0453258531929406,0.996729305109322,-0.00975190334479408,0.065806902919046,0.0458807611711643,0.996732697812252,-0.00974953700536446,0.0657554959483894,0.0458812640701262,0.99209675989375,-0.0120710768709182,0.116378155784628,0.0453258531929406,0.973314750539805,-0.0169758774970163,0.224629144407278,0.0437260042503076,0.99209675989375,-0.0120710768709182,0.116378155784628,0.0453258531929406,0.99209675989375,-0.0120710768709182,0.116378155784628,0.0453258531929406,0.99209751907721,-0.0120809500063548,0.116372918038711,0.04532005334226,0.99209751907721,-0.0120809500063548,0.116372918038711,0.04532005334226,0.992096906181122,-0.0120729724619248,0.116377147320388,0.0453247356677221,0.99209675989375,-0.0120710768709182,0.116378155784628,0.0453258531929406,0.99209751907721,-0.0120809500063548,0.116372918038711,0.04532005334226,0.99209751907721,-0.0120809500063548,0.116372918038711,0.04532005334226,0.992096906181122,-0.0120729724619248,0.116377147320388,0.0453247356677221,0.998075879754535,0.0190862226863482,-0.0378430324715202,0.0452565934327631,0.976934065666476,0.0117501475357329,0.0353650542605079,0.210264305840075,0.992285068430992,-0.0190223357240128,0.0041491925937395,0.122438874191672,0.992293703812193,-0.0185447291091665,0.000279651495336811,0.122512122632778,0.993944665069085,-0.0318390029574659,0.038004713373653,0.0980608098720674,0.982949820362802,-0.0344813861297355,0.115880548099946,0.138536577232745,0.99461868200182,-0.0230950656683845,0.0105248411698176,0.100446618027119,0.99461868200182,-0.0230950656683845,0.0105248411698176,0.100446618027119
155,925,0.99208090042129,-0.0117876621145055,0.116451137352569,0.0455595286460464,0.99208090042129,-0.0117876621145055,0.116451137352569,0.0455595286460464,0.996717175239246,-0.0094569788696725,0.0658805961913157,0.0460997307935116,0.996720571742964,-0.00945460123715181,0.0658291898461661,0.046100218481284,0.99208090042129,-0.0117876621145055,0.116451137352569,0.0455595286460464,0.973290971951366,-0.0167198399830425,0.224699942789023,0.0439893916702326,0.99208090042129,-0.0117876621145055,0.116451137352569,0.0455595286460464,0.99208090042129,-0.0117876621145055,0.116451137352569,0.0455595286460464,0.992081734882755,-0.0118023265513896,0.116447226800974,0.0455475550426058,0.992081734882755,-0.0118023265513896,0.116447226800974,0.0455475550426058,0.992081061177505,-0.0117905152263481,0.116450397534233,0.04555718074829,0.99208090042129,-0.0117876621145055,0.116451137352569,0.0455595286460464,0.992081734882755,-0.0118023265513896,0.116447226800974,0.0455475550426058,0.992081734882755,-0.0118023265513896,0.116447226800974,0.0455475550426058,0.992081061177505,-0.0117905152263481,0.116450397534233,0.04555718074829,0.998081642508885,0.0193894857019547,-0.0371407656790245,0.045581205071342,0.976723338525283,0.0116964110159258,0.0361466904103751,0.211111654632683,0.992177688410426,-0.0213471442222597,0.00325332634045293,0.122951819514068,0.992180817541422,-0.021203168090123,0.00209160573955565,0.122976730120815,0.993935950347865,-0.0315137203452495,0.0381806732548758,0.0981857842352534,0.982788822067572,-0.0349071128802132,0.116956195202867,0.138668212266084,0.994587268268173,-0.0238111563645211,0.0114327466033829,0.100491228157195,0.994587268268173,-0.0238111563645211,0.0114327466033829,0.100491228157195
156,926,0.992067394767168,-0.0114247315879457,0.116468308998076,0.0459009013763053,0.992067394767167,-0.0114247315879457,0.116468308998076,0.0459009013763053,0.996704559744768,-0.00907716793555113,0.0658984320372947,0.0464222173240757,0.996707957168397,-0.00907477367110861,0.0658470263427728,0.0464226854224534,0.992067394767167,-0.0114247315879457,0.116468308998076,0.0459009013763053,0.973275662150775,-0.016396595303138,0.224715527336132,0.0443685575771742,0.992067394767167,-0.0114247315879457,0.116468308998076,0.0459009013763053,0.992067394767167,-0.0114247315879457,0.116468308998076,0.0459009013763053,0.992068118089413,-0.0114436114096999,0.116467255629721,0.0458832343510812,0.992068118089413,-0.0114436114096999,0.116467255629721,0.0458832343510812,0.992067532670987,-0.0114283894387602,0.116468130028971,0.0458974642272394,0.992067394767167,-0.0114247315879457,0.116468308998076,0.0459009013763053,0.992068118089413,-0.0114436114096999,0.116467255629721,0.0458832343510812,0.992068118089413,-0.0114436114096999,0.116467255629721,0.0458832343510812,0.992067532670987,-0.0114283894387602,0.116468130028971,0.0458974642272394,0.998084669740767,0.01963015448515,-0.0364605845225814,0.0459594912898955,0.976537670804027,0.0115303447724426,0.0369052817967385,0.211847182718059,0.992188624254333,-0.021898860679667,0.00272066249816256,0.122779362259287,0.992188624254333,-0.021898860679667,0.00272066249816256,0.122779362259287,0.993914127733915,-0.03119835494539,0.0383111180970685,0.0984562215900259,0.982603122151335,-0.0353693980368152,0.118083637916759,0.138911354745773,0.994549833582381,-0.0246196730548125,0.0124097051742183,0.100550979296188,0.994549833582381,-0.0246196730548125,0.0124097051742183,0.100550979296188
157,927,0.992053601019207,-0.0110059260142955,0.116441687182521,0.0463665373246693,0.992053601019207,-0.0110059260142955,0.116441687182521,0.0463665373246693,0.996689430834704,-0.00863523879173122,0.0658725456581253,0.046865966776776,0.996692826923249,-0.00863282164124503,0.06582114074392,0.0468664120818156,0.992053601019207,-0.0110059260142955,0.116441687182521,0.0463665373246693,0.973264875523735,-0.0160314605013048,0.224687551682014,0.044877371414859,0.992053601019207,-0.0110059260142955,0.116441687182521,0.0463665373246693,0.992053601019207,-0.0110059260142955,0.116441687182521,0.0463665373246693,0.992054336910219,-0.011027810396972,0.116442966783111,0.0463423726434081,0.992054336910219,-0.011027810396972,0.116442966783111,0.0463423726434081,0.992053742297045,-0.0110101506705803,0.116441951841211,0.0463618466850504,0.992053601019207,-0.0110059260142955,0.116441687182521,0.0463665373246693,0.992054336910219,-0.011027810396972,0.116442966783111,0.0463423726434081,0.992054336910219,-0.011027810396972,0.116442966783111,0.0463423726434081,0.992053742297045,-0.0110101506705803,0.116441951841211,0.0463618466850504,0.998080163423972,0.0197886050493487,-0.0358962285963234,0.046431231540199,0.976379525709192,0.0113009370052903,0.0376579173189049,0.212455152589664,0.992177867467471,-0.022541416035789,0.00225961262239716,0.12275935003738,0.992177867467471,-0.022541416035789,0.00225961262239716,0.12275935003738,0.993888809187555,-0.0308690735111632,0.0383448748237203,0.0988018514353797,0.982390993094883,-0.0358584765633775,0.11928951055172,0.13925558881759,0.994502079369486,-0.0255769444863621,0.0134750597290244,0.10064718975615,0.994502079369486,-0.0255769444863621,0.0134750597290244,0.10064718975615
158,928,0.99203400134645,-0.0106231260361657,0.116408319583936,0.0469552179998667,0.99203400134645,-0.0106231260361657,0.116408319583936,0.0469552179998667,0.996668160665143,-0.00822301527033133,0.0658402172852253,0.0474344318407965,0.996671555086362,-0.00822056880148309,0.0657888134680841,0.0474348558844164,0.99203400134645,-0.0106231260361657,0.116408319583936,0.0469552179998667,0.973249058932375,-0.0157156266316627,0.224652233425471,0.0455045314641239,0.99203400134645,-0.0106231260361657,0.116408319583936,0.0469552179998667,0.99203400134645,-0.0106231260361657,0.116408319583936,0.0469552179998667,0.992035030870252,-0.0106433603925103,0.116410053439649,0.0469245763325624,0.992035030870252,-0.0106433603925103,0.116410053439649,0.0469245763325624,0.992034201227945,-0.0106269963093055,0.116408656196606,0.0469492844032248,0.99203400134645,-0.0106231260361657,0.116408319583936,0.0469552179998667,0.992035030870252,-0.0106433603925103,0.116410053439649,0.0469245763325624,0.992035030870252,-0.0106433603925103,0.116410053439649,0.0469245763325624,0.992034201227945,-0.0106269963093055,0.116408656196606,0.0469492844032248,0.998066161299652,0.0198458452846138,-0.035470350698556,0.0470312057557209,0.976233046862778,0.0110492041790848,0.0384291546229009,0.213002707435833,0.992118664010826,-0.0235692239193023,0.00186558849916827,0.123051077950444,0.992118664010826,-0.0235692239193023,0.00186558849916827,0.123051077950444,0.993864772556075,-0.030550484895846,0.0382440322531171,0.0991810251092002,0.982160930350213,-0.0363987932478396,0.120561786980825,0.139642007518134,0.994446057671904,-0.0266125417765194,0.0146889612268148,0.100762321425614,0.994446057671904,-0.0266125417765194,0.0146889612268148,0.100762321425614
159,929,0.99201176905756,-0.0102879686571683,0.116367810554797,0.0475955924312652,0.99201176905756,-0.0102879686571683,0.116367810554797,0.0475955924312652,0.996643898336078,-0.00785574557260648,0.0658008905068242,0.0480569451741625,0.996647290729028,-0.00785326699776604,0.0657494879410788,0.04805735027481,0.992011769057559,-0.0102879686571683,0.116367810554797,0.0475955924312652,0.973231409941715,-0.0154528243372967,0.224609527814133,0.0461778403346739,0.992011769057559,-0.0102879686571683,0.116367810554797,0.0475955924312652,0.992011769057559,-0.0102879686571683,0.116367810554797,0.0475955924312652,0.992012945787152,-0.0103057383870914,0.116369924299146,0.0475620422774774,0.992012945787152,-0.0103057383870914,0.116369924299146,0.0475620422774774,0.992011996005521,-0.010291358961228,0.116368219319322,0.0475891294764127,0.992011769057559,-0.0102879686571683,0.116367810554797,0.0475955924312652,0.992012945787152,-0.0103057383870914,0.116369924299146,0.0475620422774774,0.992012945787152,-0.0103057383870914,0.116369924299146,0.0475620422774774,0.992011996005521,-0.010291358961228,0.116368219319322,0.0475891294764127,0.998041577352219,0.019793359871508,-0.0351597263540217,0.047801950002081,0.976067455880481,0.0107714502357669,0.039185026178108,0.213637148347952,0.992108177210215,-0.0238538508214053,0.00171584728378041,0.123082957316246,0.992108177210215,-0.0238538508214053,0.00171584728378041,0.123082957316246,0.993843671175929,-0.0302081944250746,0.0379715868952354,0.0996011086373379,0.981893607353008,-0.0370348054150764,0.121952360195034,0.140146312366842,0.994376522297589,-0.027802217808421,0.01607214667515,0.100916077458151,0.994376522297589,-0.027802217808421,0.01607214667515,0.100916077458151
160,930,0.991986010134304,-0.0100400785205941,0.116328815266408,0.0482758662256636,0.991986010134304,-0.0100400785205941,0.116328815266408,0.0482758662256636,0.996616190862236,-0.00757360255573402,0.0657632547454112,0.0487237414497865,0.996619581314137,-0.00757108959087012,0.0657118536087447,0.0487241319978599,0.991986010134304,-0.0100400785205941,0.116328815266408,0.0482758662256636,0.973210089405304,-0.0152811432843981,0.224567939481983,0.0468812232824567,0.991986010134304,-0.0100400785205941,0.116328815266408,0.0482758662256636,0.991986010134304,-0.0100400785205941,0.116328815266408,0.0482758662256636,0.991987370641416,-0.010053361654112,0.116330872327678,0.0482401756927046,0.991987370641416,-0.010053361654112,0.116330872327678,0.0482401756927046,0.991986272629776,-0.0100425913519122,0.116329209616178,0.0482689989858756,0.991986010134304,-0.0100400785205941,0.116328815266408,0.0482758662256636,0.991987370641416,-0.010053361654112,0.116330872327678,0.0482401756927046,0.991987370641416,-0.010053361654112,0.116330872327678,0.0482401756927046,0.991986272629776,-0.0100425913519122,0.116329209616178,0.0482689989858756,0.998012042846985,0.0196816590882547,-0.0349080220841517,0.0486417991247659,0.975907710700648,0.0104801774184033,0.0399327224379279,0.214242114802376,0.992116679826442,-0.0238095123327308,0.00169935572617586,0.12302322107127,0.992116679826442,-0.0238095123327308,0.00169935572617586,0.12302322107127,0.993829716001295,-0.0298259085543839,0.0375217330806935,0.10002514842934,0.981603212769547,-0.0377480633520328,0.123437138499484,0.14068933588845,0.994291290917989,-0.0291466745417682,0.0176161904148079,0.101118593755381,0.994291290917989,-0.0291466745417682,0.0176161904148079,0.101118593755381
161,931,0.991961508146635,-0.00987010036048017,0.116283565369962,0.0489191158871216,0.991961508146635,-0.00987010036048017,0.116283565369962,0.0489191158871216,0.996589420824699,-0.00737115248946804,0.0657193085781335,0.0493575211217155,0.996592809010087,-0.00736860683732488,0.0656679088222054,0.0493579012274682,0.991961508146635,-0.00987010036048017,0.116283565369962,0.0489191158871216,0.973190705100665,-0.0151828368342431,0.224520272415136,0.0475392495309753,0.991961508146635,-0.00987010036048017,0.116283565369962,0.0489191158871216,0.991961508146635,-0.00987010036048017,0.116283565369962,0.0489191158871216,0.99196281299098,-0.00987926354252956,0.116285932091872,0.0488851694525466,0.99196281299098,-0.00987926354252956,0.116285932091872,0.0488851694525466,0.99196175802613,-0.00987182529276022,0.116284022074417,0.0489126148278188,0.991961508146635,-0.00987010036048017,0.116283565369962,0.0489191158871216,0.99196281299098,-0.00987926354252956,0.116285932091872,0.0488851694525466,0.99196281299098,-0.00987926354252956,0.116285932091872,0.0488851694525466,0.99196175802613,-0.00987182529276022,0.116284022074417,0.0489126148278188,0.997988556184374,0.0195348047644548,-0.03458233854655,0.0494094625400424,0.975791610802788,0.0101825968908346,0.0406891867731359,0.214642579855909,0.992107559274238,-0.0239109175210194,0.00171244092535111,0.123076912539656,0.992107559274238,-0.0239109175210194,0.00171244092535111,0.123076912539656,0.99382427015416,-0.0294006656089287,0.0368767634587008,0.100444139854519,0.98127733815305,-0.0385562963727706,0.125066408344234,0.141303188715451,0.994190206579523,-0.0306578561549274,0.0193636130823734,0.101345840988899,0.994190206579523,-0.0306578561549274,0.0193636130823734,0.101345840988899
162,932,0.991941672387525,-0.00976665054126007,0.116214838229319,0.0495019443413867,0.991941672387525,-0.00976665054126007,0.116214838229319,0.0495019443413867,0.996566117812844,-0.00723821554758137,0.0656516783567903,0.0499343388066729,0.996569502510196,-0.0072356401459135,0.0656002798028182,0.0499347120553598,0.991941672387525,-0.00976665054126007,0.116214838229319,0.0495019443413867,0.973178537138338,-0.0151440206744524,0.224449782572653,0.0481299137147014,0.991941672387525,-0.00976665054126007,0.116214838229319,0.0495019443413867,0.991941672387525,-0.00976665054126007,0.116214838229319,0.0495019443413867,0.991942738808096,-0.00977228128415378,0.116218394022843,0.0494711060635169,0.991942738808096,-0.00977228128415378,0.116218394022843,0.0494711060635169,0.991941875029048,-0.00976770230641512,0.116215530276955,0.049496051134979,0.991941672387525,-0.00976665054126007,0.116214838229319,0.0495019443413867,0.991942738808096,-0.00977228128415378,0.116218394022843,0.0494711060635169,0.991942738808096,-0.00977228128415378,0.116218394022843,0.0494711060635169,0.991941875029048,-0.00976770230641512,0.116215530276955,0.049496051134979,0.997975649619629,0.0194060307739864,-0.0341531826940487,0.0500156860169389,0.975720659866893,0.00989061739953229,0.0414026851239348,0.214842238074591,0.992107757296618,-0.0238396104830663,0.00179402613791354,0.123087986229797,0.992107757296618,-0.0238396104830663,0.00179402613791354,0.123087986229797,0.993829392803172,-0.0288798864532,0.0360259444730857,0.100852473860339,0.980912226320457,-0.0394672395166362,0.126832890471948,0.142010419175894,0.994070868521785,-0.0323658870092401,0.0213360243893701,0.101589033747285,0.994070868521785,-0.0323658870092401,0.0213360243893701,0.101589033747285
163,933,0.991925787078672,-0.0097053412504304,0.116126000732647,0.0500378979715572,0.991925787078672,-0.0097053412504304,0.116126000732647,0.0500378979715572,0.996545738087109,-0.00714974697259694,0.06556376299618,0.050466483931686,0.996549118250203,-0.007147144125358,0.0655123654934209,0.0504668526168478,0.991925787078672,-0.0097053412504304,0.116126000732647,0.0500378979715572,0.973172504308227,-0.0151419422132516,0.224359737868128,0.0486693586172021,0.991925787078672,-0.0097053412504304,0.116126000732647,0.0500378979715572,0.991925787078672,-0.0097053412504304,0.116126000732647,0.0500378979715572,0.991926642546785,-0.00970868832941895,0.116130621320122,0.0500095587721676,0.991926642546785,-0.00970868832941895,0.116130621320122,0.0500095587721676,0.991925949459482,-0.00970596487571123,0.116126896203895,0.0500324795786486,0.991925787078672,-0.0097053412504304,0.116126000732647,0.0500378979715572,0.991926642546785,-0.00970868832941895,0.116130621320122,0.0500095587721676,0.991926642546785,-0.00970868832941895,0.116130621320122,0.0500095587721676,0.991925949459482,-0.00970596487571123,0.116126896203895,0.0500324795786486,0.997976486613434,0.0192724456817754,-0.0335962043688908,0.0504261842315403,0.975667806187766,0.00960203112919642,0.0420980758588927,0.214960193933491,0.992112511218145,-0.0237418070998297,0.0019095140711041,0.123066833208923,0.992112511218145,-0.0237418070998297,0.0019095140711041,0.123066833208923,0.993846792891099,-0.0281928842371027,0.0350245669566294,0.101227433277597,0.980506797768145,-0.0404959151295948,0.128754132445401,0.142789613650668,0.993927615541414,-0.0342969346826427,0.0235465487329779,0.101868421889717,0.993927615541414,-0.0342969346826427,0.0235465487329779,0.101868421889717
164,934,0.991916511204712,-0.0096844005912424,0.116006435231182,0.0505010313717789,0.991916511204712,-0.0096844005912424,0.116006435231182,0.0505010313717789,0.996530397580262,-0.00710529576849577,0.0654448234324182,0.0509279545678722,0.996533771609,-0.00710266912070436,0.0653934267210127,0.050928320959824,0.991916511204712,-0.0096844005912424,0.116006435231182,0.0505010313717789,0.973176415572173,-0.0151719908721605,0.224239876894527,0.0491319903667675,0.991916511204712,-0.0096844005912424,0.116006435231182,0.0505010313717789,0.991916511204712,-0.0096844005912424,0.116006435231182,0.0505010313717789,0.991917023841798,-0.00968561503746622,0.116012645245788,0.050476458049783,0.991917023841798,-0.00968561503746622,0.116012645245788,0.050476458049783,0.991916606739175,-0.009684616245342,0.116007639975675,0.0504963459123112,0.991916511204712,-0.0096844005912424,0.116006435231182,0.0505010313717789,0.991917023841798,-0.00968561503746622,0.116012645245788,0.050476458049783,0.991917023841798,-0.00968561503746622,0.116012645245788,0.050476458049783,0.991916606739175,-0.009684616245342,0.116007639975675,0.0504963459123112,0.997997885616395,0.0191193876467518,-0.0329210210223481,0.0505061946306049,0.975623190049231,0.00934159429193144,0.0427787848211646,0.21503976660951,0.992109721199482,-0.0237024526588672,0.00197499614677429,0.123095874137437,0.992109721199482,-0.0237024526588672,0.00197499614677429,0.123095874137437,0.993882337882071,-0.0272933566378081,0.0338900040284195,0.101510781478937,0.980066647401776,-0.0415968028048569,0.130790998806306,0.14364117542789,0.993758042604147,-0.0364781278755268,0.0260017883067045,0.102167538636918,0.993758042604147,-0.0364781278755268,0.0260017883067045,0.102167538636918
165,935,0.991911117093204,-0.00967507673270238,0.115871955912608,0.050915798237037,0.991911117093204,-0.00967507673270238,0.115871955912608,0.050915798237037,0.996518175861697,-0.00707490446185163,0.0653107920437115,0.0513417115682172,0.996521542977706,-0.00707225647434706,0.0652593959628264,0.0513420763921697,0.991911117093204,-0.00967507673270238,0.115871955912608,0.050915798237037,0.973185822997053,-0.0152082743107022,0.224105618621335,0.049545272351545,0.991911117093204,-0.00967507673270238,0.115871955912608,0.050915798237037,0.991911117093204,-0.00967507673270238,0.115871955912608,0.050915798237037,0.991911417447515,-0.00967560369689366,0.115878990965571,0.0508938314844176,0.991911417447515,-0.00967560369689366,0.115878990965571,0.0508938314844176,0.991911172944513,-0.00967517213714543,0.115873312864824,0.0509116037626671,0.991911117093204,-0.00967507673270238,0.115871955912608,0.050915798237037,0.991911417447515,-0.00967560369689366,0.115878990965571,0.0508938314844176,0.991911417447515,-0.00967560369689366,0.115878990965571,0.0508938314844176,0.991911172944513,-0.00967517213714543,0.115873312864824,0.0509116037626671,0.998037363913633,0.0189460135629281,-0.0321504403386006,0.0502873541602148,0.975579874473101,0.00909502114455372,0.0434538832877906,0.215111480727177,0.992117772661511,-0.0236439550708682,0.00201978941990868,0.123041493035761,0.992117772661511,-0.0236439550708682,0.00201978941990868,0.123041493035761,0.99393854094066,-0.0262340878945398,0.0325829734265014,0.101667592219848,0.979588014223149,-0.0428177885027729,0.132978627056663,0.144535961352893,0.993563417433622,-0.0388982152400724,0.0287847819868366,0.102421192703124,0.993563417433622,-0.0388982152400724,0.0287847819868366,0.102421192703124
166,936,0.991909952525237,-0.00964284112089171,0.115716732005036,0.0512961950886695,0.991909952525237,-0.00964284112089171,0.115716732005036,0.0512961950886695,0.996509123928547,-0.00702337778148545,0.0651558279181648,0.0517199785382413,0.996512483052205,-0.00702071028471441,0.0651044323043443,0.0517203407041727,0.991909952525237,-0.00964284112089171,0.115716732005036,0.0512961950886695,0.973201712612547,-0.0152180099707782,0.223951205740332,0.0499269084561311,0.991909952525237,-0.00964284112089171,0.115716732005036,0.0512961950886695,0.991909952525237,-0.00964284112089171,0.115716732005036,0.0512961950886695,0.991910030230856,-0.00964447929309637,0.115724845473566,0.051276077138445,0.991910030230856,-0.00964447929309637,0.115724845473566,0.051276077138445,0.991909965581183,-0.00964316443934391,0.115718297913045,0.0512923492193463,0.991909952525237,-0.00964284112089171,0.115716732005036,0.0512961950886695,0.991910030230856,-0.00964447929309637,0.115724845473566,0.051276077138445,0.991910030230856,-0.00964447929309637,0.115724845473566,0.051276077138445,0.991909965581183,-0.00964316443934391,0.115718297913045,0.0512923492193463,0.998089327710879,0.0188262072132155,-0.0312889076566734,0.0498424727442666,0.975521714977686,0.00887195225826083,0.0441420575287308,0.215244397899812,0.9921194993805,-0.0236932089523616,0.00200337427274294,0.123018361597158,0.9921194993805,-0.0236932089523616,0.00200337427274294,0.123018361597158,0.994021072064141,-0.0250124848800337,0.0311060941588854,0.101631170409283,0.979076698317537,-0.044181406946269,0.135328693647416,0.145406212960667,0.993343107574935,-0.041531287878986,0.0314957373561415,0.102726049709308,0.993343107574935,-0.041531287878986,0.0314957373561415,0.102726049709308
167,937,0.991912946783168,-0.00958254364535428,0.115531025842584,0.0516668455489392,0.991912946783168,-0.00958254364535428,0.115531025842584,0.0516668455489392,0.996502676261839,-0.0069443208378894,0.0649702095679209,0.0520870855375257,0.996506025812133,-0.00694163440747036,0.0649188142868894,0.0520874436255618,0.991912946783168,-0.00958254364535428,0.115531025842584,0.0516668455489392,0.973225083547449,-0.0151987831315953,0.223766951720688,0.0503019389587697,0.991912946783168,-0.00958254364535428,0.115531025842584,0.0516668455489392,0.991912946783168,-0.00958254364535428,0.115531025842584,0.0516668455489392,0.99191280552839,-0.00958564047201805,0.115540717357059,0.0516473073659746,0.99191280552839,-0.00958564047201805,0.115540717357059,0.0516473073659746,0.991912917850042,-0.00958314986180298,0.115532898665712,0.0516631006313115,0.991912946783168,-0.00958254364535428,0.115531025842584,0.0516668455489392,0.99191280552839,-0.00958564047201805,0.115540717357059,0.0516473073659746,0.99191280552839,-0.00958564047201805,0.115540717357059,0.0516473073659746,0.991912917850042,-0.00958314986180298,0.115532898665712,0.0516631006313115,0.99814318194554,0.0187658355857521,-0.0304109573849827,0.0493275320823031,0.975452390687128,0.00865593285334242,0.0448341810997646,0.215424243144354,0.992117836784714,-0.0237852779184065,0.00193305802503798,0.123015128234846,0.992117836784714,-0.0237852779184065,0.00193305802503798,0.123015128234846,0.994126314115209,-0.023699450839908,0.0294890713795543,0.101398236092974,0.978523896249041,-0.0457403803601985,0.137892410126929,0.146234350627641,0.993100436502012,-0.0444213880481697,0.0344981347074865,0.102898697781324,0.993100436502012,-0.0444213880481697,0.0344981347074865,0.102898697781324
168,938,0.991900697564154,-0.00954220816091801,0.11535344251907,0.0523023492221723,0.991900697564154,-0.00954220816091801,0.11535344251907,0.0523023492221723,0.996481417640465,-0.00687173958080512,0.0647934782713883,0.052719717998847,0.99648475807577,-0.00686902052210213,0.0647420840870175,0.052720072342622,0.991900697564154,-0.00954220816091801,0.11535344251907,0.0523023492221723,0.973232411136881,-0.0152284844839408,0.223589097323526,0.0509380283390193,0.991900697564154,-0.00954220816091801,0.11535344251907,0.0523023492221723,0.991900697564154,-0.00954220816091801,0.11535344251907,0.0523023492221723,0.991901313944625,-0.00954437988229157,0.115362807538875,0.0522695977059097,0.991901313944625,-0.00954437988229157,0.115362807538875,0.0522695977059097,0.991900821940486,-0.00954261759886606,0.115355237333433,0.0522959568503976,0.991900697564154,-0.00954220816091801,0.11535344251907,0.0523023492221723,0.991901313944625,-0.00954437988229157,0.115362807538875,0.0522695977059097,0.991901313944625,-0.00954437988229157,0.115362807538875,0.0522695977059097,0.991900821940486,-0.00954261759886606,0.115355237333433,0.0522959568503976,0.998187895964017,0.0188945098830889,-0.0296811277932315,0.0488154944677211,0.975493313504469,0.00839264129334881,0.0455891847667342,0.215090643944587,0.992135926066603,-0.0238564792064682,0.00177205056093759,0.122857773236553,0.992135926066603,-0.0238564792064682,0.00177205056093759,0.122857773236553,0.994240912987165,-0.0222460335839238,0.0277958480441794,0.10108170835387,0.977961937953423,-0.0474015517555229,0.140554759535652,0.14692821504881,0.99283076110335,-0.0475327322501068,0.0376037412092808,0.1030227053559,0.99283076110335,-0.0475327322501068,0.0376037412092808,0.1030227053559
169,939,0.991906894029197,-0.00941497854294742,0.115156442585785,0.0526409107764488,0.991906894029197,-0.00941497854294742,0.115156442585785,0.0526409107764488,0.996477594064764,-0.00672746783020383,0.0645964180010088,0.0530513759004588,0.996480924336578,-0.00672473166624705,0.0645450240141031,0.0530517228028947,0.991906894029197,-0.00941497854294742,0.115156442585785,0.0526409107764488,0.973260205223923,-0.0151392062667624,0.223393969522793,0.0512885147177283,0.991906894029197,-0.00941497854294742,0.115156442585785,0.0526409107764488,0.991906894029197,-0.00941497854294742,0.115156442585785,0.0526409107764488,0.991906619671397,-0.00942144865422983,0.115166761373211,0.0526223453689015,0.991906619671397,-0.00942144865422983,0.115166761373211,0.0526223453689015,0.991906834166768,-0.00941625494169212,0.115158430632983,0.0526374612826466,0.991906894029197,-0.00941497854294742,0.115156442585785,0.0526409107764488,0.991906619671397,-0.00942144865422983,0.115166761373211,0.0526223453689015,0.991906619671397,-0.00942144865422983,0.115166761373211,0.0526223453689015,0.991906834166768,-0.00941625494169212,0.115158430632983,0.0526374612826466,0.998231768992677,0.018883878761816,-0.0289506856310625,0.0483589939737326,0.975423748764118,0.00816094350628468,0.0463259407126201,0.215257558671313,0.992134740820681,-0.0239963502321595,0.00161686832032461,0.122842244236456,0.992134740820681,-0.0239963502321595,0.00161686832032461,0.122842244236456,0.994378834027565,-0.0206593495138615,0.0259922366358725,0.100540187737585,0.977351178276415,-0.0491129555058678,0.143382530998337,0.147695774237766,0.99253185990817,-0.0508816081504931,0.0409062430011331,0.103044884893828,0.99253185990817,-0.0508816081504931,0.0409062430011331,0.103044884893828
170,940,0.99191854064057,-0.0092403519094535,0.114951752792078,0.0528991413928388,0.99191854064057,-0.0092403519094535,0.114951752792078,0.0528991413928388,0.996478822774088,-0.00653994293590899,0.0643914008176371,0.053300397840027,0.996482142472022,-0.00653719392875288,0.0643400067676327,0.0533007350704282,0.99191854064057,-0.0092403519094535,0.114951752792078,0.0528991413928388,0.973294261013042,-0.0149939955541735,0.223191796927143,0.0515643613441641,0.99191854064057,-0.0092403519094535,0.114951752792078,0.0528991413928388,0.99191854064057,-0.0092403519094535,0.114951752792078,0.0528991413928388,0.991917948262039,-0.00924940678111468,0.114962503646717,0.0528853017870021,0.991917948262039,-0.00924940678111468,0.114962503646717,0.0528853017870021,0.99191842427438,-0.00924211094632504,0.11495381965149,0.0528965246289287,0.99191854064057,-0.0092403519094535,0.114951752792078,0.0528991413928388,0.991917948262039,-0.00924940678111468,0.114962503646717,0.0528853017870021,0.991917948262039,-0.00924940678111468,0.114962503646717,0.0528853017870021,0.99191842427438,-0.00924211094632504,0.11495381965149,0.0528965246289287,0.998272323785446,0.0188376646010189,-0.0282654986186107,0.0479434202391491,0.975355237802644,0.0079196562944881,0.0470841491665068,0.215412446326554,0.992131334014143,-0.0241708575572109,0.00145448551411116,0.122837576433902,0.992131334014143,-0.0241708575572109,0.00145448551411116,0.122837576433902,0.994530716511578,-0.0189639374388861,0.0241307988470041,0.0998334990811491,0.976707240242191,-0.0509426667368467,0.146359101825206,0.148414368836516,0.992204989363772,-0.0544129562662144,0.0443848743586056,0.102948881490674,0.992204989363772,-0.0544129562662144,0.0443848743586056,0.102948881490674
171,941,0.991944576504645,-0.00900609974096607,0.114668419671702,0.0530660045647996,0.991944576504645,-0.00900609974096607,0.114668419671702,0.0530660045647996,0.996490425288847,-0.00629751308443234,0.0641071106402271,0.0534551400893026,0.996493730324337,-0.00629475609667878,0.0640557159921945,0.05345546481604,0.991944576504645,-0.00900609974096606,0.114668419671702,0.0530660045647996,0.973351255854693,-0.0147794857338014,0.222913036974235,0.0517559414411517,0.991944576504645,-0.00900609974096606,0.114668419671702,0.0530660045647996,0.991944576504645,-0.00900609974096606,0.114668419671702,0.0530660045647996,0.991943249310569,-0.00901826513163269,0.1146831243585,0.053056969651296,0.991943249310569,-0.00901826513163269,0.1146831243585,0.053056969651296,0.991944315800174,-0.00900845986051052,0.114671273766121,0.0530643098091458,0.991944576504645,-0.00900609974096606,0.114668419671702,0.0530660045647996,0.991943249310569,-0.00901826513163269,0.1146831243585,0.053056969651296,0.991943249310569,-0.00901826513163269,0.1146831243585,0.053056969651296,0.991944315800174,-0.00900845986051052,0.114671273766121,0.0530643098091458,0.998308409102548,0.0188025587613917,-0.0276050366812558,0.0475893480622519,0.975293139305618,0.00766183799473264,0.0478587695524307,0.215532194437078,0.99213121212217,-0.0243270885616196,0.00127930891902922,0.122809666003119,0.99213121212217,-0.0243270885616196,0.00127930891902922,0.122809666003119,0.994697773873276,-0.0171783629788952,0.0222083745366331,0.0989344762828222,0.976057398245282,-0.0528308867731996,0.149460749574038,0.148937359551504,0.991845936979905,-0.058146081715033,0.0479497925872233,0.102769099774623,0.991889890209714,-0.0580509429617003,0.0470318085179021,0.102822870552008
172,942,0.99197875965541,-0.00873135162696788,0.11434138824113,0.0531784808580675,0.99197875965541,-0.00873135162696788,0.11434138824113,0.0531784808580675,0.996507943703318,-0.00601740369855864,0.0637787645582766,0.053553507638008,0.996511231804148,-0.00601464163781513,0.0637273690071585,0.0535538179178129,0.99197875965541,-0.00873135162696788,0.11434138824113,0.0531784808580675,0.973421147776508,-0.014518751996379,0.222591737793341,0.051897911018395,0.99197875965541,-0.00873135162696788,0.11434138824113,0.0531784808580675,0.99197875965541,-0.00873135162696788,0.11434138824113,0.0531784808580675,0.991976989206433,-0.00874569734732539,0.114358475631816,0.053172405569217,0.991976989206433,-0.00874569734732539,0.114358475631816,0.053172405569217,0.991978416198094,-0.00873412271803249,0.114344687209595,0.0531773392001435,0.99197875965541,-0.00873135162696788,0.11434138824113,0.0531784808580675,0.991976989206433,-0.00874569734732539,0.114358475631816,0.053172405569217,0.991976989206433,-0.00874569734732539,0.114358475631816,0.053172405569217,0.991978416198094,-0.00873412271803249,0.114344687209595,0.0531773392001435,0.998342773251637,0.0187531974729638,-0.0269549497724226,0.0472594473469299,0.975237359851729,0.0074109290345449,0.0486661387275778,0.215612562300121,0.992127071007956,-0.0245388364108296,0.00110236368380715,0.122802708744901,0.992127071007956,-0.0245388364108296,0.00110236368380715,0.122802708744901,0.994874245951828,-0.0152923309637505,0.0202680726738705,0.0978804606934558,0.975400783190407,-0.0547535847336196,0.152602513043551,0.149358060121149,0.991450084554496,-0.0620450663631625,0.051639246854992,0.102520865003789,0.991738170893044,-0.0614376051342177,0.0457742544732957,0.102886047142002
173,943,0.992020619277838,-0.00850459739339609,0.113984115301047,0.0532013553382647,0.992020619277838,-0.00850459739339609,0.113984115301047,0.0532013553382647,0.99653159171943,-0.0057897799605938,0.0634198259102606,0.0535648283359516,0.996534861307763,-0.00578701731628158,0.06336842913996,0.0535651268759173,0.992020619277838,-0.00850459739339609,0.113984115301047,0.0532013553382646,0.973501990946506,-0.0142958815019569,0.222241223080996,0.0519455499415885,0.992020619277838,-0.00850459739339609,0.113984115301047,0.0532013553382646,0.992020619277838,-0.00850459739339609,0.113984115301047,0.0532013553382646,0.992018442510243,-0.00851665243209758,0.114002833862387,0.0531999081037547,0.992018442510243,-0.00851665243209758,0.114002833862387,0.0531999081037547,0.992020198155725,-0.00850689265450351,0.113987721124654,0.0532011152256088,0.992020619277838,-0.00850459739339609,0.113984115301047,0.0532013553382646,0.992018442510243,-0.00851665243209758,0.114002833862387,0.0531999081037547,0.992018442510243,-0.00851665243209758,0.114002833862387,0.0531999081037547,0.992020198155725,-0.00850689265450351,0.113987721124654,0.0532011152256088,0.998376506301705,0.0187006650391156,-0.0263059575204353,0.0469322212432916,0.975180931420188,0.00714107886639895,0.049476226320284,0.215692510338636,0.992116935811116,-0.0247871244481797,0.000934737612486214,0.12283611197017,0.992116935811116,-0.0247871244481797,0.000934737612486214,0.12283611197017,0.995054809449108,-0.0133498352892694,0.0183302973270218,0.0967042309821662,0.974724885181467,-0.0566318965728764,0.155790729619146,0.149778086058237,0.991012133685614,-0.0661376086268451,0.0553232629586271,0.102274650762648,0.991547706505788,-0.0650386867929942,0.0447085926820859,0.10297697161862
174,944,0.992066232443926,-0.00828717354310415,0.113623974459116,0.0531554853923447,0.992066232443926,-0.00828717354310415,0.113623974459116,0.0531554853923447,0.9965588426745,-0.00557496831323482,0.0630578323020368,0.0535079676397424,0.99656209359277,-0.00557220860183118,0.063006434126734,0.0535082551007503,0.992066232443926,-0.00828717354310415,0.113623974459116,0.0531554853923447,0.97358687991691,-0.0140747352409077,0.221888270039288,0.0519238355721883,0.992066232443926,-0.00828717354310415,0.113623974459116,0.0531554853923447,0.992066232443926,-0.00828717354310415,0.113623974459116,0.0531554853923447,0.992063847670133,-0.00829864752738928,0.113642917970845,0.0531577067810487,0.992063847670133,-0.00829864752738928,0.113642917970845,0.0531577067810487,0.99206577300848,-0.00828937074186614,0.113627612029816,0.0531559417393131,0.992066232443926,-0.00828717354310415,0.113623974459116,0.0531554853923447,0.992063847670133,-0.00829864752738928,0.113642917970845,0.0531577067810487,0.992063847670133,-0.00829864752738928,0.113642917970845,0.0531577067810487,0.99206577300848,-0.00828937074186614,0.113627612029816,0.0531559417393131,0.998411165321994,0.0186499313921024,-0.0256251224055895,0.0465905368196889,0.975126335298651,0.00687111728578037,0.0503005954142045,0.215757428737102,0.992110370488098,-0.0249993988014213,0.000806567715610053,0.122847027957772,0.992110370488098,-0.0249993988014213,0.000806567715610053,0.122847027957772,0.995227749053276,-0.0114566797265572,0.0163763710577358,0.0955106615775041,0.974026871032616,-0.0583844727460178,0.159026797387518,0.150244419401359,0.990546140237441,-0.0703198862543399,0.0591111224619778,0.101879010886298,0.991349265102744,-0.0687184101546699,0.0436166862365227,0.102966010740479
175,945,0.992121438566506,-0.00810795804997494,0.113216823721216,0.0530213445648555,0.992121438566506,-0.00810795804997494,0.113216823721216,0.0530213445648555,0.996593285027713,-0.0054028017950529,0.0626484020104752,0.053364891979359,0.996596514829336,-0.00540004946308713,0.0625970020593329,0.0533651705609707,0.992121438566506,-0.00810795804997494,0.113216823721216,0.0530213445648555,0.973686466580614,-0.0138818720573,0.221489644982681,0.0518101881041754,0.992121438566506,-0.00810795804997494,0.113216823721216,0.0530213445648555,0.992121438566506,-0.00810795804997494,0.113216823721216,0.0530213445648555,0.992118564672663,-0.00811749257040847,0.113238129079426,0.0530281629779448,0.992118564672663,-0.00811749257040847,0.113238129079426,0.0530281629779448,0.992120883005433,-0.00810977218590609,0.113220931729358,0.0530226905951442,0.992121438566506,-0.00810795804997494,0.113216823721216,0.0530213445648555,0.992118564672663,-0.00811749257040847,0.113238129079426,0.0530281629779448,0.992118564672663,-0.00811749257040847,0.113238129079426,0.0530281629779448,0.992120883005433,-0.00810977218590609,0.113220931729358,0.0530226905951442,0.998447194794693,0.0185486364217042,-0.0249484382850602,0.0462246981671107,0.975071925824851,0.00659151916125834,0.0511296362933816,0.215817171781743,0.992099973071543,-0.0251793645821864,0.000750904112054676,0.122894585615865,0.992099973071543,-0.0251793645821864,0.000750904112054676,0.122894585615865,0.995388642136026,-0.00973218198038963,0.0143707590477618,0.0943409615431689,0.973313377254165,-0.06006955676896,0.162307430336576,0.150695109626058,0.990036266690504,-0.0746425809140449,0.0630035480687841,0.101425976370779,0.991126873783994,-0.0725305405349395,0.0425297130826287,0.102946900186383
176,946,0.992189149064253,-0.00795551400743662,0.112730271376995,0.0528137121522514,0.992189149064253,-0.00795551400743662,0.112730271376995,0.0528137121522514,0.996636180206969,-0.00526110715829226,0.062159037219375,0.0531497802995681,0.996639384769266,-0.00525836592102268,0.0621076350565402,0.053150051573484,0.992189149064253,-0.00795551400743662,0.112730271376995,0.0528137121522514,0.973807202097084,-0.0137075473295985,0.221013471873156,0.0516205534707853,0.992189149064253,-0.00795551400743662,0.112730271376995,0.0528137121522514,0.992189149064253,-0.00795551400743662,0.112730271376995,0.0528137121522514,0.992185627741594,-0.00796361299935666,0.112755665160784,0.0528244351144929,0.992185627741594,-0.00796361299935666,0.112755665160784,0.0528244351144929,0.992188467940265,-0.00795705660162271,0.112735178155364,0.0528158020185836,0.992189149064253,-0.00795551400743662,0.112730271376995,0.0528137121522514,0.992185627741594,-0.00796361299935666,0.112755665160784,0.0528244351144929,0.992185627741594,-0.00796361299935666,0.112755665160784,0.0528244351144929,0.992188467940265,-0.00795705660162271,0.112735178155364,0.0528158020185836,0.998482870215379,0.018441615839656,-0.0242721501426744,0.0458555058758858,0.97501842895691,0.00630251367651942,0.0519701226439216,0.215866736363275,0.992092677356381,-0.0253000001483496,0.000752885086619143,0.122928689460142,0.992092677356381,-0.0253000001483496,0.000752885086619143,0.122928689460142,0.995532744931513,-0.00820184798419214,0.0122896889688593,0.0932536701895404,0.97261284111569,-0.0616604120831801,0.165570711863632,0.15102514443485,0.989482598033896,-0.079098251513448,0.0669417059643384,0.100928007996748,0.99087161953742,-0.0764895595493825,0.0415985264716673,0.102919111299203
177,947,0.992271851211674,-0.00781392271406144,0.112140089410893,0.0525368085411776,0.992271851211674,-0.00781392271406144,0.112140089410893,0.0525368085411776,0.996688780943667,-0.00513377178256688,0.0615654148134649,0.0528660385044898,0.996691954889479,-0.00513104517961178,0.0615140099385066,0.0528663032113884,0.992271851211674,-0.00781392271406144,0.112140089410893,0.0525368085411776,0.973954219486586,-0.0135364021409573,0.220435942405956,0.0513608747681731,0.992271851211674,-0.00781392271406144,0.112140089410893,0.0525368085411776,0.992271851211674,-0.00781392271406144,0.112140089410893,0.0525368085411776,0.992267551620832,-0.00782140732015147,0.11217086950994,0.0525511904842925,0.992267551620832,-0.00782140732015147,0.11217086950994,0.0525511904842925,0.992271019635392,-0.00781535407081605,0.112146040553808,0.0525395985956376,0.992271851211674,-0.00781392271406144,0.112140089410893,0.0525368085411776,0.992267551620832,-0.00782140732015147,0.11217086950994,0.0525511904842925,0.992267551620832,-0.00782140732015147,0.11217086950994,0.0525511904842925,0.992271019635392,-0.00781535407081605,0.112146040553808,0.0525395985956376,0.998524463386146,0.0183006000928086,-0.0235509753615012,0.0453799032080827,0.974974956285844,0.00600609830788527,0.0528183029212854,0.215865671830996,0.992085087966409,-0.0254098712002075,0.0008089254564979,0.122966915549985,0.992085087966409,-0.0254098712002075,0.0008089254564979,0.122966915549985,0.995664490926193,-0.00687299773144558,0.010134633042839,0.0922077687830898,0.971936213585356,-0.0631775837158485,0.168811804077949,0.151166016158184,0.988887417835218,-0.0836078555354181,0.0710025669570082,0.100349573120568,0.990599335013862,-0.0804921286653998,0.0406527629735352,0.10286558003348
178,948,0.992362283064709,-0.00769844954717582,0.111504998863245,0.0521964390899881,0.992362283064709,-0.00769844954717582,0.111504998863245,0.0521964390899881,0.9967468190296,-0.0050357462748256,0.0609265490182177,0.0525202402751628,0.996749960025467,-0.00503303750674205,0.0608751411507616,0.0525204999267998,0.992362283064709,-0.00769844954717582,0.111504998863245,0.0521964390899881,0.974113851816556,-0.0133842470923252,0.21981462490018,0.0510352457511163,0.992362283064709,-0.00769844954717582,0.111504998863245,0.0521964390899881,0.992362283064709,-0.00769844954717582,0.111504998863245,0.0521964390899881,0.99235756047589,-0.00770459754491349,0.111538293970133,0.0522141773969775,0.99235756047589,-0.00770459754491349,0.111538293970133,0.0522141773969775,0.992361373135421,-0.00769961861350477,0.111511409584691,0.0521998708276423,0.992362283064709,-0.00769844954717582,0.111504998863245,0.0521964390899881,0.99235756047589,-0.00770459754491349,0.111538293970133,0.0522141773969775,0.99235756047589,-0.00770459754491349,0.111538293970133,0.0522141773969775,0.992361373135421,-0.00769961861350477,0.111511409584691,0.0521998708276423,0.998571140628458,0.0181270425552198,-0.022805067341549,0.0447997358890454,0.974945719428101,0.00568952904321359,0.0536748362251598,0.215795007783525,0.992073759893297,-0.0255239334798115,0.000939035676034656,0.123033743188177,0.992073759893297,-0.0255239334798115,0.000939035676034656,0.123033743188177,0.995787242975786,-0.00567693266100429,0.00791087358482304,0.0911754201601013,0.971283636414758,-0.0646649614988281,0.172014847247611,0.15112058997258,0.988263470519626,-0.0880549455525719,0.0752340914453365,0.0996065805287771,0.990327158839584,-0.0844227433041227,0.0397111337513142,0.102703187554761
179,949,0.992456903402503,-0.00760950616273927,0.110848893828779,0.0518064961333152,0.992456903402503,-0.00760950616273927,0.110848893828779,0.0518064961333152,0.996807972178338,-0.00496673571559008,0.0602664830238081,0.0521262809145584,0.996811079130843,-0.00496404726627732,0.0602150720032214,0.0521265370074604,0.992456903402503,-0.00760950616273927,0.110848893828779,0.0518064961333152,0.974279955167677,-0.0132530170460588,0.219172880012142,0.0506574295126475,0.992456903402503,-0.00760950616273927,0.110848893828779,0.0518064961333152,0.992456903402503,-0.00760950616273927,0.110848893828779,0.0518064961333152,0.992451951821535,-0.00761426085171912,0.110883365578209,0.0518268810112805,0.992451951821535,-0.00761426085171912,0.110883365578209,0.0518268810112805,0.992455951100964,-0.00761040731035011,0.110855519322224,0.0518104300373239,0.992456903402503,-0.00760950616273927,0.110848893828779,0.0518064961333152,0.992451951821535,-0.00761426085171912,0.110883365578209,0.0518268810112805,0.992451951821535,-0.00761426085171912,0.110883365578209,0.0518268810112805,0.992455951100964,-0.00761040731035011,0.110855519322224,0.0518104300373239,0.99862220195586,0.0179394427754119,-0.0220334123012798,0.0441180563499748,0.974944842793614,0.00534286377897994,0.0545510192155127,0.215588018264753,0.992068526874906,-0.0255438818974431,0.00111774490189864,0.123070299943563,0.992068526874906,-0.0255438818974431,0.00111774490189864,0.123070299943563,0.995907692893425,-0.00456561793216522,0.0056130779880181,0.090086157227921,0.970633510282934,-0.0661814070667725,0.175202639406946,0.150978956213545,0.987626208003425,-0.0922335110605582,0.0797396906808557,0.0986358678794995,0.990086260398928,-0.0880561849928253,0.0386411953019916,0.102382436381488
180,950,0.992549661304422,-0.0075307310900883,0.110216805801059,0.0513878745691828,0.992549661304422,-0.0075307310900883,0.110216805801059,0.0513878745691828,0.996868485902833,-0.00490933784674026,0.0596304976526696,0.051704196787068,0.996871560053949,-0.00490667116673376,0.0595790835118989,0.0517044499202035,0.992549661304422,-0.0075307310900883,0.110216805801059,0.0513878745691828,0.974441569731225,-0.013128744237455,0.218554802317994,0.0502499914252408,0.992549661304422,-0.0075307310900883,0.110216805801059,0.0513878745691828,0.992549661304422,-0.0075307310900883,0.110216805801059,0.0513878745691828,0.992544791235988,-0.00753490769551477,0.11025013550431,0.0514098256913093,0.992544791235988,-0.00753490769551477,0.11025013550431,0.0514098256913093,0.992548727158214,-0.00753152787479814,0.110223193265149,0.0513921002773265,0.992549661304422,-0.0075307310900883,0.110216805801059,0.0513878745691828,0.992544791235988,-0.00753490769551477,0.11025013550431,0.0514098256913093,0.992544791235988,-0.00753490769551477,0.11025013550431,0.0514098256913093,0.992548727158214,-0.00753152787479814,0.110223193265149,0.0513921002773265,0.998676280331517,0.0176797385935956,-0.0212793815239284,0.0433624476756957,0.974989314474307,0.0049687885723727,0.0553914346234404,0.215181171972369,0.992062729769301,-0.0255098479999711,0.00136339958961909,0.123121602488192,0.992062729769301,-0.0255098479999711,0.00136339958961909,0.123121602488192,0.996024517518502,-0.00341700609984491,0.00326185083249061,0.0889541730358656,0.969990895763734,-0.0676724833328821,0.178344675907606,0.15076894146488,0.986991253352185,-0.0960448071485148,0.084412971470671,0.0974582529782983,0.989880789581191,-0.0913234309278007,0.0375939671269315,0.101895765453489
181,951,0.992640383229602,-0.0074759976384915,0.109585675391136,0.0509917521778504,0.992640383229602,-0.0074759976384915,0.109585675391136,0.0509917521778504,0.996927014950229,-0.00487480706531435,0.0589955721352668,0.0513058046124802,0.996930056354621,-0.00487216093265769,0.0589441549766715,0.0513060559652008,0.992640383229602,-0.0074759976384915,0.109585675391136,0.0509917521778504,0.974601055464947,-0.0130308385505964,0.217937452852312,0.0498622760965274,0.992640383229602,-0.0074759976384915,0.109585675391136,0.0509917521778504,0.992640383229602,-0.0074759976384915,0.109585675391136,0.0509917521778504,0.992635618455894,-0.00747894325331511,0.109618900037084,0.051012656617342,0.992635618455894,-0.00747894325331511,0.109618900037084,0.051012656617342,0.992639469509787,-0.00747655296230476,0.10959205088413,0.0509957558051719,0.992640383229602,-0.0074759976384915,0.109585675391136,0.0509917521778504,0.992635618455894,-0.00747894325331511,0.109618900037084,0.051012656617342,0.992635618455894,-0.00747894325331511,0.109618900037084,0.051012656617342,0.992639469509787,-0.00747655296230476,0.10959205088413,0.0509957558051719,0.99873247122798,0.0174084352221364,-0.0204899150543401,0.0425506836494481,0.975044703787259,0.00456882909776819,0.0562750449063765,0.214709270265344,0.992054156866616,-0.0254570739589887,0.00163640146397707,0.123198252501255,0.992054156866616,-0.0254570739589887,0.00163640146397707,0.123198252501255,0.996137665620411,-0.00218270722503409,0.000953081865899006,0.0877728805294987,0.969360088635867,-0.0691151014372193,0.181388551883249,0.150540076255081,0.98633093694351,-0.0997068794079223,0.089134491256606,0.0962541609246129,0.989678395770073,-0.0944386551945686,0.0364739310934177,0.101428130721258
182,952,0.992727735482251,-0.00743412127063872,0.108970854923405,0.050613533985275,0.992727735482251,-0.00743412127063872,0.108970854923405,0.050613533985275,0.996983007592084,-0.00485220681593221,0.0583771067379791,0.0509259469284624,0.996986017098696,-0.0048495802746826,0.058325686692354,0.0509261971160675,0.992727735482251,-0.00743412127063872,0.108970854923405,0.050613533985275,0.97475540070361,-0.0129476784681605,0.217335944605581,0.0494909446649615,0.992727735482251,-0.00743412127063872,0.108970854923405,0.050613533985275,0.992727735482251,-0.00743412127063872,0.108970854923405,0.050613533985275,0.992723143535325,-0.00743636247411981,0.109003258708588,0.0506334908277638,0.992723143535325,-0.00743636247411981,0.109003258708588,0.0506334908277638,0.992726855483719,-0.00743454560752283,0.108977067175698,0.0506173563395021,0.992727735482251,-0.00743412127063872,0.108970854923405,0.050613533985275,0.992723143535325,-0.00743636247411981,0.109003258708588,0.0506334908277638,0.992723143535325,-0.00743636247411981,0.109003258708588,0.0506334908277638,0.992726855483719,-0.00743454560752283,0.108977067175698,0.0506173563395021,0.998790035261999,0.017087834863006,-0.0196991110061086,0.0416943207954944,0.975104952190047,0.0041567802560535,0.0571020299633778,0.214225142236878,0.992048944281714,-0.0253586934144082,0.00193815328573036,0.123256125120391,0.992048944281714,-0.0253586934144082,0.00193815328573036,0.123256125120391,0.996244218312901,-0.000864168404686905,-0.00126143703249409,0.0865743580264864,0.968725611859167,-0.0705285860587481,0.184414536195522,0.150292003501276,0.985613971105661,-0.103574442899104,0.0935737053680328,0.0952963609125244,0.989405176893647,-0.097807767040795,0.0356136815145611,0.101206236623656
183,953,0.992810583489545,-0.00740603071523708,0.108378083070995,0.0502641734245195,0.992810583489545,-0.00740603071523708,0.108378083070995,0.0502641734245195,0.997035622375612,-0.0048419079460342,0.0577808903797023,0.0505756102132969,0.997038601131954,-0.00483929947361444,0.0577294676212326,0.0505758598701978,0.992810583489545,-0.00740603071523708,0.108378083070995,0.0502641734245195,0.97490284749952,-0.0128813900388833,0.216755856936604,0.0491467823124909,0.992810583489545,-0.00740603071523708,0.108378083070995,0.0502641734245195,0.992810583489545,-0.00740603071523708,0.108378083070995,0.0502641734245195,0.992806224125343,-0.00740754739756091,0.108409343234812,0.0502826399359576,0.992806224125343,-0.00740754739756091,0.108409343234812,0.0502826399359576,0.992809748624084,-0.00740631588219587,0.108384073176124,0.0502677053762086,0.992810583489545,-0.00740603071523708,0.108378083070995,0.0502641734245195,0.992806224125343,-0.00740754739756091,0.108409343234812,0.0502826399359576,0.992806224125343,-0.00740754739756091,0.108409343234812,0.0502826399359576,0.992809748624084,-0.00740631588219587,0.108384073176124,0.0502677053762086,0.998849121408891,0.0167433165291801,-0.0188931268711064,0.0407816597176046,0.97515177434317,0.00374061138344879,0.0579665779936519,0.213787045111606,0.9920473470069,-0.0252277995188692,0.00227214177798669,0.123290132613071,0.9920473470069,-0.0252277995188692,0.00227214177798669,0.123290132613071,0.996348220780089,0.000527391555758383,-0.00340535965715008,0.0853132365585988,0.968094655746559,-0.0718889982525225,0.187421035642951,0.14999354934038,0.984855449523828,-0.107411133187521,0.0981575938312427,0.0942744863887171,0.989131755628299,-0.101118777444398,0.0345476437864422,0.100994173914311
184,954,0.992885704589816,-0.00740952999046119,0.107818998167955,0.0499813977451977,0.992885704589816,-0.00740952999046119,0.107818998167955,0.0499813977451977,0.997082232293252,-0.00485977407177548,0.0572187101380624,0.0502933778067699,0.997085182054765,-0.00485718015562951,0.0571672849764073,0.0502936283855019,0.992885704589816,-0.00740952999046119,0.107818998167955,0.0499813977451977,0.975038914528777,-0.0128538129033296,0.216208403859106,0.0488653327942152,0.992885704589816,-0.00740952999046119,0.107818998167955,0.0499813977451977,0.992885704589816,-0.00740952999046119,0.107818998167955,0.0499813977451977,0.992881741073424,-0.00740943093921953,0.107848516564469,0.0499964603847753,0.992881741073424,-0.00740943093921953,0.107848516564469,0.0499964603847753,0.992884947030727,-0.00740949786430622,0.10782464913567,0.0499842609224123,0.992885704589816,-0.00740952999046119,0.107818998167955,0.0499813977451977,0.992881741073424,-0.00740943093921953,0.107848516564469,0.0499964603847753,0.992881741073424,-0.00740943093921953,0.107848516564469,0.0499964603847753,0.992884947030727,-0.00740949786430622,0.10782464913567,0.0499842609224123,0.998907719442016,0.0164208893735118,-0.0180435101474841,0.0398516520723077,0.975184511333318,0.00332867803191258,0.0588214344591285,0.213410701714622,0.992042754542986,-0.0251021809684195,0.00259916082394447,0.123346252607874,0.992042754542986,-0.0251021809684195,0.00259916082394447,0.123346252607874,0.996455009565683,0.00201106046366652,-0.00553187626392879,0.0839212004934825,0.96746861034262,-0.0731640294910819,0.190381182928647,0.149688068920127,0.98416303121456,-0.110665557813476,0.102626681011472,0.0929732577087354,0.988913414842319,-0.103943457885447,0.0340494582887962,0.100432315008462
185,955,0.992950787748405,-0.00743847971559963,0.10731173909496,0.0497754234714054,0.992950787748405,-0.00743847971559963,0.10731173909496,0.0497754234714054,0.99712145116052,-0.00489915451686141,0.0567087989054761,0.0500891410113713,0.997124374623018,-0.00489657113429242,0.0566573717217637,0.0500893936214438,0.992950787748405,-0.00743847971559963,0.10731173909496,0.0497754234714054,0.975159312671351,-0.0128599668251209,0.215711360730261,0.0486574250808025,0.992950787748405,-0.00743847971559963,0.10731173909496,0.0497754234714054,0.992950787748405,-0.00743847971559963,0.10731173909496,0.0497754234714054,0.99294734349382,-0.00743702733722271,0.10733857884313,0.049786475722712,0.99294734349382,-0.00743702733722271,0.10733857884313,0.049786475722712,0.992950130874042,-0.00743818990855464,0.107316868361294,0.0497775119228638,0.992950787748405,-0.00743847971559963,0.10731173909496,0.0497754234714054,0.99294734349382,-0.00743702733722271,0.10733857884313,0.049786475722712,0.99294734349382,-0.00743702733722271,0.10733857884313,0.049786475722712,0.992950130874042,-0.00743818990855464,0.107316868361294,0.0497775119228638,0.998966168013225,0.0161020190262836,-0.0171558194942216,0.0388972750425158,0.97521609509699,0.00291139117779462,0.0596682328139137,0.213037071088701,0.992039516868172,-0.025008914418106,0.00293482430236507,0.123383702237804,0.992039516868172,-0.025008914418106,0.00293482430236507,0.123383702237804,0.996568020593478,0.00359481669406922,-0.00765512287987368,0.082344743104995,0.966882301873994,-0.0742606590504447,0.193216175389079,0.149303310104821,0.983524408436917,-0.113581636926773,0.106728186617759,0.0915862650354062,0.988723898195879,-0.106498198261667,0.0337078766202182,0.0997344772740082
186,956,0.993005817259519,-0.00749314947223372,0.10684413238445,0.0496752551554244,0.993005817259519,-0.00749314947223372,0.10684413238445,0.0496752551554244,0.997152644605621,-0.00495884443005374,0.0562389997443549,0.0499918805976359,0.997155543837918,-0.00495626606366675,0.0561875709524476,0.0499921362863791,0.993005817259518,-0.00749314947223372,0.10684413238445,0.0496752551554244,0.975265363241925,-0.0129033051191392,0.215252625992871,0.0485518586747424,0.993005817259518,-0.00749314947223372,0.10684413238445,0.0496752551554244,0.993005817259518,-0.00749314947223372,0.10684413238445,0.0496752551554244,0.993002899783484,-0.00749034341223844,0.106868855376898,0.0496808164948075,0.993002899783484,-0.00749034341223844,0.106868855376898,0.0496808164948075,0.993005261575614,-0.00749259988547893,0.106848859871369,0.0496762777821681,0.993005817259518,-0.00749314947223372,0.10684413238445,0.0496752551554244,0.993002899783484,-0.00749034341223844,0.106868855376898,0.0496808164948075,0.993002899783484,-0.00749034341223844,0.106868855376898,0.0496808164948075,0.993005261575614,-0.00749259988547893,0.106848859871369,0.0496762777821681,0.999023967618502,0.0157762536918177,-0.0162568399640321,0.0379201410548657,0.975263256587403,0.00244639845310798,0.0605132056354175,0.212588210935759,0.992036078412795,-0.0249094958836322,0.00325254680222834,0.123423486749836,0.992036078412795,-0.0249094958836322,0.00325254680222834,0.123423486749836,0.996680735866459,0.0051899530327041,-0.00976985059547051,0.0806543561102273,0.966376831753827,-0.0751521813622489,0.195862983036824,0.148679724784004,0.982928630930219,-0.116329878321056,0.110373255645097,0.0902020528910518,0.988531926120365,-0.10897272734324,0.0336983694681218,0.0989646180780165
187,957,0.993051717314815,-0.00755778783022877,0.106410244464242,0.0496792356449972,0.993051717314815,-0.00755778783022877,0.106410244464242,0.0496792356449972,0.99717643406679,-0.00502319695743357,0.0558033397807179,0.0499991410274691,0.997179310829644,-0.00502061821650018,0.055751909762435,0.049999400035221,0.993051717314815,-0.00755778783022877,0.106410244464242,0.0496792356449972,0.975358636483964,-0.0129679896396881,0.214826403463318,0.0485487163152937,0.993051717314815,-0.00755778783022877,0.106410244464242,0.0496792356449972,0.993051717314815,-0.00755778783022877,0.106410244464242,0.0496792356449972,0.993049281562194,-0.00755441564820478,0.106433175559768,0.0496793149438298,0.993049281562194,-0.00755441564820478,0.106433175559768,0.0496793149438298,0.993051253734629,-0.00755713595819699,0.106414630723172,0.0496792061152552,0.993051717314815,-0.00755778783022877,0.106410244464242,0.0496792356449972,0.993049281562194,-0.00755441564820478,0.106433175559768,0.0496793149438298,0.993049281562194,-0.00755441564820478,0.106433175559768,0.0496793149438298,0.993051253734629,-0.00755713595819699,0.106414630723172,0.0496792061152552,0.999077670709924,0.0154581245481724,-0.0153806540454301,0.0369904008550928,0.975320761936689,0.00194896197059195,0.0613554942639638,0.212087520156418,0.992035325626424,-0.0247987811208706,0.00355929273721738,0.123443365959476,0.992035325626424,-0.0247987811208706,0.00355929273721738,0.123443365959476,0.996789903294418,0.00670997145969192,-0.0118401055358779,0.078896621437258,0.965954258032768,-0.0758578879129755,0.198330928218288,0.147793082185263,0.982456693422631,-0.11833022541092,0.113868483053525,0.0883785713301877,0.988469763418565,-0.110730549166228,0.0333873133252987,0.0977320806977406
188,958,0.993090994122475,-0.00762976792776822,0.105989177421284,0.0497831126363412,0.993090994122475,-0.00762976792776822,0.105989177421284,0.0497831126363412,0.997194260428833,-0.00508980474467019,0.0553808207360562,0.0501065419886003,0.997197115400001,-0.0050872204643823,0.0553293897989305,0.0501068044315441,0.993090994122475,-0.00762976792776822,0.105989177421284,0.0497831126363412,0.975443918515377,-0.0130509424140677,0.214412196875486,0.0486440599097045,0.993090994122475,-0.00762976792776822,0.105989177421284,0.0497831126363412,0.993090994122475,-0.00762976792776822,0.105989177421284,0.0497831126363412,0.993088913573051,-0.0076260003526738,0.106011377871031,0.0497779230061206,0.993088913573051,-0.0076260003526738,0.106011377871031,0.0497779230061206,0.993090597695165,-0.00762904161555139,0.105993432058671,0.0497820736200515,0.993090994122475,-0.00762976792776822,0.105989177421284,0.0497831126363412,0.993088913573051,-0.0076260003526738,0.106011377871031,0.0497779230061206,0.993088913573051,-0.0076260003526738,0.106011377871031,0.0497779230061206,0.993090597695165,-0.00762904161555139,0.105993432058671,0.0497820736200515,0.999125065618385,0.0151418838656579,-0.0145482193286484,0.0361687146636778,0.97537092024787,0.00141971779642008,0.0622029832908426,0.211613660253589,0.99203227005435,-0.024725737325254,0.00388397448931046,0.12347278172416,0.99203227005435,-0.024725737325254,0.00388397448931046,0.12347278172416,0.99689219784282,0.00818174262538851,-0.0138211378785278,0.0771231555077079,0.965632538691318,-0.0764399667525335,0.200529354349925,0.146624383195411,0.982031813616872,-0.119924585661987,0.117375744954903,0.0863397086770868,0.988475227946531,-0.112092222684879,0.0328674945106922,0.096290109327006
189,959,0.993103064806032,-0.00777198911718591,0.10562719777659,0.0502871151279799,0.993103064806032,-0.00777198911718591,0.10562719777659,0.0502871151279799,0.997187918795708,-0.00520622746501619,0.0550186954148435,0.0506171211974256,0.997190755090065,-0.00520361685115918,0.0549672648052727,0.0506173896442585,0.993103064806031,-0.00777198911718591,0.10562719777659,0.0502871151279799,0.97549566983862,-0.0132476543455535,0.214053732421019,0.0491293946336925,0.993103064806031,-0.00777198911718591,0.10562719777659,0.0502871151279799,0.993103064806031,-0.00777198911718591,0.10562719777659,0.0502871151279799,0.993102367348281,-0.00776468975751359,0.105646407857344,0.0502616560317008,0.993102367348281,-0.00776468975751359,0.105646407857344,0.0502616560317008,0.993102942149355,-0.00777055965783689,0.105630860333918,0.0502820648145596,0.993103064806031,-0.00777198911718591,0.10562719777659,0.0502871151279799,0.993102367348281,-0.00776468975751359,0.105646407857344,0.0502616560317008,0.993102367348281,-0.00776468975751359,0.105646407857344,0.0502616560317008,0.993102942149355,-0.00777055965783689,0.105630860333918,0.0502820648145596,0.999159871753107,0.0148956227952879,-0.0138134187505078,0.0355929847340528,0.975519958085697,0.000789019626677959,0.0630266275222808,0.210684202178705,0.992022895026531,-0.0246065022182325,0.00419634141414071,0.123561670879363,0.992022895026531,-0.0246065022182325,0.00419634141414071,0.123561670879363,0.996965117207817,0.00951236305802398,-0.015644176131681,0.0756659089221642,0.96545906076477,-0.076851808965442,0.202285365044433,0.145131776447431,0.981759817645357,-0.120728477660896,0.120322986388327,0.0842298883130788,0.98855321558694,-0.112808823131268,0.0330529960694885,0.0945738273905081
190,960,0.993130131975338,-0.00786666979613846,0.105230169312591,0.0505694367717195,0.993130131975338,-0.00786666979613846,0.105230169312591,0.0505694367717195,0.997194772999065,-0.00528643749079895,0.0546208044086929,0.0509038899078085,0.997197588771957,-0.00528381208657525,0.0545693734461419,0.050904162491138,0.993130131975338,-0.00786666979613846,0.105230169312591,0.0505694367717195,0.975566176099311,-0.0133727676980761,0.213662078109051,0.0493996104557891,0.993130131975338,-0.00786666979613846,0.105230169312591,0.0505694367717195,0.993130131975338,-0.00786666979613846,0.105230169312591,0.0505694367717195,0.99312875032829,-0.00786157084612593,0.105250981938462,0.0505540480692755,0.99312875032829,-0.00786157084612593,0.105250981938462,0.0505540480692755,0.993129861321366,-0.00786570870457111,0.105234176354817,0.0505665631153855,0.993130131975338,-0.00786666979613846,0.105230169312591,0.0505694367717195,0.99312875032829,-0.00786157084612593,0.105250981938462,0.0505540480692755,0.99312875032829,-0.00786157084612593,0.105250981938462,0.0505540480692755,0.993129861321366,-0.00786570870457111,0.105234176354817,0.0505665631153855,0.999194911423386,0.0145502577053551,-0.013069721898182,0.0350285791293959,0.975560798139832,0.000230536699862396,0.0638520899881924,0.21024744133935,0.9920260078448,-0.0245135882040468,0.00450798169991025,0.123544169647391,0.9920260078448,-0.0245135882040468,0.00450798169991025,0.123544169647391,0.99704360310401,0.0107465577689406,-0.0174584327189268,0.0740524687805255,0.965385466932823,-0.0771569676799526,0.203728113149848,0.14343137204159,0.981569177179292,-0.121150409585384,0.122619071403869,0.0825172224260743,0.988648130910449,-0.113157789596799,0.0329902941432216,0.0931763295756328
191,961,0.993154875904969,-0.00794509709966859,0.10486751738704,0.0508239283737579,0.993154875904969,-0.00794509709966859,0.10486751738704,0.0508239283737579,0.997201054067381,-0.00535182953823679,0.0542573635891083,0.0511620385037353,0.997203851095597,-0.00534919081976484,0.0542059323030909,0.0511623144593536,0.993154875904969,-0.00794509709966859,0.10486751738704,0.0508239283737579,0.975630597842168,-0.0134786696132576,0.213304337252834,0.0496439495681063,0.993154875904969,-0.00794509709966859,0.10486751738704,0.0508239283737579,0.993154875904969,-0.00794509709966859,0.10486751738704,0.0508239283737579,0.99315357499316,-0.00794092082976931,0.104886691182048,0.0508104346326792,0.99315357499316,-0.00794092082976931,0.104886691182048,0.0508104346326792,0.99315462677973,-0.00794430322385485,0.104871184084611,0.0508213547733138,0.993154875904969,-0.00794509709966859,0.10486751738704,0.0508239283737579,0.99315357499316,-0.00794092082976931,0.104886691182048,0.0508104346326792,0.99315357499316,-0.00794092082976931,0.104886691182048,0.0508104346326792,0.99315462677973,-0.00794430322385485,0.104871184084611,0.0508213547733138,0.999224317957252,0.0141903819767125,-0.01236589396393,0.0345901738748461,0.975597273954888,-0.000357051048590509,0.0646609115124537,0.209830403156262,0.992028458256996,-0.0244579054701585,0.00480504030026272,0.123524331433005,0.992028458256996,-0.0244579054701585,0.00480504030026272,0.123524331433005,0.99710925306299,0.0118388049050232,-0.0191746490657713,0.0725624764447252,0.96542060485106,-0.0772316365375546,0.204742775717709,0.141699420740355,0.981464304439557,-0.121071902067572,0.12445349023029,0.0811217751914756,0.9887824916866,-0.11300970201669,0.0327114086147793,0.0920214927643257
192,962,0.9931786332335,-0.00802783667874147,0.104523628684893,0.0510545529139018,0.9931786332335,-0.00802783667874147,0.104523628684893,0.0510545529139019,0.997207303403878,-0.00542274127269807,0.0539127118867818,0.0513965700418649,0.997210082656477,-0.0054200904580338,0.0538612802789098,0.0513968496544845,0.9931786332335,-0.00802783667874147,0.104523628684893,0.0510545529139018,0.975691978320157,-0.0135862365698901,0.21296513777311,0.0498640923997011,0.9931786332335,-0.00802783667874147,0.104523628684893,0.0510545529139018,0.9931786332335,-0.00802783667874147,0.104523628684893,0.0510545529139018,0.993177385029379,-0.00802349092420279,0.104541782305824,0.0510423472414482,0.993177385029379,-0.00802349092420279,0.104541782305824,0.0510423472414482,0.9931783940673,-0.00802700135142846,0.10452710433354,0.0510522209786046,0.9931786332335,-0.00802783667874147,0.104523628684893,0.0510545529139018,0.993177385029379,-0.00802349092420279,0.104541782305824,0.0510423472414482,0.993177385029379,-0.00802349092420279,0.104541782305824,0.0510423472414482,0.9931783940673,-0.00802700135142846,0.10452710433354,0.0510522209786046,0.99924792294309,0.0138349082484679,-0.0116998824276686,0.0342825984845865,0.975619224704822,-0.000950274439647963,0.0654617332650942,0.209477891059611,0.992033404944784,-0.0244380946606511,0.00505487805288782,0.123478545548949,0.992033404944784,-0.0244380946606511,0.00505487805288782,0.123478545548949,0.997160851094246,0.0129026511300294,-0.0208103648868359,0.0712087589562786,0.965558260037102,-0.0769493736977768,0.205245640780137,0.14017941112159,0.981451529904784,-0.120500674682442,0.125722745737115,0.0801640384022441,0.988939752391433,-0.112387169047168,0.0324265398723171,0.0911910625305108
193,963,0.993198408095763,-0.0081093478280602,0.104246353021661,0.0512236128707247,0.993198408095763,-0.0081093478280602,0.104246353021661,0.0512236128707247,0.99721296086315,-0.00549555503217347,0.0536347895383581,0.051569554124645,0.997215725781737,-0.00549289529565949,0.053583357639069,0.0515698374924457,0.993198408095763,-0.0081093478280602,0.104246353021661,0.0512236128707247,0.975742084784231,-0.0136858213264456,0.21269171103547,0.0500231779512952,0.993198408095763,-0.0081093478280602,0.104246353021661,0.0512236128707247,0.993198408095763,-0.0081093478280602,0.104246353021661,0.0512236128707247,0.993197359960543,-0.00810505500741863,0.104261124802966,0.0512145497447259,0.993197359960543,-0.00810505500741863,0.104261124802966,0.0512145497447259,0.993198208522711,-0.00810852436790947,0.104249160594371,0.0512218989810254,0.993198408095763,-0.0081093478280602,0.104246353021661,0.0512236128707247,0.993197359960543,-0.00810505500741863,0.104261124802966,0.0512145497447259,0.993197359960543,-0.00810505500741863,0.104261124802966,0.0512145497447259,0.993198208522711,-0.00810852436790947,0.104249160594371,0.0512218989810254,0.999266592149385,0.0135012559078844,-0.0110443280671495,0.034088366352903,0.975627896530804,-0.00156149991540515,0.0662595707903357,0.209182787311896,0.992037596264775,-0.0244759039652297,0.00526304339800592,0.123428676151383,0.992037596264775,-0.0244759039652297,0.00526304339800592,0.123428676151383,0.997196496521341,0.0140202019833246,-0.0223631889462581,0.070017633793674,0.965785922425829,-0.0762551002015531,0.20522479301641,0.139016171968281,0.981542641412564,-0.119411578871196,0.126353119620723,0.0796856767709654,0.989122372594979,-0.11125803228728,0.0320624356704216,0.0907225578482074
194,964,0.993210818088802,-0.00819435254178402,0.104067213926102,0.0513335991671418,0.993210818088802,-0.00819435254178402,0.104067213926102,0.0513335991671418,0.99721625051849,-0.00557486011361272,0.0534552512370052,0.0516837184396157,0.997219006177283,-0.00557219448890353,0.0534038191682891,0.0516840058974694,0.993210818088802,-0.00819435254178402,0.104067213926102,0.0513335991671418,0.975774093285765,-0.0137823908749209,0.212515018422963,0.0501231634955608,0.993210818088802,-0.00819435254178402,0.104067213926102,0.0513335991671418,0.993210818088802,-0.00819435254178402,0.104067213926102,0.0513335991671418,0.993210146596042,-0.00818988767668447,0.104076909618163,0.051327646769026,0.993210146596042,-0.00818988767668447,0.104076909618163,0.051327646769026,0.993210692254235,-0.00819349426219181,0.104069033420157,0.0513324821787653,0.993210818088802,-0.00819435254178402,0.104067213926102,0.0513335991671418,0.993210146596042,-0.00818988767668447,0.104076909618163,0.051327646769026,0.993210146596042,-0.00818988767668447,0.104076909618163,0.051327646769026,0.993210692254235,-0.00819349426219181,0.104069033420157,0.0513324821787653,0.999281659097202,0.01319383880554,-0.0103859362532468,0.0339738243013642,0.975621173331616,-0.00217412902487534,0.0670317139057736,0.20896255320243,0.992043929952045,-0.0245330951444509,0.00542773084887536,0.123359264045174,0.992044617214287,-0.0245172900742545,0.00530062949321029,0.123362406228756,0.997215852753798,0.0152137761374096,-0.0238019002330384,0.069011256889389,0.966105156953838,-0.0751293225344494,0.204628160442117,0.138288562639108,0.981729392124845,-0.117848556924264,0.126332230831072,0.0797451297716393,0.989327111181868,-0.109636878333343,0.0313735396331553,0.090704591949619
195,965,0.993209022440757,-0.00829170743095097,0.104040646794882,0.051406508777185,0.993209022440757,-0.00829170743095097,0.104040646794882,0.051406508777185,0.997213106982401,-0.00566838374100827,0.0534288096978292,0.0517614816494269,0.997215861277461,-0.00566571410549273,0.0533773777912779,0.0517617739307117,0.993209022440757,-0.00829170743095097,0.104040646794882,0.051406508777185,0.975775226178598,-0.0138871640256429,0.212488414788494,0.050184940291926,0.993209022440757,-0.00829170743095097,0.104040646794882,0.051406508777185,0.993209022440757,-0.00829170743095097,0.104040646794882,0.051406508777185,0.993209079070824,-0.00828661644674804,0.104042459980288,0.0514025656986229,0.993209079070824,-0.00828661644674804,0.104042459980288,0.0514025656986229,0.993209039217231,-0.00829072529991478,0.104040930669342,0.0514057685152535,0.993209022440757,-0.00829170743095097,0.104040646794882,0.051406508777185,0.993209079070824,-0.00828661644674804,0.104042459980288,0.0514025656986229,0.993209079070824,-0.00828661644674804,0.104042459980288,0.0514025656986229,0.993209039217231,-0.00829072529991478,0.104040930669342,0.0514057685152535,0.999293924927518,0.012896025876881,-0.00970745829837266,0.0339280027841837,0.975605163499844,-0.00281273566854938,0.0678077343454729,0.208779224621213,0.992051898533119,-0.0245898555473455,0.00555990724666786,0.123277966613673,0.992053387777997,-0.0245560048860333,0.00528750886129584,0.123284713862986,0.997217498652963,0.0164681451819777,-0.025157539600867,0.0682140658209376,0.966504956125798,-0.07357069906471,0.20346732533992,0.138045534308137,0.982006891355751,-0.115788707520411,0.125669534701677,0.0803903513391456,0.989563145679176,-0.107453748962684,0.029919012949223,0.0912322597086311
196,966,0.993195761947518,-0.00839962767721216,0.104140480029231,0.0514430279401883,0.993195761947518,-0.00839962767721216,0.104140480029231,0.0514430279401883,0.997204937402242,-0.00577430852611838,0.0535291878494438,0.0518034383976198,0.997207696874372,-0.00577163672651871,0.0534777563641097,0.05180373614198,0.993195761947518,-0.00839962767721216,0.104140480029231,0.0514430279401883,0.975751081920811,-0.0139984421211145,0.212586187842949,0.0502093864427021,0.993195761947518,-0.00839962767721216,0.104140480029231,0.0514430279401883,0.993195761947518,-0.00839962767721216,0.104140480029231,0.0514430279401883,0.993196428374384,-0.00839397712049272,0.104135579086604,0.0514410048576615,0.993196428374384,-0.00839397712049272,0.104135579086604,0.0514410048576615,0.993195894834935,-0.00839853865440515,0.104139484547657,0.0514426553518795,0.993195761947518,-0.00839962767721216,0.104140480029231,0.0514430279401883,0.993196428374384,-0.00839397712049272,0.104135579086604,0.0514410048576615,0.993196428374384,-0.00839397712049272,0.104135579086604,0.0514410048576615,0.993195894834935,-0.00839853865440515,0.104139484547657,0.0514426553518795,0.999305070507354,0.0126013842263248,-0.00898097433137731,0.0339105186326046,0.975588973739731,-0.00345364821358088,0.0685542025090073,0.208601409270956,0.992057510254631,-0.0246715700915343,0.0056741483011056,0.123211257674196,0.992059574023359,-0.0246252312559462,0.0053010565129407,0.123220527405257,0.9972046176022,0.0178212943522756,-0.0264057620096161,0.0675876307703611,0.966989658825366,-0.0715663655334781,0.201702192278408,0.138294904747842,0.982349878541754,-0.113350327309816,0.124504784433296,0.0814799244045929,0.989829592554011,-0.104796647189983,0.0273880069033933,0.0922222181470317
197,967,0.993177644454644,-0.00847267458891345,0.104277785035437,0.0515026590472602,0.993177644454644,-0.00847267458891345,0.104277785035437,0.0515026590472602,0.99719382150902,-0.00584423043621359,0.0536672361931319,0.0518667048715878,0.997196588101088,-0.0058415553735164,0.0536158052809228,0.0518670062221263,0.993177644454644,-0.00847267458891345,0.104277785035437,0.0515026590472602,0.97571799478401,-0.0140775960454955,0.212720672599168,0.050260634627985,0.993177644454644,-0.00847267458891345,0.104277785035437,0.0515026590472602,0.993177644454644,-0.00847267458891345,0.104277785035437,0.0515026590472602,0.993178584371718,-0.00846873972162387,0.104270674813668,0.0514995763751573,0.993178584371718,-0.00846873972162387,0.104270674813668,0.0514995763751573,0.993177827098839,-0.0084719332307625,0.104276402045293,0.0515020590175837,0.993177644454644,-0.00847267458891345,0.104277785035437,0.0515026590472602,0.993178584371718,-0.00846873972162387,0.104270674813668,0.0514995763751573,0.993178584371718,-0.00846873972162387,0.104270674813668,0.0514995763751573,0.993177827098839,-0.0084719332307625,0.104276402045293,0.0515020590175837,0.999314646124127,0.0122937578022127,-0.00822543391911411,0.033932930874796,0.975566538921792,-0.00411088512568262,0.0692962991079478,0.208449158524519,0.992062735811753,-0.02476702250588,0.00577574397533097,0.123145294637771,0.992065207810189,-0.0247122199592428,0.00533427195554458,0.123156303857806,0.997173586973449,0.0192899872749111,-0.0275540131918515,0.0671826628711791,0.967560704240788,-0.0691060820731642,0.19935756854588,0.138950325271453,0.982836631081227,-0.110384106611785,0.122357688182601,0.0829222633255518,0.990112133486792,-0.101669138265133,0.0248437190194948,0.0934030999054069
198,968,0.993147526937209,-0.00853900806210803,0.104510180095095,0.0516013307610494,0.993147526937209,-0.00853900806210803,0.104510180095095,0.0516013307610494,0.997175553815007,-0.00590546344155681,0.0539008615769529,0.0519686203062618,0.997178332456462,-0.00590278312243143,0.0538494316065998,0.051968924814792,0.993147526937209,-0.00853900806210803,0.104510180095095,0.0516013307610494,0.975662537143608,-0.0141543646923326,0.212948354347956,0.0503514245593153,0.993147526937209,-0.00853900806210803,0.104510180095095,0.0516013307610494,0.993147526937209,-0.00853900806210803,0.104510180095095,0.0516013307610494,0.993149081545422,-0.00853549465997085,0.104498205013608,0.0515962431319149,0.993149081545422,-0.00853549465997085,0.104498205013608,0.0515962431319149,0.993147830282582,-0.00853833731674233,0.104507842350743,0.0516003380614637,0.993147526937209,-0.00853900806210803,0.104510180095095,0.0516013307610494,0.993149081545422,-0.00853549465997085,0.104498205013608,0.0515962431319149,0.993149081545422,-0.00853549465997085,0.104498205013608,0.0515962431319149,0.993147830282582,-0.00853833731674233,0.104507842350743,0.0516003380614637,0.999324394327713,0.011958881966144,-0.00744335182994782,0.0339460830907709,0.975530682330918,-0.00479248867008808,0.0700324406514084,0.208356370528304,0.992066809325534,-0.0248734748767729,0.00585579321459226,0.123087228289683,0.992069391870803,-0.0248169925193282,0.00540057335965108,0.123098628760752,0.997122006366758,0.0208313333571899,-0.0285755600083844,0.0670611462763625,0.968209611920522,-0.0662868659558266,0.19647458318662,0.139906886707232,0.983463287867539,-0.106833381311895,0.119374619743103,0.0844765660726637,0.990445754197228,-0.0979642447974359,0.0216228216179827,0.0946185410964987
199,969,0.993107073745478,-0.00863854226917663,0.104799392426098,0.0517764715993597,0.993107073745478,-0.00863854226917663,0.104799392426098,0.0517764715993597,0.997149851400393,-0.0059959679218761,0.0541917560922128,0.0521485933894241,0.997152645044933,-0.0059932783204158,0.0541403274470895,0.0521489025655352,0.993107073745478,-0.00863854226917663,0.104799392426098,0.0517764715993597,0.975590566510299,-0.0142725313082729,0.213231374596466,0.0505145748657753,0.993107073745478,-0.00863854226917663,0.104799392426098,0.0517764715993597,0.993107073745478,-0.00863854226917663,0.104799392426098,0.0517764715993597,0.993109177333343,-0.00863338991641645,0.104784333392589,0.0517674603425054,0.993109177333343,-0.00863338991641645,0.104784333392589,0.0517674603425054,0.993107481938746,-0.00863754022509265,0.104796476991541,0.0517747102966787,0.993107073745478,-0.00863854226917663,0.104799392426098,0.0517764715993597,0.993109177333343,-0.00863338991641645,0.104784333392589,0.0517674603425054,0.993109177333343,-0.00863338991641645,0.104784333392589,0.0517674603425054,0.993107481938746,-0.00863754022509265,0.104796476991541,0.0517747102966787,0.999332474675256,0.0115735973943526,-0.00665899548500211,0.0340046273602998,0.975479217464467,-0.00548560536404376,0.0707398948316121,0.208341238615673,0.992073786208113,-0.0249718578016131,0.00591765394075333,0.123008090825243,0.992076376933521,-0.0249158666200625,0.00546609915058739,0.123019444321239,0.997050359935258,0.0223626345930639,-0.0294886037804576,0.0672377466465729,0.968957053927871,-0.0630736712200841,0.193004916617809,0.141042694967143,0.984121394335777,-0.10309138093093,0.116070893898623,0.0860511242107642,0.990799246709335,-0.0939484074648952,0.0168589418419834,0.0959495989308583
200,970,0.993056397495336,-0.00872682677389734,0.105145446025373,0.052031423852986,0.993056397495336,-0.00872682677389734,0.105145446025373,0.052031423852986,0.997116827955117,-0.00607118102057585,0.0545399379814059,0.0524077030094441,0.99711963955738,-0.00606847805528889,0.0544885110390225,0.0524080160643691,0.993056397495336,-0.00872682677389734,0.105145446025373,0.052031423852986,0.975502192183365,-0.0143882813902174,0.213569769564276,0.0507582892968884,0.993056397495336,-0.00872682677389734,0.105145446025373,0.052031423852986,0.993056397495336,-0.00872682677389734,0.105145446025373,0.052031423852986,0.993059041477822,-0.00872215497471463,0.105127390921495,0.0520182259384757,0.993059041477822,-0.00872215497471463,0.105127390921495,0.0520182259384757,0.993056909314374,-0.00872593391694432,0.10514195643811,0.0520288567684018,0.993056397495336,-0.00872682677389734,0.105145446025373,0.052031423852986,0.993059041477822,-0.00872215497471463,0.105127390921495,0.0520182259384757,0.993059041477822,-0.00872215497471463,0.105127390921495,0.0520182259384757,0.993056909314374,-0.00872593391694432,0.10514195643811,0.0520288567684018,0.999339046765492,0.0111502102995207,-0.00586819969490624,0.0340984846064253,0.97541964162601,-0.0061868451877231,0.0714315674651912,0.208364528762154,0.992079131054996,-0.0250915649387259,0.00595254791905565,0.122938920880901,0.992081422108295,-0.0250426218926004,0.00555760822190199,0.122948899902273,0.996959805738819,0.0238726872656312,-0.0303178315505352,0.067690986357172,0.969790566379738,-0.0595543828873968,0.188991825868722,0.142273056460366,0.984817337160436,-0.0992221165498318,0.112294584919627,0.0876339558238131,0.99113164761098,-0.0897943000414069,0.0115463621104192,0.0972713848263311
201,971,0.992998862428069,-0.0087611479462342,0.105497867696236,0.0524089821955432,0.992998862428069,-0.0087611479462342,0.105497867696236,0.0524089821955432,0.997077278197805,-0.00608626937325664,0.054894828295103,0.052786517722092,0.997080108103792,-0.00608354687036447,0.054843403392049,0.0527868315547036,0.992998862428069,-0.0087611479462342,0.105497867696236,0.0524089821955432,0.975406301167046,-0.0144638595105788,0.213913740829134,0.0511297946032136,0.992998862428069,-0.0087611479462342,0.105497867696236,0.0524089821955432,0.992998862428069,-0.0087611479462342,0.105497867696236,0.0524089821955432,0.993001878339918,-0.00875919835896316,0.105479344595949,0.0523894447490282,0.993001878339918,-0.00875919835896316,0.105479344595949,0.0523894447490282,0.992999444252501,-0.00876079581788496,0.105494308727507,0.0524051810126406,0.992998862428069,-0.0087611479462342,0.105497867696236,0.0524089821955432,0.993001878339918,-0.00875919835896316,0.105479344595949,0.0523894447490282,0.993001878339918,-0.00875919835896316,0.105479344595949,0.0523894447490282,0.992999444252501,-0.00876079581788496,0.105494308727507,0.0524051810126406,0.99934258383646,0.0107422484650992,-0.00504812330982164,0.0342566881065726,0.975361959107717,-0.0069213493273895,0.0721091170640592,0.20837806718867,0.992086568628455,-0.025233579390893,0.00596911861031417,0.122848998535421,0.992088447901702,-0.0251938326037384,0.00564814748029185,0.122857155952624,0.996854895280628,0.0253372881580608,-0.031069791174858,0.0683594006717033,0.970695466594857,-0.0557908472240165,0.184496986988707,0.143521964487348,0.985584121672391,-0.0951143808397079,0.107874400707266,0.0891084021671925,0.991449193028534,-0.0854950755222862,0.00643776853869209,0.0983750214269337
202,972,0.992933042294086,-0.00874565187236896,0.105864069767291,0.052917726956512,0.992933042294086,-0.00874565187236896,0.105864069767291,0.052917726956512,0.997030154435228,-0.00604493763414905,0.0552639022685587,0.0532938174830428,0.997033003376478,-0.00604218896703697,0.0552124797954487,0.0532941291832716,0.992933042294086,-0.00874565187236896,0.105864069767291,0.052917726956512,0.975300661795489,-0.0145043289932142,0.214270499248879,0.0516371638780949,0.992933042294086,-0.00874565187236896,0.105864069767291,0.052917726956512,0.992933042294086,-0.00874565187236896,0.105864069767291,0.052917726956512,0.992936494284531,-0.00874632928648134,0.105844834593551,0.0528913133871985,0.992936494284531,-0.00874632928648134,0.105844834593551,0.0528913133871985,0.992933708299703,-0.00874580332932669,0.105860372368385,0.0529126016025701,0.992933042294086,-0.00874565187236896,0.105864069767291,0.052917726956512,0.992936494284531,-0.00874632928648134,0.105844834593551,0.0528913133871985,0.992936494284531,-0.00874632928648134,0.105844834593551,0.0528913133871985,0.992933708299703,-0.00874580332932669,0.105860372368385,0.0529126016025701,0.999346069034167,0.0103558928946238,-0.0041564265500205,0.0343935154738124,0.975303705672137,-0.00765759149225588,0.0727858942133945,0.208389674884078,0.992090784143487,-0.0254245725173065,0.00594968372975061,0.122776497724065,0.992091815454422,-0.02540297340765,0.00577515603890792,0.122780968489117,0.996737994137494,0.0267939726280026,-0.031780383884238,0.0691770285119657,0.971656004034133,-0.0518196036759611,0.179575496359648,0.144747986536854,0.986410172366982,-0.0907788073622529,0.102922473561969,0.0903390525781368,0.991763794764101,-0.0810760343139608,0.00162453325040934,0.0991393612383588
203,973,0.992860872168212,-0.00870239143989024,0.10622835482563,0.0535452475168919,0.992860872168212,-0.00870239143989024,0.10622835482563,0.0535452475168919,0.996976591459432,-0.00596984093084353,0.0556313844292443,0.0539183284948515,0.996979459353856,-0.00596706005431924,0.0555799647181867,0.0539186363210944,0.992860872168211,-0.00870239143989024,0.10622835482563,0.0535452475168918,0.975188921373942,-0.0145302463614468,0.214624654877087,0.052265639660239,0.992860872168211,-0.00870239143989024,0.10622835482563,0.0535452475168918,0.992860872168211,-0.00870239143989024,0.10622835482563,0.0535452475168918,0.992864667006865,-0.00870458845279714,0.106209180281437,0.0535125515478373,0.992864667006865,-0.00870458845279714,0.106209180281437,0.0535125515478373,0.992861603197475,-0.00870282558220778,0.106224675286167,0.053538921201056,0.992860872168211,-0.00870239143989024,0.10622835482563,0.0535452475168918,0.992864667006865,-0.00870458845279714,0.106209180281437,0.0535125515478373,0.992864667006865,-0.00870458845279714,0.106209180281437,0.0535125515478373,0.992861603197475,-0.00870282558220778,0.106224675286167,0.053538921201056,0.999350908397421,0.00992523453495911,-0.00315321755877734,0.0344863570662825,0.975257721210079,-0.00841567110596506,0.0734299442977093,0.208349698776831,0.992095565418058,-0.0256086292569444,0.00592844320395803,0.1227006142877,0.99209566229856,-0.0256066213746904,0.00591220850303696,0.122701033332128,0.996614689459039,0.0282055679080763,-0.0324732224754646,0.070064944983253,0.972663502108474,-0.0476705225989306,0.174260080366264,0.14589947680498,0.987259653931195,-0.086354042232563,0.0975365434322299,0.0913672687840131,0.992062079830415,-0.0766720168990307,-0.00279845450185295,0.09963132157905
204,974,0.992779561568895,-0.00865474751369836,0.106618348028887,0.0542804323871654,0.992779561568895,-0.00865474751369836,0.106618348028887,0.0542804323871654,0.996915206375132,-0.00588489462706391,0.0560250060541239,0.0546501419018456,0.996918094570898,-0.00588207600695821,0.0559735895085136,0.054650445345961,0.992779561568895,-0.00865474751369836,0.106618348028887,0.0542804323871654,0.975065272425163,-0.014563630757368,0.215003359312779,0.0530016099173086,0.992779561568895,-0.00865474751369836,0.106618348028887,0.0542804323871654,0.992779561568895,-0.00865474751369836,0.106618348028887,0.0542804323871654,0.99278383492102,-0.00865723971858412,0.106597891580552,0.0542420393288151,0.99278383492102,-0.00865723971858412,0.106597891580552,0.0542420393288151,0.992780385493369,-0.00865522832502311,0.106614411677738,0.0542730174662278,0.992779561568895,-0.00865474751369836,0.106618348028887,0.0542804323871654,0.99278383492102,-0.00865723971858412,0.106597891580552,0.0542420393288151,0.99278383492102,-0.00865723971858412,0.106597891580552,0.0542420393288151,0.992780385493369,-0.00865522832502311,0.106614411677738,0.0542730174662278,0.999354685160203,0.00948837323087311,-0.00213895524106124,0.0345775778830805,0.975206715571305,-0.00919169995409548,0.0740512723209114,0.208335747350847,0.992097642854524,-0.0257680561180965,0.00588424529553591,0.122652557998976,0.992097642854524,-0.0257680561180965,0.00588424529553591,0.122652557998976,0.996484312509543,0.0295987344675686,-0.0331903886690815,0.0710023094011533,0.973689437060527,-0.0434083239393016,0.168620463547008,0.147009308694134,0.988109199263455,-0.0819068921289814,0.0917463529592411,0.0922717620476955,0.992337368876705,-0.0723609900919566,-0.00661281190145943,0.0999334987005201
205,975,0.99269074415213,-0.00865025844016179,0.107010259727155,0.0551277046206007,0.99269074415213,-0.00865025844016179,0.107010259727155,0.0551277046206007,0.996846421677189,-0.00583735084469407,0.0564209252101262,0.0554960910599453,0.996849330292802,-0.00583448859434066,0.0563695122115994,0.0554963920508379,0.99269074415213,-0.00865025844016179,0.107010259727155,0.0551277046206007,0.974933951371705,-0.0146522187285647,0.215383146218398,0.0538442501493715,0.99269074415213,-0.00865025844016179,0.107010259727155,0.0551277046206007,0.99269074415213,-0.00865025844016179,0.107010259727155,0.0551277046206007,0.992695421399294,-0.00865060770201498,0.106989643764402,0.0550834226099764,0.992695421399294,-0.00865060770201498,0.106989643764402,0.0550834226099764,0.992691644964754,-0.00865030817735117,0.107006301720283,0.0551191579920786,0.99269074415213,-0.00865025844016179,0.107010259727155,0.0551277046206007,0.992695421399294,-0.00865060770201498,0.106989643764402,0.0550834226099764,0.992695421399294,-0.00865060770201498,0.106989643764402,0.0550834226099764,0.992691644964754,-0.00865030817735117,0.107006301720283,0.0551191579920786,0.999354509996141,0.00895593375970833,-0.00101365296118432,0.0347753807821018,0.97513497337973,-0.00995640799017793,0.074649133232989,0.208423032650447,0.992102129217535,-0.0259454654702536,0.00587745119942346,0.122579172745465,0.992102129217535,-0.0259454654702536,0.00587745119942346,0.122579172745465,0.99634744740419,0.0309690732959223,-0.0339111783924691,0.0719910586835631,0.974726572514627,-0.0390368155949814,0.162707660381808,0.1480217994593,0.988948732174899,-0.0773756249744212,0.0856453329916385,0.0930499582279947,0.992603462267857,-0.0680896170179803,-0.00964803749210759,0.10004542028878
206,976,0.99259833381104,-0.00871718589201202,0.107392518069398,0.0560303975390533,0.992598333811041,-0.00871718589201203,0.107392518069398,0.0560303975390533,0.996773558090175,-0.00585831467731126,0.0568073860865965,0.0564010188507428,0.996776486637826,-0.00585540575476237,0.0567559768455367,0.0564013209216534,0.992598333811041,-0.00871718589201202,0.107392518069398,0.0560303975390533,0.97480011928643,-0.0148178776990082,0.215752943574129,0.0547341326665316,0.992598333811041,-0.00871718589201202,0.107392518069398,0.0560303975390533,0.992598333811041,-0.00871718589201202,0.107392518069398,0.0560303975390533,0.992603213484751,-0.00871385720405008,0.107372377087136,0.0559830502119226,0.992603213484751,-0.00871385720405008,0.107372377087136,0.0559830502119226,0.992599271800228,-0.00871651715758987,0.107388656432981,0.0560212854174019,0.992598333811041,-0.00871718589201202,0.107392518069398,0.0560303975390533,0.992603213484751,-0.00871385720405008,0.107372377087136,0.0559830502119226,0.992603213484751,-0.00871385720405008,0.107372377087136,0.0559830502119226,0.992599271800228,-0.00871651715758987,0.107388656432981,0.0560212854174019,0.999352212657519,0.00841648240161538,0.000122764007599296,0.0349900387182341,0.975047663463877,-0.0106971840781964,0.0752370402176811,0.20858334546582,0.992103017556981,-0.0261015040976073,0.00588910773225645,0.122538289723216,0.992103017556981,-0.0261015040976073,0.00588910773225645,0.122538289723216,0.99620362626024,0.0323761104269997,-0.0346467619968995,0.0730049613567312,0.975773755684429,-0.0345873845270208,0.156465848025676,0.148955459620287,0.989759006543869,-0.0728024252331555,0.0792521661500505,0.0937870460457799,0.992857382141195,-0.0639049519342686,-0.011748004167092,0.100061782135345
207,977,0.992500888646258,-0.00881918490264368,0.107766096878543,0.0570147031703762,0.992500888646258,-0.00881918490264368,0.107766096878543,0.0570147031703762,0.996695225070223,-0.0059101569820243,0.0571854345289507,0.0573892363113585,0.996698173116042,-0.00590719709152656,0.0571340293274584,0.0573895410547513,0.992500888646258,-0.00881918490264367,0.107766096878543,0.0570147031703762,0.974662236043715,-0.0150273590309361,0.216113560958845,0.055701282575076,0.992500888646258,-0.00881918490264367,0.107766096878543,0.0570147031703762,0.992500888646258,-0.00881918490264367,0.107766096878543,0.0570147031703762,0.992506034139313,-0.00881391877653847,0.107746414060895,0.0569631221920971,0.992506034139313,-0.00881391877653847,0.107746414060895,0.0569631221920971,0.992501878125637,-0.00881815827518046,0.107762323086588,0.0570047693153754,0.992500888646258,-0.00881918490264367,0.107766096878543,0.0570147031703762,0.992506034139313,-0.00881391877653847,0.107746414060895,0.0569631221920971,0.992506034139313,-0.00881391877653847,0.107746414060895,0.0569631221920971,0.992501878125637,-0.00881815827518046,0.107762323086588,0.0570047693153754,0.99934796248922,0.00787546431022638,0.00126017662393909,0.035214185854833,0.974942841330979,-0.0114476954892374,0.0757998103912999,0.208829583991606,0.992105859649904,-0.0262162054741276,0.00592245218641972,0.122489176578834,0.992105859649904,-0.0262162054741276,0.00592245218641972,0.122489176578834,0.996052516640399,0.0338278360102082,-0.0354045319791512,0.0740376979688874,0.976799933481068,-0.0300776117831324,0.149945361453571,0.149912026866965,0.990520146339874,-0.0681515602707603,0.072659725815849,0.0945820742628569,0.993095641344623,-0.0597379109289009,-0.0130630472366795,0.100108870421428
208,978,0.992402535801482,-0.00898216652175974,0.108097853940943,0.0580635995501987,0.992402535801482,-0.00898216652175974,0.108097853940943,0.0580635995501987,0.99661386005671,-0.00601962042283034,0.0575217614013584,0.058445060339737,0.996616825448888,-0.00601660607745978,0.0574703603958658,0.0584453707273649,0.992402535801482,-0.00898216652175974,0.108097853940943,0.0580635995501987,0.974528043596786,-0.0153045476411183,0.216432509885344,0.0567259352470384,0.992402535801482,-0.00898216652175974,0.108097853940943,0.0580635995501987,0.992402535801482,-0.00898216652175974,0.108097853940943,0.0580635995501987,0.992407743094231,-0.00897375442559859,0.108080285469352,0.0580085775639096,0.992407743094231,-0.00897375442559859,0.108080285469352,0.0580085775639096,0.992403535465983,-0.00898052649543401,0.108094499311497,0.0580530116107606,0.992402535801482,-0.00898216652175974,0.108097853940943,0.0580635995501987,0.992407743094231,-0.00897375442559859,0.108080285469352,0.0580085775639096,0.992407743094231,-0.00897375442559859,0.108080285469352,0.0580085775639096,0.992403535465983,-0.00898052649543401,0.108094499311497,0.0580530116107606,0.99933638909717,0.00723866728856317,0.00240415524213606,0.0356174558283726,0.974830713863197,-0.0121943296059042,0.0763825004603463,0.209098281336453,0.992108229255361,-0.0263476479055897,0.00596830100179838,0.122439545396029,0.992108229255361,-0.0263476479055897,0.00596830100179838,0.122439545396029,0.99589584403151,0.0352654876195365,-0.0361843749280832,0.0750899742627865,0.977802195500511,-0.0254776070547769,0.143120371044947,0.150898367801311,0.991223315675437,-0.0633986716251369,0.0658944573102917,0.0954718146540996,0.993318161046124,-0.0555598969728053,-0.0135930856970497,0.100236504356197
209,979,0.992305035773081,-0.0092084226892834,0.1083895316791,0.0591407672705144,0.992305035773081,-0.0092084226892834,0.1083895316791,0.0591407672705144,0.996531309825218,-0.0061908398216213,0.0578180174017293,0.0595323349455797,0.996534290497078,-0.00618776939921428,0.0577666206534179,0.0595326541624998,0.992305035773081,-0.0092084226892834,0.1083895316791,0.0591407672705144,0.974399100435184,-0.0156477329033272,0.216711715579325,0.0577717392568009,0.992305035773081,-0.0092084226892834,0.1083895316791,0.0591407672705144,0.992305035773081,-0.0092084226892834,0.1083895316791,0.0591407672705144,0.992310205150381,-0.00919668958889126,0.108374073079819,0.0590841597985783,0.992310205150381,-0.00919668958889126,0.108374073079819,0.0590841597985783,0.99230602731238,-0.00920614378754912,0.108386582069369,0.0591298901014107,0.992305035773081,-0.0092084226892834,0.1083895316791,0.0591407672705144,0.992310205150381,-0.00919668958889126,0.108374073079819,0.0590841597985783,0.992310205150381,-0.00919668958889126,0.108374073079819,0.0590841597985783,0.99230602731238,-0.00920614378754912,0.108386582069369,0.0591298901014107,0.999319626615508,0.00656921294350343,0.00352531557640203,0.0361206513290104,0.974723301773577,-0.0129528988208506,0.0769698132877292,0.209337897271863,0.992110326669912,-0.0264358811795901,0.00602706724274659,0.122400646900371,0.992110326669912,-0.0264358811795901,0.00602706724274659,0.122400646900371,0.995732781021678,0.0367195942067189,-0.0369335668124361,0.0761827529211264,0.978755341359563,-0.0207971806679721,0.136049884699054,0.151973313149922,0.991854388405316,-0.0585510722137789,0.059094598283179,0.0964596941602398,0.993519060105799,-0.0513317739440943,-0.0136812481747791,0.100487559621191
210,980,0.992181869277846,-0.00954209402595529,0.10871118607236,0.0605472108412869,0.992181869277846,-0.00954209402595529,0.10871118607236,0.0605472108412869,0.996424649784803,-0.00645260094850641,0.0581455157529171,0.0609539189885175,0.99642764734772,-0.00644945720674238,0.0580941245052227,0.0609542517040265,0.992181869277846,-0.00954209402595529,0.10871118607236,0.0605472108412869,0.974241353935703,-0.0161338456265081,0.217017897839022,0.0591330307388301,0.992181869277846,-0.00954209402595529,0.10871118607236,0.0605472108412869,0.992181869277846,-0.00954209402595529,0.10871118607236,0.0605472108412869,0.992188342391304,-0.0095248243388594,0.108694336586597,0.060474061696809,0.992188342391304,-0.0095248243388594,0.108694336586597,0.060474061696809,0.992183121871974,-0.00953873462823397,0.108707941237823,0.0605330383006716,0.992181869277846,-0.00954209402595529,0.10871118607236,0.0605472108412869,0.992188342391304,-0.0095248243388594,0.108694336586597,0.060474061696809,0.992188342391304,-0.0095248243388594,0.108694336586597,0.060474061696809,0.992183121871974,-0.00953873462823397,0.108707941237823,0.0605330383006716,0.999290235009606,0.00601781463927571,0.00454742322937132,0.0369070868992184,0.974696189537245,-0.0138073980512801,0.0775808186662877,0.209183915336954,0.992085163800156,-0.0265001232091657,0.00613705296735367,0.122585104390343,0.992086244864227,-0.0264782124429533,0.00595973176451042,0.122589838952166,0.995542889129616,0.0381967685115434,-0.0375598123498032,0.0776184467441876,0.979647942924882,-0.0160155675657986,0.12871906906683,0.153182279579466,0.992388961832195,-0.0536221018231503,0.0523602423287407,0.097709895368692,0.993677351720874,-0.0470291266661519,-0.0135191427279329,0.101048575951926
211,981,0.992080824203768,-0.00990001040120028,0.108964342401158,0.0616798194413037,0.992080824203768,-0.00990001040120028,0.108964342401158,0.0616798194413037,0.996336601333795,-0.00675249276540629,0.0584034802932729,0.0621032541313966,0.996339612201497,-0.00674928974562704,0.0583520935863846,0.0621036023124687,0.992080824203768,-0.00990001040120027,0.108964342401158,0.0616798194413037,0.974113117704564,-0.0166139833844343,0.217258425805856,0.0602194809705085,0.992080824203768,-0.00990001040120027,0.108964342401158,0.0616798194413037,0.992080824203768,-0.00990001040120027,0.108964342401158,0.0616798194413037,0.992086239676996,-0.00988125148764075,0.108950846451958,0.061619533996927,0.992086239676996,-0.00988125148764075,0.108950846451958,0.061619533996927,0.992081854654132,-0.00989639771713191,0.108961779209712,0.0616683520916278,0.992080824203768,-0.00990001040120027,0.108964342401158,0.0616798194413037,0.992086239676996,-0.00988125148764075,0.108950846451958,0.061619533996927,0.992086239676996,-0.00988125148764075,0.108950846451958,0.061619533996927,0.992081854654132,-0.00989639771713191,0.108961779209712,0.0616683520916278,0.999265577248075,0.00534181608737131,0.0056487720341316,0.0375214938730657,0.97459547247391,-0.0146215999984735,0.0781934955612806,0.209369651809303,0.992089001490459,-0.0265403481678004,0.00623195521316362,0.122540547473136,0.992091171088592,-0.0264964324652195,0.00587642682088142,0.122550050683384,0.995360892446894,0.0396280168967541,-0.0382486429340764,0.0788882461324562,0.980449233209058,-0.0112246855344206,0.121294490234193,0.154534637454688,0.992856585539218,-0.048608432985707,0.0458949413785253,0.0988264901225484,0.993824919422737,-0.0426165230450996,-0.0135120178774909,0.101554354268119
212,982,0.991982183944141,-0.0103093196218702,0.10919664422407,0.0627786393333722,0.991982183944141,-0.0103093196218702,0.10919664422407,0.0627786393333722,0.996249894710954,-0.00710542824008016,0.0586404950592753,0.0632214561453672,0.996252917802944,-0.00710216754792403,0.0585891128240153,0.0632218225278007,0.99198218394414,-0.0103093196218702,0.10919664422407,0.0627786393333722,0.973989562043814,-0.0171414923474897,0.217478489515822,0.0612667027651763,0.99198218394414,-0.0103093196218702,0.10919664422407,0.0627786393333722,0.99198218394414,-0.0103093196218702,0.10919664422407,0.0627786393333722,0.991987424380654,-0.0102879166007399,0.109184358476517,0.0627206864337774,0.991987424380654,-0.0102879166007399,0.109184358476517,0.0627206864337774,0.991983187861484,-0.0103051904767434,0.109194296367023,0.0627675369145304,0.99198218394414,-0.0103093196218702,0.10919664422407,0.0627786393333722,0.991987424380654,-0.0102879166007399,0.109184358476517,0.0627206864337774,0.991987424380654,-0.0102879166007399,0.109184358476517,0.0627206864337774,0.991983187861484,-0.0103051904767434,0.109194296367023,0.0627675369145304,0.999239381010022,0.00464385466814013,0.00672629365081352,0.0381293984512148,0.974493411575429,-0.0154655435131875,0.0788328089583258,0.209544257835102,0.992091959007636,-0.0265744939242337,0.00632518297137396,0.122504421166909,0.992095349587757,-0.0265058015349139,0.00576891615280442,0.122519302225242,0.995184975833231,0.0409341377275398,-0.0389315741979333,0.0800973955555666,0.981148622226656,-0.00649540403939884,0.113826779633189,0.156040555841864,0.993234633292335,-0.043628530791073,0.0397264874136652,0.100016602258952,0.993935677533804,-0.0382011058899974,-0.0136051276732322,0.102212743506836
213,983,0.991885233941758,-0.0108294475895169,0.10942473448087,0.0638171860630184,0.991885233941758,-0.0108294475895169,0.10942473448087,0.0638171860630184,0.996164662118637,-0.00757210248474759,0.0588732177986368,0.0642850949758689,0.996167697213548,-0.00756878693419066,0.058821839958987,0.0642854854258784,0.991885233941758,-0.0108294475895169,0.10942473448087,0.0638171860630184,0.973868148942624,-0.0177725303606273,0.217694552763665,0.0622418455436259,0.991885233941758,-0.0108294475895169,0.10942473448087,0.0638171860630184,0.991885233941758,-0.0108294475895169,0.10942473448087,0.0638171860630184,0.991890380303688,-0.0108023714352448,0.109412719741567,0.0637623634374758,0.991890380303688,-0.0108023714352448,0.109412719741567,0.0637623634374758,0.99188622054794,-0.0108242050942868,0.109422430878783,0.0638066900236854,0.991885233941758,-0.0108294475895169,0.10942473448087,0.0638171860630184,0.991890380303688,-0.0108023714352448,0.109412719741567,0.0637623634374758,0.991890380303688,-0.0108023714352448,0.109412719741567,0.0637623634374758,0.99188622054794,-0.0108242050942868,0.109422430878783,0.0638066900236854,0.999211048211928,0.00390270188622416,0.00772809990174989,0.0387598570832769,0.974401918500191,-0.0163350266795025,0.0795100704027582,0.20964784003437,0.992095979045652,-0.0266150878255081,0.0063877052244751,0.122459800275253,0.992100344099465,-0.0265264119242328,0.00566936101410712,0.122479039242804,0.995011563913635,0.0421037557335096,-0.0395791158474708,0.0813188478767814,0.981752467203377,-0.00182811503084857,0.106294030381464,0.157671589833999,0.993529171389028,-0.0387205153712278,0.0339742801539241,0.101223789577554,0.994013716390955,-0.0338095647344368,-0.013827427077687,0.102968185472612
214,984,0.991795752353671,-0.0114200966129167,0.109618190633037,0.0647658805923877,0.991795752353671,-0.0114200966129167,0.109618190633037,0.0647658805923877,0.996085128096712,-0.00811377316610671,0.059070971627359,0.0652625817797974,0.996088173390996,-0.0081104072003892,0.0590195978894587,0.0652630001654816,0.99179575235367,-0.0114200966129167,0.109618190633037,0.0647658805923877,0.973757962698272,-0.0184637950308232,0.217877011605527,0.0631199347957167,0.99179575235367,-0.0114200966129167,0.109618190633037,0.0647658805923877,0.99179575235367,-0.0114200966129167,0.109618190633037,0.0647658805923877,0.991800517667106,-0.0113892107371541,0.109607920834437,0.0647157069373235,0.991800517667106,-0.0113892107371541,0.109607920834437,0.0647157069373235,0.991796663524257,-0.0114141377711296,0.109616233752199,0.0647562891082941,0.99179575235367,-0.0114200966129167,0.109618190633037,0.0647658805923877,0.991800517667106,-0.0113892107371541,0.109607920834437,0.0647157069373235,0.991800517667106,-0.0113892107371541,0.109607920834437,0.0647157069373235,0.991796663524257,-0.0114141377711296,0.109616233752199,0.0647562891082941,0.999180503487701,0.00314928864097996,0.00867896156868372,0.0394091240350481,0.974319147162168,-0.0172643100722876,0.0802098342552464,0.20969150092376,0.99209815514001,-0.0267068086686612,0.00643921910667111,0.122419497612998,0.99210367436493,-0.0265938390236129,0.00552379276600241,0.122444088265091,0.994838826445084,0.0431004534036395,-0.0402229110005809,0.0825843674335997,0.982264471408619,0.00285994550402967,0.0985944142333236,0.159459933532056,0.993745596445515,-0.0340003197490102,0.0285226667371452,0.102470118982641,0.994058135862969,-0.0296011404672113,-0.0138663440490935,0.10382639120374
215,985,0.991716525876655,-0.0120199620433977,0.109772866606827,0.0656031292891843,0.991716525876655,-0.0120199620433977,0.109772866606827,0.0656031292891843,0.996013865026794,-0.0086703123022495,0.0592294742027135,0.066129235173557,0.996016918496033,-0.00866690163764807,0.0591781041400359,0.0661296822619124,0.991716525876655,-0.0120199620433977,0.109772866606827,0.0656031292891843,0.973662228485114,-0.0191519810554594,0.218022051089665,0.0638862401594387,0.991716525876655,-0.0120199620433977,0.109772866606827,0.0656031292891843,0.991716525876655,-0.0120199620433977,0.109772866606827,0.0656031292891843,0.991720754193245,-0.0119884248198629,0.109764622496233,0.0655587600628649,0.991720754193245,-0.0119884248198629,0.109764622496233,0.0655587600628649,0.991717332727388,-0.0120139038658973,0.109771300883917,0.0655946612479199,0.991716525876655,-0.0120199620433977,0.109772866606827,0.0656031292891843,0.991720754193245,-0.0119884248198629,0.109764622496233,0.0655587600628649,0.991720754193245,-0.0119884248198629,0.109764622496233,0.0655587600628649,0.991717332727388,-0.0120139038658973,0.109771300883917,0.0655946612479199,0.999148211463274,0.00237971948102913,0.00960435475454652,0.0400617627505486,0.974240132195312,-0.0182422890798901,0.0809414396826562,0.209694699626114,0.992101692224159,-0.0267641820898919,0.00651423901561599,0.122374325465209,0.992108489476183,-0.0266243011686942,0.00538034694794996,0.122404834721855,0.994663389528065,0.0438917422791811,-0.0407925102849524,0.0839894493188954,0.982661383009979,0.00760316984193846,0.0907805176003352,0.161485899611967,0.993898049535553,-0.0295035063625788,0.0233021943542836,0.103697724083093,0.994078745223645,-0.0256392918432349,-0.0135563057978053,0.104720110683084
216,986,0.991652984084531,-0.012610026583814,0.109835260513606,0.0663442682807496,0.991652984084531,-0.012610026583814,0.109835260513606,0.0663442682807496,0.995953576365261,-0.00922194775143071,0.0592950168318945,0.0668994049586576,0.995956633214978,-0.00921849736414909,0.059243649878552,0.0668998804969019,0.991652984084531,-0.012610026583814,0.109835260513606,0.0663442682807496,0.973592218766805,-0.0198198704276901,0.218077089242721,0.0645580935311921,0.991652984084531,-0.012610026583814,0.109835260513606,0.0663442682807496,0.991652984084531,-0.012610026583814,0.109835260513606,0.0663442682807496,0.991656396448342,-0.0125789467937621,0.109831731254628,0.0663049944593927,0.991656396448342,-0.0125789467937621,0.109831731254628,0.0663049944593927,0.991653632114068,-0.012604065413485,0.109834621420393,0.0663367725132047,0.991652984084531,-0.012610026583814,0.109835260513606,0.0663442682807496,0.991656396448342,-0.0125789467937621,0.109831731254628,0.0663049944593927,0.991656396448342,-0.0125789467937621,0.109831731254628,0.0663049944593927,0.991653632114068,-0.012604065413485,0.109834621420393,0.0663367725132047,0.999114949333626,0.00161362370898948,0.0104995627388891,0.0406997963002918,0.97415791103601,-0.0192659435181094,0.0817052809806409,0.209688900150171,0.992105582632273,-0.0268681712130675,0.00656909593152597,0.122317052221615,0.992113442521197,-0.0267054550602326,0.00524950285458031,0.122352681043555,0.994476700781574,0.0445120411365253,-0.0412457628310026,0.0856361888744733,0.982947138690117,0.0124575958827624,0.082798631575528,0.163719630634064,0.993995243249269,-0.0251567416804851,0.0181651056155488,0.104931519019907,0.994083287390316,-0.0219141254311123,-0.012447184238166,0.105656312837394
217,987,0.991605021079109,-0.0131638863440947,0.109826754216619,0.0669647543507935,0.991605021079109,-0.0131638863440947,0.109826754216619,0.0669647543507935,0.995905243030947,-0.00974355709340946,0.0592889591283933,0.0675472377237576,0.9959082995683,-0.00974007329308926,0.059237594667878,0.06754774016344,0.991605021079109,-0.0131638863440947,0.109826754216619,0.0669647543507935,0.973545480067553,-0.020438523562936,0.218063366962668,0.0651139999040887,0.991605021079109,-0.0131638863440947,0.109826754216619,0.0669647543507935,0.991605021079109,-0.0131638863440947,0.109826754216619,0.0669647543507935,0.991607608219782,-0.0131346396066778,0.109827005103358,0.0669317675926289,0.991607608219782,-0.0131346396066778,0.109827005103358,0.0669317675926289,0.991605510675423,-0.0131582881804026,0.109826833274754,0.0669584747670835,0.991605021079109,-0.0131638863440947,0.109826754216619,0.0669647543507935,0.991607608219782,-0.0131346396066778,0.109827005103358,0.0669317675926289,0.991607608219782,-0.0131346396066778,0.109827005103358,0.0669317675926289,0.991605510675423,-0.0131582881804026,0.109826833274754,0.0669584747670835,0.999081405790895,0.000878142666221364,0.0114061656257408,0.0412973710309198,0.974086356261551,-0.0203213839430896,0.0825000105315595,0.2096104963069,0.992107493672085,-0.0270199558718322,0.00662016616574738,0.122265352346097,0.992116404319822,-0.0268342229787022,0.00511330420337624,0.122306250358517,0.994283932972228,0.044987655015408,-0.0415445646956848,0.0874621099318917,0.98313251020222,0.0175302203356817,0.0745865040617995,0.166072310064934,0.994053962539522,-0.0208610685118781,0.0130906235046159,0.106066823070549,0.99408623294609,-0.0183540795560697,-0.0103540490300321,0.106529258419393
218,988,0.991565548003916,-0.0137323370530225,0.109815690079739,0.0674514725048065,0.991565548003916,-0.0137323370530225,0.109815690079739,0.0674514725048065,0.995865258659463,-0.0102865369507554,0.0592799154108438,0.0680622169897898,0.995868314730434,-0.0102830265893633,0.0592285530125574,0.0680627474332834,0.991565548003916,-0.0137323370530225,0.109815690079739,0.0674514725048065,0.973507460853786,-0.0210569886086389,0.218048034703389,0.065535345079889,0.991565548003916,-0.0137323370530225,0.109815690079739,0.0674514725048065,0.991565548003916,-0.0137323370530225,0.109815690079739,0.0674514725048065,0.991567665833157,-0.0137024523827988,0.109816257472095,0.0674254882644926,0.991567665833157,-0.0137024523827988,0.109816257472095,0.0674254882644926,0.991565950449478,-0.013726596602785,0.109815801823882,0.0674465427187075,0.991565548003916,-0.0137323370530225,0.109815690079739,0.0674514725048065,0.991567665833157,-0.0137024523827988,0.109816257472095,0.0674254882644926,0.991567665833157,-0.0137024523827988,0.109816257472095,0.0674254882644926,0.991565950449478,-0.013726596602785,0.109815801823882,0.0674465427187075,0.999050122722973,0.000171040802772075,0.0123175996572863,0.041798322585235,0.974026648181731,-0.0214282853363669,0.0832904307336561,0.209465083886568,0.992108247296974,-0.0271827073646333,0.0066496814576554,0.122221552118132,0.992117751594673,-0.0269838561067768,0.00503583050689594,0.122265607966612,0.994100541872261,0.0452434384956795,-0.0416914332029698,0.0893250710598528,0.983234843097159,0.0227779621014956,0.0662039205748215,0.168367005861392,0.994074170001653,-0.0165905826851458,0.008053951942247,0.107128105368322,0.994082124841763,-0.0149660741898589,-0.00700361881072605,0.107367103979676
219,989,0.991537153170296,-0.0142954318702611,0.109806352744793,0.0677663589657387,0.991537153170296,-0.0142954318702611,0.109806352744793,0.0677663589657387,0.995836425973574,-0.0108329007574915,0.0592720332395296,0.0684053144208034,0.995839481638056,-0.0108293726999268,0.059220672328316,0.0684058730428661,0.991537153170296,-0.0142954318702611,0.109806352744793,0.0677663589657387,0.973480263228818,-0.0216512591052178,0.218035635445497,0.0657864861425913,0.991537153170296,-0.0142954318702611,0.109806352744793,0.0677663589657387,0.991537153170296,-0.0142954318702611,0.109806352744793,0.0677663589657387,0.991538689844432,-0.0142657830527582,0.109806849203902,0.0677493161839337,0.991538689844432,-0.0142657830527582,0.109806849203902,0.0677493161839337,0.991537443237765,-0.0142897435473814,0.10980644746756,0.0677631609461997,0.991537153170296,-0.0142954318702611,0.109806352744793,0.0677663589657387,0.991538689844432,-0.0142657830527582,0.109806849203902,0.0677493161839337,0.991538689844432,-0.0142657830527582,0.109806849203902,0.0677493161839337,0.991537443237765,-0.0142897435473814,0.10980644746756,0.0677631609461997,0.999023939395571,-0.000560873740392948,0.0132561120615754,0.0421322848681818,0.973976687672949,-0.0225508532928704,0.08407979703138,0.20926408821524,0.992112366894088,-0.0273507213040695,0.00663211347503537,0.122151563931086,0.99212186177774,-0.0271515167282526,0.00501446467817772,0.122195996931236,0.993932531134855,0.0453117869381807,-0.0417006681857112,0.0911373676885327,0.983270174870893,0.0281327351998633,0.0577426475959163,0.170452629983088,0.994049374806551,-0.0123658260793668,0.00275055553787706,0.108191317749235,0.994051909713632,-0.0118933646415482,-0.00158930920217253,0.108244273605786
220,990,0.991528513385797,-0.0148158381006227,0.109738331444111,0.0678910649216083,0.991528513385797,-0.0148158381006227,0.109738331444111,0.0678910649216083,0.995824340340345,-0.0113462965963102,0.0592045389383476,0.0685563075753242,0.995827392523786,-0.0113427607505045,0.0591531786505471,0.0685568926758697,0.991528513385797,-0.0148158381006227,0.109738331444111,0.0678910649216083,0.973479146001181,-0.02218221305687,0.217967076747836,0.0658532852537633,0.991528513385797,-0.0148158381006227,0.109738331444111,0.0678910649216083,0.991528513385797,-0.0148158381006227,0.109738331444111,0.0678910649216083,0.991529029919848,-0.0147883354619546,0.10974175818572,0.0678839780123258,0.991529029919848,-0.0147883354619546,0.10974175818572,0.0678839780123258,0.99152860414621,-0.0148105771766733,0.109739012766176,0.0678897859818879,0.991528513385797,-0.0148158381006227,0.109738331444111,0.0678910649216083,0.991529029919848,-0.0147883354619546,0.10974175818572,0.0678839780123258,0.991529029919848,-0.0147883354619546,0.10974175818572,0.0678839780123258,0.99152860414621,-0.0148105771766733,0.109739012766176,0.0678897859818879,0.999003853540236,-0.00133469197228474,0.0142810975014834,0.0422559991391983,0.973925248530905,-0.023671863795835,0.0848784653207706,0.209057167452439,0.9921131151582,-0.0275342262693206,0.00660214038092034,0.122105875604865,0.992122690510079,-0.0273319180742523,0.00495867941707181,0.122151318977174,0.993778271844193,0.0452353655813669,-0.0415916501212097,0.0928904879483602,0.983239837689275,0.0334477985631195,0.0494111811958336,0.1722765263316,0.993963460657554,-0.00817572595560445,-0.00329250871583327,0.109357010607992,0.993963460657554,-0.00817572595560445,-0.00329250871583327,0.109357010607992
221,991,0.991539702275297,-0.015271734766934,0.109600638779962,0.0678490450046875,0.991539702275297,-0.015271734766934,0.109600638779962,0.0678490450046875,0.995828516882269,-0.0118037396657529,0.0590664555667693,0.0685375117781702,0.995831561943975,-0.0118002047887427,0.059015095063745,0.0685381204716282,0.991539702275297,-0.015271734766934,0.109600638779962,0.0678490450046875,0.97350538901826,-0.0226307373334316,0.217831445759255,0.0657614516155545,0.991539702275297,-0.015271734766934,0.109600638779962,0.0678490450046875,0.991539702275297,-0.015271734766934,0.109600638779962,0.0678490450046875,0.99153917466072,-0.0152475648931225,0.109607695414119,0.0678507920659314,0.99153917466072,-0.0152475648931225,0.109607695414119,0.0678507920659314,0.991539592440523,-0.0152671232085106,0.109602022646609,0.0678494524929295,0.991539702275297,-0.015271734766934,0.109600638779962,0.0678490450046875,0.99153917466072,-0.0152475648931225,0.109607695414119,0.0678507920659314,0.99153917466072,-0.0152475648931225,0.109607695414119,0.0678507920659314,0.991539592440523,-0.0152671232085106,0.109602022646609,0.0678494524929295,0.998991925415732,-0.0021152541969425,0.0153742255266189,0.0421223437537244,0.97387885692488,-0.0248226930426257,0.0856559601142795,0.208822562099266,0.9921194363432,-0.0277248739486714,0.0065338574638371,0.122015015884207,0.9921284651776,-0.0275334376642681,0.00497753429388402,0.1220583571374,0.993646543010186,0.0450553971175222,-0.041299807096697,0.0945033580792984,0.983142145058998,0.0386407728372294,0.0413170583803362,0.17387154445202,0.99380597438897,-0.00404214926128499,-0.00953047733509511,0.110645905029997,0.99380597438897,-0.00404214926128499,-0.00953047733509511,0.110645905029997
222,992,0.991574005720868,-0.0156195987380531,0.10935389328897,0.0676664269522105,0.991574005720868,-0.0156195987380531,0.10935389328897,0.0676664269522105,0.995850235769862,-0.0121604352021401,0.0588182855572502,0.0683728090465148,0.995853268032029,-0.0121569088192929,0.0587669239343919,0.0683734361369679,0.991574005720868,-0.0156195987380531,0.10935389328897,0.0676664269522105,0.973566583272777,-0.022956441491508,0.217589960093185,0.0655417347593394,0.991574005720868,-0.0156195987380531,0.10935389328897,0.0676664269522105,0.991574005720868,-0.0156195987380531,0.10935389328897,0.0676664269522105,0.991572269773333,-0.0156009971333708,0.109366584013926,0.0676756455907914,0.991572269773333,-0.0156009971333708,0.109366584013926,0.0676756455907914,0.99157366267028,-0.0156160739996758,0.109356374701989,0.0676682572815377,0.991574005720868,-0.0156195987380531,0.10935389328897,0.0676664269522105,0.991572269773333,-0.0156009971333708,0.109366584013926,0.0676756455907914,0.991572269773333,-0.0156009971333708,0.109366584013926,0.0676756455907914,0.99157366267028,-0.0156160739996758,0.109356374701989,0.0676682572815377,0.998983607304225,-0.00294788196262034,0.01659226837366,0.0418062071897159,0.973829597238281,-0.0259485722888042,0.0864584430563487,0.208584574605057,0.992119504884282,-0.0279727121553186,0.00644770232503857,0.121962463641765,0.99212794273067,-0.0277926224336067,0.00498298004372565,0.122003628229476,0.99354225976636,0.0447725475618626,-0.0408004013560288,0.0959402120717012,0.98299009110996,0.0435731872655843,0.0334675067913145,0.175247779216526,0.993572985939124,-0.000116137201574648,-0.0156823826910535,0.112101610145872,0.993572985939124,-0.000116137201574648,-0.0156823826910535,0.112101610145872
223,993,0.991627035169456,-0.0159100241838076,0.109034778991884,0.0673358093565063,0.991627035169456,-0.0159100241838076,0.109034778991884,0.0673358093565063,0.995886978495774,-0.0124672881506791,0.0584968885611313,0.0680573788607308,0.995889994181659,-0.0124637780359158,0.0584455250436733,0.0680580217777194,0.991627035169456,-0.0159100241838076,0.109034778991884,0.0673358093565063,0.973654338011858,-0.023208800821439,0.217278599911417,0.0651812216489985,0.991627035169456,-0.0159100241838076,0.109034778991884,0.0673358093565063,0.991627035169456,-0.0159100241838076,0.109034778991884,0.0673358093565063,0.991624304531962,-0.0158945729529112,0.109051370083111,0.0673528016874134,0.991624304531962,-0.0158945729529112,0.109051370083111,0.0673528016874134,0.991626502932715,-0.0159070847056962,0.109037995112792,0.0673391339369851,0.991627035169456,-0.0159100241838076,0.109034778991884,0.0673358093565063,0.991624304531962,-0.0158945729529112,0.109051370083111,0.0673528016874134,0.991624304531962,-0.0158945729529112,0.109051370083111,0.0673528016874134,0.991626502932715,-0.0159070847056962,0.109037995112792,0.0673391339369851,0.998974815678611,-0.00380456947485365,0.017857068728271,0.0414242439572452,0.973773391717527,-0.0270913695527256,0.0872332133143992,0.208378995519093,0.99212170955752,-0.0282160782227496,0.00635239489862903,0.121893451150763,0.992129309788274,-0.0280532313179455,0.0050271418647469,0.121931032622289,0.993463390849608,0.044464523915472,-0.04007973584497,0.0971957402830321,0.982753152056049,0.0481882092829161,0.0259126859071603,0.176642778847827,0.993249148289067,0.00362513510824959,-0.0217938045281891,0.113877205369111,0.993249148289067,0.00362513510824959,-0.0217938045281891,0.113877205369111
224,994,0.991689978546948,-0.016172266394232,0.108702198635298,0.0668825557307673,0.991689978546948,-0.016172266394232,0.108702198635298,0.0668825557307673,0.995932937959748,-0.0127522269571567,0.0581615390568394,0.0676180387843241,0.995935936349729,-0.0127487395012298,0.0581101731694419,0.0676186963977788,0.991689978546948,-0.016172266394232,0.108702198635298,0.0668825557307673,0.973753425593851,-0.0234196791475203,0.216954943900423,0.064701909477483,0.991689978546948,-0.016172266394232,0.108702198635298,0.0668825557307673,0.991689978546948,-0.016172266394232,0.108702198635298,0.0668825557307673,0.99168670484356,-0.0161583818842247,0.108719658304787,0.0669060687045266,0.99168670484356,-0.0161583818842247,0.108719658304787,0.0669060687045266,0.991689345732581,-0.0161696146088385,0.108705556813142,0.0668871216440924,0.991689978546948,-0.016172266394232,0.108702198635298,0.0668825557307673,0.99168670484356,-0.0161583818842247,0.108719658304787,0.0669060687045266,0.99168670484356,-0.0161583818842247,0.108719658304787,0.0669060687045266,0.991689345732581,-0.0161696146088385,0.108705556813142,0.0668871216440924,0.998962343598906,-0.00470555123131405,0.0191617007040998,0.0410478146204804,0.973705235594138,-0.0282439015351513,0.0880061769030202,0.208219377171172,0.992121663610822,-0.0284704501774087,0.00628415738724969,0.12183820183638,0.992128804476935,-0.028316660232713,0.00503203409570561,0.121874036255849,0.993411745345975,0.0441220626447983,-0.0392047219714562,0.0982310417931781,0.982429016806549,0.0524470116691968,0.0187361813152517,0.178133358507637,0.992824158095164,0.00720679832864529,-0.0281006461728662,0.116011235857347,0.992824158095164,0.00720679832864529,-0.0281006461728662,0.116011235857347
225,995,0.991760936118605,-0.0164134668773929,0.108368130702233,0.0663113258977399,0.991760936118605,-0.0164134668773929,0.108368130702233,0.0663113258977399,0.995986825658764,-0.0130221470767387,0.0578242965969205,0.0670598055675927,0.995989806655201,-0.0130186884116497,0.0577729279306827,0.0670604771030741,0.991760936118605,-0.0164134668773929,0.108368130702233,0.0663113258977399,0.97386064226348,-0.0235966865352938,0.216630689453066,0.0641076455799667,0.991760936118605,-0.0164134668773929,0.108368130702233,0.0663113258977399,0.991760936118605,-0.0164134668773929,0.108368130702233,0.0663113258977399,0.991757237459206,-0.0164007128401431,0.108385708494037,0.066341063903624,0.991757237459206,-0.0164007128401431,0.108385708494037,0.066341063903624,0.991760222718317,-0.0164110283959348,0.108371505237197,0.0663170840230912,0.991760936118605,-0.0164134668773929,0.108368130702233,0.0663113258977399,0.991757237459206,-0.0164007128401431,0.108385708494037,0.066341063903624,0.991757237459206,-0.0164007128401431,0.108385708494037,0.066341063903624,0.991760222718317,-0.0164110283959348,0.108371505237197,0.0663170840230912,0.998945269573949,-0.00563724604055447,0.0204765503108351,0.040709713094998,0.973614214141162,-0.0294037746509425,0.0887932623647349,0.208150274122308,0.992120220137733,-0.028741954376101,0.00624466092720645,0.12178823039359,0.992127109636598,-0.0285931250771915,0.00503242688668844,0.12182325805067,0.993381721870284,0.0437420680391245,-0.0381932529457533,0.0990992510925938,0.982046854372128,0.0562210867155471,0.0120838075646923,0.179658417061575,0.99230991521786,0.0107077657870326,-0.0343547542065884,0.118431949977955,0.99230991521786,0.0107077657870326,-0.0343547542065884,0.118431949977955
226,996,0.991841174666626,-0.0166516205073644,0.108012949450697,0.0656278181975313,0.991841174666626,-0.0166516205073644,0.108012949450697,0.0656278181975313,0.996048909308293,-0.0132947305247319,0.0574654964206492,0.0663892847315307,0.996051871799324,-0.0132913064417755,0.0574141245528889,0.0663899703265509,0.991841174666626,-0.0166516205073644,0.108012949450697,0.0656278181975313,0.973979402496235,-0.0237583348191441,0.216286468661789,0.0634021175790757,0.991841174666626,-0.0166516205073644,0.108012949450697,0.0656278181975313,0.991841174666626,-0.0166516205073644,0.108012949450697,0.0656278181975313,0.991836994711327,-0.0166390754063273,0.108031589246129,0.0656634816056932,0.991836994711327,-0.0166390754063273,0.108031589246129,0.0656634816056932,0.991840368427104,-0.0166492146410497,0.108016535366164,0.0656347110735876,0.991841174666626,-0.0166516205073644,0.108012949450697,0.0656278181975313,0.991836994711327,-0.0166390754063273,0.108031589246129,0.0656634816056932,0.991836994711327,-0.0166390754063273,0.108031589246129,0.0656634816056932,0.991840368427104,-0.0166492146410497,0.108016535366164,0.0656347110735876,0.99892193174008,-0.00659136887611449,0.0217746974578979,0.0404646845486677,0.973502728482868,-0.0305555892952355,0.0895836547577797,0.208167150144951,0.99211890314692,-0.0289931156105019,0.00623227382579026,0.121740051046104,0.99212560998674,-0.0288483954528251,0.00505304135415126,0.121774426138288,0.993368881986775,0.0433041859769582,-0.0370724847555288,0.0998430901528475,0.981633910857724,0.0594181739002185,0.00600005376123575,0.181185940457297,0.991733647313277,0.0136353107213323,-0.0399854901776878,0.121159447272962,0.991733647313277,0.0136353107213323,-0.0399854901776878,0.121159447272962
227,997,0.991922731734571,-0.0168930003225464,0.107673820265186,0.0648865875033483,0.991922731734571,-0.0168930003225464,0.107673820265186,0.0648865875033483,0.996113125580271,-0.0135734696167567,0.0571226605558243,0.0656612794597411,0.996116070389261,-0.0135700830807171,0.0570712853765291,0.0656619794318574,0.991922731734571,-0.0168930003225464,0.107673820265186,0.0648865875033483,0.974097710389023,-0.0239168504671508,0.215958347644021,0.0626388614316958,0.991922731734571,-0.0168930003225464,0.107673820265186,0.0648865875033483,0.991922731734571,-0.0168930003225464,0.107673820265186,0.0648865875033483,0.991918463809275,-0.0168803043973676,0.107691710771099,0.0649254334517261,0.991918463809275,-0.0168803043973676,0.107691710771099,0.0649254334517261,0.991921911751294,-0.0168905625275893,0.107677247812819,0.0648940689787356,0.991922731734571,-0.0168930003225464,0.107673820265186,0.0648865875033483,0.991918463809275,-0.0168803043973676,0.107691710771099,0.0649254334517261,0.991918463809275,-0.0168803043973676,0.107691710771099,0.0649254334517261,0.991921911751294,-0.0168905625275893,0.107677247812819,0.0648940689787356,0.998890470461484,-0.00755158653438062,0.0230758651089138,0.040352273932509,0.973378498452761,-0.0317377742213687,0.0904073890876808,0.208215072546801,0.992116548176055,-0.0292907527861641,0.0062807115888458,0.121685493376929,0.992123897303279,-0.0291319868986274,0.00498647195781164,0.121723600162438,0.993367276309148,0.0428435347229768,-0.0358668308329045,0.100496051348247,0.981170920234691,0.061914789696247,0.000578387266424166,0.182947668940737,0.991187209310264,0.0151890101715215,-0.0440996109003334,0.123985621699379,0.991187209310264,0.0151890101715215,-0.0440996109003334,0.123985621699379
228,998,0.992005612217103,-0.0171198705897415,0.107354758043359,0.0640837833325413,0.992005612217103,-0.0171198705897415,0.107354758043359,0.0640837833325413,0.996179683410254,-0.0138408472307224,0.0567997984628953,0.0648710428708942,0.996182611567358,-0.0138375014512306,0.0567484198512714,0.0648717566342147,0.992005612217103,-0.0171198705897415,0.107354758043359,0.0640837833325413,0.974215129879208,-0.0240541821553659,0.215650317549538,0.0618159977356839,0.992005612217103,-0.0171198705897415,0.107354758043359,0.0640837833325413,0.992005612217103,-0.0171198705897415,0.107354758043359,0.0640837833325413,0.992001275691529,-0.0171078926389671,0.107371607943534,0.0641258671945568,0.992001275691529,-0.0171078926389671,0.107371607943534,0.0641258671945568,0.992004779239621,-0.0171175775783089,0.107357983377327,0.0640918864502746,0.992005612217103,-0.0171198705897415,0.107354758043359,0.0640837833325413,0.992001275691529,-0.0171078926389671,0.107371607943534,0.0641258671945568,0.992001275691529,-0.0171078926389671,0.107371607943534,0.0641258671945568,0.992004779239621,-0.0171175775783089,0.107357983377327,0.0640918864502746,0.998849995328571,-0.00851017169831549,0.0244064437743811,0.0403805561138824,0.97323974471107,-0.0329446470610304,0.0912224240477971,0.20832071163377,0.992111255002813,-0.0295393693001611,0.00640530404668845,0.121662054224646,0.992119800105727,-0.0293555229646083,0.00490636946832959,0.12170654480465,0.993386538331175,0.0422848545017424,-0.0347672585519367,0.100927767611071,0.980695123191417,0.063604971850226,-0.00392184605045014,0.184867796081581,0.99092910669395,0.016918082245617,-0.0441304064345607,0.12580060106289,0.99092910669395,0.016918082245617,-0.0441304064345607,0.12580060106289
229,999,0.992069394817106,-0.0173575800360545,0.107067902077871,0.0635097994576974,0.992069394817106,-0.0173575800360545,0.107067902077871,0.0635097994576974,0.996228804840994,-0.0141074207922663,0.0565100716087016,0.0643098817481024,0.996231718055205,-0.0141041039546254,0.0564586904639972,0.0643106092608529,0.992069394817106,-0.0173575800360545,0.107067902077871,0.0635097994576974,0.97431003002231,-0.0242274171661242,0.215372201516491,0.0612193798508575,0.992069394817106,-0.0173575800360545,0.107067902077871,0.0635097994576974,0.992069394817106,-0.0173575800360545,0.107067902077871,0.0635097994576974,0.992066001554613,-0.017345095887182,0.107083088742509,0.0635406036599434,0.992066001554613,-0.017345095887182,0.107083088742509,0.0635406036599434,0.992068751041756,-0.0173551800529327,0.10707080314801,0.0635156204804856,0.992069394817106,-0.0173575800360545,0.107067902077871,0.0635097994576974,0.992066001554613,-0.017345095887182,0.107083088742509,0.0635406036599434,0.992066001554613,-0.017345095887182,0.107083088742509,0.0635406036599434,0.992068751041756,-0.0173551800529327,0.10707080314801,0.0635156204804856,0.99879189850716,-0.00927096321177803,0.0256730402846148,0.040861812492017,0.973119246852422,-0.0342230508003755,0.0920515865023171,0.208312792746139,0.992071663303242,-0.0297608932575179,0.00665819724253215,0.121917072277562,0.992083008700268,-0.0295166563749088,0.00467124908420082,0.121976433283906,0.993417199329335,0.0415859666615037,-0.0338463189854396,0.101228959021741,0.980313929955056,0.0645181430548928,-0.0074566713149754,0.186457517965146,0.990645394508918,0.0170821250034109,-0.0453253694747968,0.127575523614888,0.990645394508918,0.0170821250034109,-0.0453253694747968,0.127575523614888
230,1000,0.992146672782051,-0.0175576151010633,0.106771944466355,0.0627412281864313,0.992146672782051,-0.0175576151010633,0.106771944466355,0.0627412281864313,0.996290941628039,-0.0143462580809357,0.0562105690020749,0.0635524699870439,0.99629383939515,-0.0143429803069212,0.0561591846530285,0.0635532098189714,0.992146672782051,-0.0175576151010633,0.106771944466355,0.0627412281864313,0.974419343468341,-0.024341835529884,0.215086520991783,0.0604334891050898,0.992146672782051,-0.0175576151010633,0.106771944466355,0.0627412281864313,0.992146672782051,-0.0175576151010633,0.106771944466355,0.0627412281864313,0.992142657776024,-0.0175469894673538,0.106787503679128,0.0627811981387732,0.992142657776024,-0.0175469894673538,0.106787503679128,0.0627811981387732,0.992145897179396,-0.017555590814304,0.106774933442557,0.0627489723389167,0.992146672782051,-0.0175576151010633,0.106771944466355,0.0627412281864313,0.992142657776024,-0.0175469894673538,0.106787503679128,0.0627811981387732,0.992142657776024,-0.0175469894673538,0.106787503679128,0.0627811981387732,0.992145897179396,-0.017555590814304,0.106774933442557,0.0627489723389167,0.998733623822111,-0.0101340040712935,0.0270494022987844,0.0411919949009067,0.97292566121676,-0.0355023925754011,0.0928948694265847,0.208628332451684,0.992062431078208,-0.0300633939043665,0.00694256457532838,0.121902116418311,0.992076394188388,-0.0297664987082634,0.00452708005816632,0.121974953145978,0.99350401490543,0.0409280897897191,-0.0333049049060423,0.100823842131491,0.980063456545166,0.0646902389632365,-0.009886204369941,0.187598126565212,0.990455401515996,0.0176313850350633,-0.0464873514746597,0.128554105428042,0.990455401515996,0.0176313850350633,-0.0464873514746597,0.128554105428042
231,1001,0.992220910548143,-0.017807610200095,0.106496733613857,0.0619596596145844,0.992220910548143,-0.017807610200095,0.106496733613857,0.0619596596145844,0.996351096547653,-0.0146356513958807,0.0559319408540118,0.062784616816637,0.996353979944278,-0.0146324132239471,0.0558805534028117,0.0627853715752113,0.992220910548143,-0.017807610200095,0.106496733613857,0.0619596596145844,0.974523356635983,-0.024504484326788,0.214821127849061,0.0596291929215203,0.992220910548143,-0.017807610200095,0.106496733613857,0.0619596596145844,0.992220910548143,-0.017807610200095,0.106496733613857,0.0619596596145844,0.992217017551089,-0.0177945795141732,0.106511274227354,0.0620007377730449,0.992217017551089,-0.0177945795141732,0.106511274227354,0.0620007377730449,0.992220164194002,-0.017805090073748,0.106499516018176,0.0619675529788614,0.992220910548143,-0.017807610200095,0.106496733613857,0.0619596596145844,0.992217017551089,-0.0177945795141732,0.106511274227354,0.0620007377730449,0.992217017551089,-0.0177945795141732,0.106511274227354,0.0620007377730449,0.992220164194002,-0.017805090073748,0.106499516018176,0.0619675529788614,0.998669638222337,-0.0109923732237976,0.0284769823194713,0.0415593900551075,0.972730135880875,-0.0367909906380207,0.0937342643372387,0.208941124353739,0.992053953412272,-0.0304078318838424,0.00731095910894613,0.121864134002225,0.992071275104258,-0.0300462205357399,0.0043682624718338,0.121953794641684,0.993617263533472,0.0402074784823845,-0.0331706556600948,0.100038991825303,0.979932249007513,0.0640095360352488,-0.0111209790006669,0.188445988223939,0.990355626980917,0.0175657513695137,-0.0476054579978868,0.128922057286065,0.990355626980917,0.0175657513695137,-0.0476054579978868,0.128922057286065
232,1002,0.992288288781585,-0.0181088452992742,0.10625506910268,0.0612036106682031,0.992288288781585,-0.0181088452992742,0.10625506910268,0.0612036106682031,0.99640610570879,-0.0149749215218809,0.0556871643140922,0.0620448544386361,0.996408976480852,-0.0149717215031631,0.0556357740260888,0.0620456266962447,0.992288288781585,-0.0181088452992742,0.10625506910268,0.0612036106682031,0.974616867606731,-0.0247208658210615,0.214588324797848,0.0588446346743279,0.992288288781585,-0.0181088452992742,0.10625506910268,0.0612036106682031,0.992288288781585,-0.0181088452992742,0.10625506910268,0.0612036106682031,0.992284744188429,-0.01809313235409,0.106267881391828,0.061243468198763,0.992284744188429,-0.01809313235409,0.106267881391828,0.061243468198763,0.992287611171706,-0.0181058078130012,0.106257513961491,0.0612112503165229,0.992288288781585,-0.0181088452992742,0.10625506910268,0.0612036106682031,0.992284744188429,-0.01809313235409,0.106267881391828,0.061243468198763,0.992284744188429,-0.01809313235409,0.106267881391828,0.061243468198763,0.992287611171706,-0.0181058078130012,0.106257513961491,0.0612112503165229,0.998600399541764,-0.0118328650990843,0.0299207599654243,0.0419758676106682,0.972535438971354,-0.0381222485337239,0.0945919453152317,0.209222078168173,0.992047289226838,-0.0307304868569401,0.0077548405337316,0.121809997797858,0.992068541023453,-0.0302986370125283,0.00423928362087678,0.121918132290327,0.993746496020957,0.0393348276751828,-0.0334661850154626,0.0989984213931987,0.979955259673279,0.0625285215157569,-0.0112951978968703,0.188812847921429,0.990447613963192,0.0169472701873103,-0.0474054936933789,0.128370686667581,0.990447613963192,0.0169472701873103,-0.0474054936933789,0.128370686667581
233,1003,0.992351409562098,-0.0184900177937169,0.106031107524816,0.0604500076027055,0.992351409562098,-0.0184900177937169,0.106031107524816,0.0604500076027055,0.996457762626585,-0.0153939014342751,0.0554602842044841,0.0613115974005812,0.996460621697107,-0.0153907392331506,0.0554088912525474,0.0613123912682933,0.992351409562098,-0.0184900177937169,0.106031107524816,0.0604500076027055,0.974704202689731,-0.0250169697967278,0.214372650032127,0.0580537285569905,0.992351409562098,-0.0184900177937169,0.106031107524816,0.0604500076027055,0.992351409562098,-0.0184900177937169,0.106031107524816,0.0604500076027055,0.992348096269569,-0.0184701738911543,0.106042948354304,0.0604896818549936,0.992348096269569,-0.0184701738911543,0.106042948354304,0.0604896818549936,0.992350775421555,-0.0184861757650219,0.106033372000144,0.0604576202649633,0.992351409562098,-0.0184900177937169,0.106031107524816,0.0604500076027055,0.992348096269569,-0.0184701738911543,0.106042948354304,0.0604896818549936,0.992348096269569,-0.0184701738911543,0.106042948354304,0.0604896818549936,0.992350775421555,-0.0184861757650219,0.106033372000144,0.0604576202649633,0.998530016918424,-0.0126710327418258,0.0313630253968984,0.0423510434358005,0.972346233418419,-0.0395014116522842,0.0954903202228278,0.209437435952199,0.992039196566687,-0.0310600655296037,0.00826525037181812,0.121758738663431,0.99206523319724,-0.0305462470561394,0.00408105007230128,0.121888657808666,0.993882394127052,0.03821390987349,-0.0341379619808965,0.0978370241179174,0.980150241987793,0.060436581157445,-0.0105274939619312,0.188526111348407,0.990781382566502,0.0155156139268722,-0.0453806117982073,0.126696952437315,0.990781382566502,0.0155156139268722,-0.0453806117982073,0.126696952437315
234,1004,0.992408227726377,-0.0189718155905888,0.105831946986673,0.059712467301205,0.992408227726377,-0.0189718155905888,0.105831946986673,0.059712467301205,0.996504385524351,-0.0159125602609466,0.0552584933990706,0.0605994964000736,0.996507234187335,-0.015909434786148,0.0552070980427997,0.060600317018858,0.992408227726377,-0.0189718155905888,0.105831946986673,0.059712467301205,0.974782549557917,-0.0254148544688998,0.214180934117318,0.0572677370805363,0.992408227726377,-0.0189718155905888,0.105831946986673,0.059712467301205,0.992408227726377,-0.0189718155905888,0.105831946986673,0.059712467301205,0.992405242456422,-0.0189467339091029,0.105842499328461,0.0597513293165398,0.992405242456422,-0.0189467339091029,0.105842499328461,0.0597513293165398,0.992407657304982,-0.01896695927007,0.105833961674503,0.0597199190786777,0.992408227726377,-0.0189718155905888,0.105831946986673,0.059712467301205,0.992405242456422,-0.0189467339091029,0.105842499328461,0.0597513293165398,0.992405242456422,-0.0189467339091029,0.105842499328461,0.0597513293165398,0.992407657304982,-0.01896695927007,0.105833961674503,0.0597199190786777,0.998459470750657,-0.0135610149112777,0.0327856678101635,0.0426600999663084,0.972174801510157,-0.0409306386372939,0.0964050611978859,0.209539739202048,0.992031127273325,-0.0314056068626071,0.0088527494200239,0.121694532359154,0.992063009798444,-0.0307961388157663,0.0038875752252255,0.121850191557346,0.994012208764878,0.036838523604081,-0.0350196926842777,0.0967278301697026,0.980541279912495,0.0578409361007862,-0.00877478850651476,0.187393243168523,0.991333301185186,0.0134721464995174,-0.0421384902645079,0.123697756116293,0.991333301185186,0.0134721464995174,-0.0421384902645079,0.123697756116293
235,1005,0.992461281651055,-0.0195320884948161,0.105641131058491,0.0589835008392992,0.992461281651055,-0.0195320884948161,0.105641131058491,0.0589835008392992,0.996547673141146,-0.0165091570375134,0.0550652277280275,0.0598999464619098,0.996550511836285,-0.0165060676416089,0.0550138301394301,0.0599007978514441,0.992461281651054,-0.0195320884948161,0.105641131058491,0.0589835008392992,0.974856238526501,-0.0258916811698627,0.213997098937658,0.056481649218371,0.992461281651054,-0.0195320884948161,0.105641131058491,0.0589835008392992,0.992461281651054,-0.0195320884948161,0.105641131058491,0.0589835008392992,0.992458502693535,-0.019502821213485,0.10565120192211,0.0590218936364738,0.992458502693535,-0.019502821213485,0.10565120192211,0.0590218936364738,0.992460749837487,-0.0195264372889033,0.105643059836484,0.0589908652860798,0.992461281651054,-0.0195320884948161,0.105641131058491,0.0589835008392992,0.992458502693535,-0.019502821213485,0.10565120192211,0.0590218936364738,0.992458502693535,-0.019502821213485,0.10565120192211,0.0590218936364738,0.992460749837487,-0.0195264372889033,0.105643059836484,0.0589908652860798,0.99839122884957,-0.0144908993367307,0.0341716503131748,0.0428633445677388,0.97203460822575,-0.0424209692261452,0.0973206625351887,0.209470452391357,0.992025649677391,-0.0317588122071437,0.00953154103760067,0.121596208636583,0.992064816217388,-0.0310342784617357,0.00362495737344324,0.121783141969484,0.994129055422997,0.035228162345041,-0.036014852034778,0.0957566090381427,0.9811503044241,0.0547794836513856,-0.00595982874295676,0.185223564215619,0.992059645361408,0.0118656604038249,-0.0385620171057857,0.119121102183083,0.992059645361408,0.0118656604038249,-0.0385620171057857,0.119121102183083
236,1006,0.992504687638167,-0.0201836100566481,0.105514355369811,0.0582562246651706,0.992504687638167,-0.0201836100566481,0.105514355369811,0.0582562246651706,0.996584579974754,-0.0171967986464249,0.0549364098698293,0.059206722113895,0.996587412025989,-0.0171937450030475,0.0548850103779122,0.0592076089698599,0.992504687638167,-0.0201836100566481,0.105514355369811,0.0582562246651706,0.974913304831623,-0.0264593902132499,0.213875857064621,0.0556872202278102,0.992504687638167,-0.0201836100566481,0.105514355369811,0.0582562246651706,0.992504687638167,-0.0201836100566481,0.105514355369811,0.0582562246651706,0.992502403626284,-0.0201495711216268,0.105521200381487,0.0582945096017921,0.992502403626284,-0.0201495711216268,0.105521200381487,0.0582945096017921,0.992504253124193,-0.020177038426803,0.105515642931798,0.0582635713580962,0.992504687638167,-0.0201836100566481,0.105514355369811,0.0582562246651706,0.992502403626284,-0.0201495711216268,0.105521200381487,0.0582945096017921,0.992502403626284,-0.0201495711216268,0.105521200381487,0.0582945096017921,0.992504253124193,-0.020177038426803,0.105515642931798,0.0582635713580962,0.998322910218879,-0.0154508668936317,0.0355519313759975,0.0429964861329329,0.971926658789969,-0.0439773220076819,0.0982364637464773,0.209222757540825,0.992019910174555,-0.0321545002931104,0.0103266988572102,0.121474051627836,0.99206821084817,-0.0312917690186494,0.00328753958599853,0.121699146667777,0.994242899523945,0.0333850598331024,-0.037127996675225,0.0948050968516158,0.981959364742362,0.0516918230704275,-0.00268358470304636,0.181869623069865,0.992603852512026,0.0106441443927183,-0.0385366812741025,0.114626429608575,0.992603852512026,0.0106441443927183,-0.0385366812741025,0.114626429608575
237,1007,0.992553854738546,-0.0209058781425424,0.105360793999308,0.0574359886358526,0.992553854738546,-0.0209058781425424,0.105360793999308,0.0574359886358526,0.996625879160695,-0.0179598198078189,0.0547805481506332,0.0584242535592822,0.996628703173218,-0.0179568065196892,0.0547291465288943,0.0584251797695401,0.992553854738546,-0.0209058781425424,0.105360793999308,0.0574359886358526,0.974979039083197,-0.0270872087265207,0.213728624233907,0.0547926240920667,0.992553854738546,-0.0209058781425424,0.105360793999308,0.0574359886358526,0.992553854738546,-0.0209058781425424,0.105360793999308,0.0574359886358526,0.992551313709953,-0.0208680634471451,0.105368817666893,0.0574789165180973,0.992551313709953,-0.0208680634471451,0.105368817666893,0.0574789165180973,0.992553364827071,-0.0208985898724589,0.105362343136983,0.0574442648180528,0.992553854738546,-0.0209058781425424,0.105360793999308,0.0574359886358526,0.992551313709953,-0.0208680634471451,0.105368817666893,0.0574789165180973,0.992551313709953,-0.0208680634471451,0.105368817666893,0.0574789165180973,0.992553364827071,-0.0208985898724589,0.105362343136983,0.0574442648180528,0.998255328752632,-0.0164664523484015,0.0369736853832987,0.0429895470226015,0.971847138145165,-0.045583592527163,0.0991263468838505,0.208828263232813,0.992018516832151,-0.0325201882810765,0.0112276508913545,0.121308035478965,0.992077677764073,-0.0315063943935325,0.00294604219951601,0.121575282150286,0.994369574949635,0.0311794041778339,-0.0382143936103096,0.0937904754790975,0.982815044500523,0.0491388598515026,7.58864803053293e-05,0.177932445037915,0.993042248975008,0.00848578579997576,-0.0394657141044384,0.110623417955885,0.993042248975008,0.00848578579997576,-0.0394657141044384,0.110623417955885
238,1008,0.992623341690419,-0.0215937060721567,0.105092272445974,0.0564643928645044,0.992623341690419,-0.0215937060721567,0.105092272445974,0.0564643928645044,0.996681629372604,-0.0186961378034444,0.0545088421055075,0.0574888705291938,0.996684439371659,-0.0186931727572494,0.054457437608781,0.0574898347167169,0.992623341690419,-0.0215937060721567,0.105092272445974,0.0564643928645044,0.975077595535268,-0.0276641726407739,0.213469358179744,0.0537513660811449,0.992623341690419,-0.0215937060721567,0.105092272445974,0.0564643928645044,0.992623341690419,-0.0215937060721567,0.105092272445974,0.0564643928645044,0.992619778893714,-0.0215574247708121,0.105106103797841,0.0565151212569036,0.992619778893714,-0.0215574247708121,0.105106103797841,0.0565151212569036,0.992622649395859,-0.0215867550709938,0.105094973944892,0.0564741920116892,0.992623341690419,-0.0215937060721567,0.105092272445974,0.0564643928645044,0.992619778893714,-0.0215574247708121,0.105106103797841,0.0565151212569036,0.992619778893714,-0.0215574247708121,0.105106103797841,0.0565151212569036,0.992622649395859,-0.0215867550709938,0.105094973944892,0.0564741920116892,0.998184555485728,-0.0175139858933574,0.0384587215091593,0.0429159670492036,0.971774751308707,-0.0472458001828384,0.0999610909454702,0.208397330551465,0.992014641841882,-0.0329862836053873,0.0122679180266598,0.12111297887724,0.99208745573356,-0.0317868191474557,0.00245593515765131,0.121433301392578,0.99451601055167,0.028565449896441,-0.0390716591254737,0.0927109771374814,0.983685848700462,0.0471491110995428,0.00201365397152926,0.173594520612428,0.993670860087251,0.00591766217857151,-0.0352112306557658,0.106505268994125,0.993670860087251,0.00591766217857151,-0.0352112306557658,0.106505268994125
239,1009,0.992716216397995,-0.0221367022134485,0.104681082056681,0.0553746437912193,0.992716216397995,-0.0221367022134485,0.104681082056681,0.0553746437912193,0.996753486326464,-0.0192938160253196,0.0540934629705767,0.0564281261701329,0.996756274902007,-0.0192909056868258,0.0540420547683392,0.0564291211846623,0.992716216397995,-0.0221367022134485,0.104681082056681,0.0553746437912193,0.975215066579376,-0.0280842048914622,0.213070854780028,0.0526085753038959,0.992716216397995,-0.0221367022134485,0.104681082056681,0.0553746437912193,0.992716216397995,-0.0221367022134485,0.104681082056681,0.0553746437912193,0.992711437577546,-0.0221077392926393,0.104702337690434,0.0554316700835331,0.992711437577546,-0.0221077392926393,0.104702337690434,0.0554316700835331,0.992715289039697,-0.0221312029258238,0.104685221853222,0.0553856397401739,0.992716216397995,-0.0221367022134485,0.104681082056681,0.0553746437912193,0.992711437577546,-0.0221077392926393,0.104702337690434,0.0554316700835331,0.992711437577546,-0.0221077392926393,0.104702337690434,0.0554316700835331,0.992715289039697,-0.0221312029258238,0.104685221853222,0.0553856397401739,0.998112234398345,-0.0185399132159509,0.0400289968381489,0.042730768474471,0.971685951829366,-0.0488799897649731,0.100782643070443,0.208038497576221,0.992010898725687,-0.0335147670920012,0.0134457531490126,0.120873276279251,0.992100040887614,-0.0321155718578756,0.00197998461720387,0.121252540492778,0.994689457405526,0.0258750263039924,-0.0393617269826436,0.0915096759310823,0.984627909260743,0.0454195362384097,0.00348849825505638,0.168620213535124,0.994169071576437,0.00245248164328701,-0.0312922729292244,0.103163152867484,0.994169071576437,0.00245248164328701,-0.0312922729292244,0.103163152867484
240,1010,0.992816386416584,-0.0226236939502379,0.104219275166353,0.0542414418923702,0.992816386416584,-0.0226236939502379,0.104219275166353,0.0542414418923702,0.996830056705472,-0.0198377705992425,0.0536271619801879,0.0553211388545937,0.996832821231173,-0.0198349173535281,0.0535757498294096,0.0553221619253633,0.992816386416584,-0.0226236939502379,0.104219275166353,0.0542414418923702,0.975365347657183,-0.0284437993835064,0.212622842241998,0.0514287451057115,0.992816386416584,-0.0226236939502379,0.104219275166353,0.0542414418923702,0.992816386416584,-0.0226236939502379,0.104219275166353,0.0542414418923702,0.992811184415542,-0.0225978972446104,0.104243433070557,0.0543009558037023,0.992811184415542,-0.0225978972446104,0.104243433070557,0.0543009558037023,0.992815384185618,-0.0226187692377661,0.104223935552396,0.0542528843519105,0.992816386416584,-0.0226236939502379,0.104219275166353,0.0542414418923702,0.992811184415542,-0.0225978972446104,0.104243433070557,0.0543009558037023,0.992811184415542,-0.0225978972446104,0.104243433070557,0.0543009558037023,0.992815384185618,-0.0226187692377661,0.104223935552396,0.0542528843519105,0.998035688143389,-0.0195702108453226,0.0416946238032484,0.0424656377030616,0.971593727653805,-0.0505383007046542,0.101627334874912,0.207661728182863,0.992005684940977,-0.0341169642079514,0.0147395736259853,0.120596429330809,0.99211407341964,-0.0325025002258496,0.00148300660183729,0.121041536231065,0.99489802121796,0.0236345383063798,-0.0390720353178885,0.0899595021759717,0.985570683726516,0.0436719250601099,0.00486031845611118,0.163461211438363,0.994557797274255,-0.000875072324507443,-0.0279736430798154,0.100356850400225,0.994557797274255,-0.000875072324507443,-0.0279736430798154,0.100356850400225
241,1011,0.992910355056201,-0.0230953456504467,0.103839958447584,0.053036731244111,0.992910355056201,-0.0230953456504467,0.103839958447584,0.053036731244111,0.996904626077943,-0.0203700392153528,0.0532435597290762,0.054141955581034,0.996907370819039,-0.0203672467859812,0.0531921437328501,0.0541430061054298,0.9929103550562,-0.0230953456504467,0.103839958447584,0.053036731244111,0.975500405557494,-0.02878029333021,0.212256139853224,0.0501795233895335,0.9929103550562,-0.0230953456504467,0.103839958447584,0.053036731244111,0.9929103550562,-0.0230953456504467,0.103839958447584,0.053036731244111,0.992905444118373,-0.0230704743289009,0.103860137163145,0.0530999450356548,0.992905444118373,-0.0230704743289009,0.103860137163145,0.0530999450356548,0.992909414501763,-0.023090580097778,0.103843799177221,0.0530488932679589,0.9929103550562,-0.0230953456504467,0.103839958447584,0.053036731244111,0.992905444118373,-0.0230704743289009,0.103860137163145,0.0530999450356548,0.992905444118373,-0.0230704743289009,0.103860137163145,0.0530999450356548,0.992909414501763,-0.023090580097778,0.103843799177221,0.0530488932679589,0.997957310858666,-0.020554658652007,0.0434507474567771,0.0420802121772975,0.971517491303895,-0.0522272805963881,0.10249650980956,0.207172731624967,0.991992049336691,-0.0347539440871398,0.0161467086918757,0.120346255536271,0.992122976674645,-0.0329089276793147,0.000970207724655036,0.120863809017468,0.995144054631978,0.0218558559163679,-0.0383802371887383,0.0879635690847403,0.986334818025226,0.0415890499205811,0.00634659968552074,0.159291237518828,0.994874448757002,-0.00399253912762877,-0.0239063394371645,0.0981701470737576,0.994861526630183,-0.00394005827640656,-0.0244381809039053,0.0981722673974038
242,1012,0.992996863998554,-0.0235841947386725,0.103580283006272,0.0516927346916947,0.992996863998554,-0.0235841947386725,0.103580283006272,0.0516927346916947,0.996977825864532,-0.0209265618559626,0.0529798232636964,0.0528245404169893,0.996980557003173,-0.0209238373722903,0.0529284034925003,0.0528256196461103,0.992996863998554,-0.0235841947386725,0.103580283006272,0.0516927346916947,0.975614909531297,-0.0291185838593948,0.212007535806775,0.0487899696187747,0.992996863998554,-0.0235841947386725,0.103580283006272,0.0516927346916947,0.992996863998554,-0.0235841947386725,0.103580283006272,0.0516927346916947,0.992992347972229,-0.0235585100137839,0.103594281453445,0.0517630980977188,0.992992347972229,-0.0235585100137839,0.103594281453445,0.0517630980977188,0.992996000119954,-0.0235792588426386,0.103582919276365,0.0517062968350147,0.992996863998554,-0.0235841947386725,0.103580283006272,0.0516927346916947,0.992992347972229,-0.0235585100137839,0.103594281453445,0.0517630980977188,0.992992347972229,-0.0235585100137839,0.103594281453445,0.0517630980977188,0.992996000119954,-0.0235792588426386,0.103582919276365,0.0517062968350147,0.997875782886826,-0.0215004314060951,0.0452639173107037,0.0416272887304242,0.971437292518205,-0.053996861520694,0.103378115593617,0.206656456146735,0.991966018578634,-0.0355273547212146,0.0177742050075403,0.120105381595153,0.992125219059464,-0.0333982282120373,0.000232560972211883,0.120714762866441,0.995434914455589,0.0203445301285179,-0.0373135797039553,0.0854583404140301,0.986854184434082,0.0390218139827306,0.00803350539078105,0.156625602918477,0.995127334284544,-0.00555188526577912,-0.0172294266840358,0.0969221955275112,0.994569839175894,-0.00357629172946184,-0.0374979944231676,0.0970151820765351
243,1013,0.993077407301212,-0.0240039928543557,0.103444753533461,0.0502021354262185,0.993077407301212,-0.0240039928543557,0.103444753533461,0.0502021354262185,0.99705137713179,-0.0214215734778744,0.0528403755219135,0.0513572026500312,0.997054101078236,-0.0214189246723271,0.0527889519574542,0.0513583074116108,0.993077407301212,-0.0240039928543557,0.103444753533461,0.0502021354262185,0.975709849880644,-0.0293721407588932,0.211881671627321,0.0472622832874599,0.993077407301212,-0.0240039928543557,0.103444753533461,0.0502021354262185,0.993077407301212,-0.0240039928543557,0.103444753533461,0.0502021354262185,0.993073217180319,-0.0239817202215654,0.103452236479329,0.050280186771438,0.993073217180319,-0.0239817202215654,0.103452236479329,0.050280186771438,0.993076605364134,-0.0239997458058119,0.103446136455518,0.0502171776599476,0.993077407301212,-0.0240039928543557,0.103444753533461,0.0502021354262185,0.993073217180319,-0.0239817202215654,0.103452236479329,0.050280186771438,0.993073217180319,-0.0239817202215654,0.103452236479329,0.050280186771438,0.993076605364134,-0.0239997458058119,0.103446136455518,0.0502171776599476,0.997790214303824,-0.022441760736973,0.0470784183630158,0.0411664686242436,0.971340592522118,-0.0558621824102044,0.104282779852391,0.206160063352259,0.991931181913175,-0.0363355047885286,0.0196117945168616,0.119865086476108,0.992124918417964,-0.0338996414325083,-0.000488251969293875,0.120576623666901,0.995766132309282,0.019147425782677,-0.0356591504982278,0.082532483407775,0.987185701364339,0.0359256861678192,0.0102208902222473,0.155142739108971,0.995065374157851,-0.00221800553677479,-0.016896333507618,0.0977470997909168,0.994649247257788,-0.000599378339121461,-0.0333685460189629,0.0977704240131093
244,1014,0.993184574928424,-0.024074619629934,0.103213446674895,0.0484953321404141,0.993184574928424,-0.024074619629934,0.103213446674895,0.0484953321404141,0.997146650668899,-0.0215788530267113,0.052603921052156,0.0496561944956184,0.997149362419944,-0.0215762919514217,0.0525524925742241,0.0496573073712429,0.993184574928423,-0.024074619629934,0.103213446674895,0.0484953321404141,0.975841772058527,-0.0292548942440166,0.211663533363543,0.0455580477249244,0.993184574928423,-0.024074619629934,0.103213446674895,0.0484953321404141,0.993184574928423,-0.024074619629934,0.103213446674895,0.0484953321404141,0.993179084023988,-0.0240699765231221,0.103225394172112,0.0485845786794693,0.993179084023988,-0.0240699765231221,0.103225394172112,0.0485845786794693,0.993183510158805,-0.0240738712531314,0.103215775125074,0.0485125513331579,0.993184574928423,-0.024074619629934,0.103213446674895,0.0484953321404141,0.993179084023988,-0.0240699765231221,0.103225394172112,0.0485845786794693,0.993179084023988,-0.0240699765231221,0.103225394172112,0.0485845786794693,0.993183510158805,-0.0240738712531314,0.103215775125074,0.0485125513331579,0.997696958405916,-0.0233951463365842,0.0488342703975745,0.0408492392855893,0.971219837833808,-0.0578743817938275,0.105152346294603,0.205731783151737,0.991894535135249,-0.0371171241484156,0.0217651812752118,0.11955679465358,0.992132279599413,-0.034312453481561,-0.0014253855567655,0.12039170897102,0.996118723474446,0.0183158560918257,-0.0332967820141545,0.0793935921014096,0.987471025100093,0.0326662437286075,0.0127966242587234,0.153851023773053,0.994292891940022,-0.00990477609999572,-0.0261772893067947,0.102947996447266,0.994292891940022,-0.00990477609999572,-0.0261772893067947,0.102947996447266
245,1015,0.993329234975296,-0.0235400714646879,0.102759872729593,0.0467258444057301,0.993329234975296,-0.0235400714646879,0.102759872729593,0.0467258444057301,0.997268072000773,-0.0211349254835293,0.0521435812720107,0.0478618263838393,0.997270760009369,-0.0211324569543903,0.0520921465323165,0.0478629163660338,0.993329234975296,-0.0235400714646879,0.102759872729593,0.0467258444057301,0.976035369886194,-0.0285292491999814,0.211228589994653,0.0438579689460932,0.993329234975296,-0.0235400714646879,0.102759872729593,0.0467258444057301,0.993329234975296,-0.0235400714646879,0.102759872729593,0.0467258444057301,0.993321821198094,-0.023566568957421,0.102783158518155,0.0468187855919899,0.993321821198094,-0.023566568957421,0.102783158518155,0.0468187855919899,0.993327795950273,-0.0235454098977457,0.10276443364164,0.0467437123432925,0.993329234975296,-0.0235400714646879,0.102759872729593,0.0467258444057301,0.993321821198094,-0.023566568957421,0.102783158518155,0.0468187855919899,0.993321821198094,-0.023566568957421,0.102783158518155,0.0468187855919899,0.993327795950273,-0.0235454098977457,0.10276443364164,0.0467437123432925,0.997595064082445,-0.0242755632832922,0.050556259416489,0.040728979602183,0.97101636578816,-0.0599475778945016,0.10603560464056,0.205645218336452,0.991853753280872,-0.037923347490052,0.0243683900699005,0.119139134557868,0.992149325590431,-0.0346564271752104,-0.00272067315270173,0.120130119967885,0.996457060503401,0.0180167488850077,-0.0307720339038877,0.0761695822619107,0.987701438642443,0.0296603675315761,0.015367899387419,0.152741475604891,0.994897427274385,-0.00451680135037581,-0.0181311412050991,0.0991462022821556,0.994144028793559,-0.00206181005789268,-0.0427466851662139,0.0992276164215286
246,1016,0.993470395598065,-0.0225102677603229,0.10230028941967,0.0452162769391172,0.993470395598065,-0.0225102677603229,0.10230028941967,0.0452162769391172,0.997385693019792,-0.0201831726165782,0.0516774177426941,0.0463018725107936,0.997388356985582,-0.0201807845442169,0.0516259769372487,0.0463029134078653,0.993470395598065,-0.0225102677603229,0.10230028941967,0.0452162769391172,0.976226149423005,-0.0273398895294366,0.210787289293867,0.0424706286201956,0.993470395598065,-0.0225102677603229,0.10230028941967,0.0452162769391172,0.993470395598065,-0.0225102677603229,0.10230028941967,0.0452162769391172,0.993463059814679,-0.0225630849606528,0.102324442460837,0.0452964066543207,0.993463059814679,-0.0225630849606528,0.102324442460837,0.0452964066543207,0.993468987502768,-0.0225206195936054,0.102304932708127,0.0452315521172095,0.993470395598065,-0.0225102677603229,0.10230028941967,0.0452162769391172,0.993463059814679,-0.0225630849606528,0.102324442460837,0.0452964066543207,0.993463059814679,-0.0225630849606528,0.102324442460837,0.0452964066543207,0.993468987502768,-0.0225206195936054,0.102304932708127,0.0452315521172095,0.997486130690077,-0.0250505359671565,0.0522081227574018,0.0408436243108386,0.970752747496938,-0.0620393330336621,0.106975916086686,0.205782355320611,0.991799490342255,-0.038874697209669,0.0273220141393406,0.118642473073816,0.992167357124411,-0.0351002879671953,-0.00408129348940234,0.119813389422195,0.996729366073552,0.0184053058794418,-0.0288757986281823,0.0731983864281517,0.987809042756057,0.0269322941895834,0.0177297888853446,0.152294455464173,0.995057544245583,-0.0031545879237862,-0.0161407216867288,0.0979285929563704,0.994356664112782,-0.000738109944229092,-0.0406800170982735,0.0979766091324535
247,1017,0.993566537850198,-0.0213086368740982,0.102083103968555,0.0441646549073385,0.993566537850198,-0.0213086368740982,0.102083103968555,0.0441646549073385,0.99747067311542,-0.0190365406788753,0.0514556267686473,0.0451905395796289,0.997473325642101,-0.0190342099256697,0.0514041815805999,0.0451915213399817,0.993566537850198,-0.0213086368740982,0.102083103968555,0.0441646549073385,0.976345562062539,-0.0260300349244401,0.210581976180937,0.0415573342546043,0.993566537850198,-0.0213086368740982,0.102083103968555,0.0441646549073385,0.993566537850198,-0.0213086368740982,0.102083103968555,0.0441646549073385,0.993561432931286,-0.0213713607884133,0.102095177986874,0.0442212455886339,0.993561432931286,-0.0213713607884133,0.102095177986874,0.0442212455886339,0.993565575457583,-0.0213207569878706,0.102085323604044,0.0441753244669824,0.993566537850198,-0.0213086368740982,0.102083103968555,0.0441646549073385,0.993561432931286,-0.0213713607884133,0.102095177986874,0.0442212455886339,0.993561432931286,-0.0213713607884133,0.102095177986874,0.0442212455886339,0.993565575457583,-0.0213207569878706,0.102085323604044,0.0441753244669824,0.997369905810152,-0.0258168279426484,0.0537517749217367,0.0412008382437959,0.970504038894996,-0.0641755440520943,0.10802801533221,0.205750717951363,0.991717163066992,-0.0400611445519276,0.030583031028137,0.118139118790863,0.992173442524044,-0.0357401366812067,-0.00548755487396444,0.119517318081945,0.996910297954106,0.0188700579833257,-0.0281682280636872,0.070854284785839,0.987897797619769,0.0243021870575252,0.0197135307695392,0.151916825489573,0.994706108428615,-0.00786433419167684,-0.0200553607851935,0.100477323841252,0.994277316860582,-0.00631042530430532,-0.0354270633547864,0.100586872359453
248,1018,0.993584587234753,-0.0203017282038441,0.102383607660184,0.0435328005527731,0.993584587234753,-0.0203017282038441,0.102383607660184,0.0435328005527731,0.997503971529658,-0.0180630456665758,0.0517548248043614,0.0445083281339288,0.997506639487603,-0.0180607501001098,0.0517033778985314,0.0445092596866277,0.993584587234753,-0.0203017282038441,0.102383607660184,0.0435328005527731,0.976330500083533,-0.0249598247964406,0.210882644412971,0.0410398835056981,0.993584587234753,-0.0203017282038441,0.102383607660184,0.0435328005527731,0.993584587234753,-0.0203017282038441,0.102383607660184,0.0435328005527731,0.993583469677676,-0.0203552106687533,0.102369190310551,0.0435672245738016,0.993583469677676,-0.0203552106687533,0.102369190310551,0.0435672245738016,0.993584404693939,-0.0203119186491201,0.102380625599627,0.0435392261255429,0.993584587234753,-0.0203017282038441,0.102383607660184,0.0435328005527731,0.993583469677676,-0.0203552106687533,0.102369190310551,0.0435672245738016,0.993583469677676,-0.0203552106687533,0.102369190310551,0.0435672245738016,0.993584404693939,-0.0203119186491201,0.102380625599627,0.0435392261255429,0.99725345211305,-0.0265225019035192,0.0551862314428136,0.0416724009450243,0.970297919307544,-0.0664003185871933,0.109141352377853,0.205429089177029,0.991610591843133,-0.0412859068824212,0.0340436691303429,0.117664508793232,0.992172050035754,-0.0364174318665344,-0.00672014815251353,0.119261198186597,0.997018017092353,0.0189074810201702,-0.0283878269204792,0.0692221932434796,0.988027377629234,0.0218441779831658,0.0215789671807878,0.151192199265534,0.99489623814444,-0.00673095187876354,-0.0175618080876418,0.0991350216096356,0.994246529879325,-0.00449199931570231,-0.0400097438155201,0.0992616752069239
249,1019,0.993525612075298,-0.0196931367045596,0.103200271905661,0.0432289532112177,0.993525612075298,-0.0196931367045596,0.103200271905661,0.0432289532112177,0.997486577518737,-0.017470682937258,0.0525734309414368,0.044173943300411,0.997489287696785,-0.0174684046176686,0.052521984931624,0.0441748443021086,0.993525612075298,-0.0196931367045596,0.103200271905661,0.0432289532112177,0.97618219322151,-0.0243215451675115,0.211687891973632,0.0408047113660521,0.993525612075298,-0.0196931367045596,0.103200271905661,0.0432289532112177,0.993525612075298,-0.0196931367045596,0.103200271905661,0.0432289532112177,0.993528534376127,-0.0197262409927809,0.103158720873241,0.0432458680629411,0.993528534376127,-0.0197262409927809,0.103158720873241,0.0432458680629411,0.993526205679064,-0.0196993246377314,0.103192076030758,0.0432320561879882,0.993525612075298,-0.0196931367045596,0.103200271905661,0.0432289532112177,0.993528534376127,-0.0197262409927809,0.103158720873241,0.0432458680629411,0.993528534376127,-0.0197262409927809,0.103158720873241,0.0432458680629411,0.993526205679064,-0.0196993246377314,0.103192076030758,0.0432320561879882,0.997140772425913,-0.027223397485613,0.0565386199595669,0.0421016751241707,0.970130543856149,-0.0687681815720997,0.110271184167164,0.204836351810444,0.991495384192391,-0.0423148660840387,0.037716825932453,0.117148607653087,0.992180178420666,-0.036871951011338,-0.00800933095635186,0.118973960997289,0.997076134907249,0.0184413307243078,-0.0287889073663019,0.0683395736904539,0.988128421712636,0.0195348670608847,0.0233615084355636,0.150581709036072,0.994879477525346,-0.00769569158339685,-0.0178746337803027,0.0991771092398341,0.994421604565906,-0.00597947810471406,-0.035076341121224,0.0992953599505635
250,1020,0.993404077730929,-0.0194999914412313,0.104419897136673,0.0431807105467328,0.993404077730929,-0.0194999914412314,0.104419897136673,0.0431807105467328,0.997427184660855,-0.0172802390891988,0.0537976567332799,0.0441159468508718,0.997429957979126,-0.0172779637610627,0.0537462137850595,0.0441168380303963,0.993404077730929,-0.0194999914412313,0.104419897136673,0.0431807105467328,0.975927451241605,-0.024124270057591,0.212886792647022,0.0407779722855028,0.993404077730929,-0.0194999914412313,0.104419897136673,0.0431807105467328,0.993404077730929,-0.0194999914412313,0.104419897136673,0.0431807105467328,0.993410339765014,-0.0195113046914107,0.104356842426532,0.0431839701273706,0.993410339765014,-0.0195113046914107,0.104356842426532,0.0431839701273706,0.993405306705548,-0.0195019849247614,0.104407619731239,0.0431812243377532,0.993404077730929,-0.0194999914412313,0.104419897136673,0.0431807105467328,0.993410339765014,-0.0195113046914107,0.104356842426532,0.0431839701273706,0.993410339765014,-0.0195113046914107,0.104356842426532,0.0431839701273706,0.993405306705548,-0.0195019849247614,0.104407619731239,0.0431812243377532,0.997026049051495,-0.0279076836454515,0.0576538510597134,0.0428515129755651,0.969984818321343,-0.0713426835450984,0.111462459185814,0.203999494908558,0.991323087666307,-0.0431981551246394,0.0416889060970443,0.116937976560218,0.992151516555642,-0.0370805195952536,-0.00973638681281095,0.119019351513594,0.997090327855042,0.0175167433770853,-0.0286858616790745,0.0684190261485514,0.988149670573152,0.0173259280637756,0.0249389531520333,0.150459593840277,0.994848764433014,-0.00861908144281464,-0.0182300769528673,0.0993444091807877,0.994522949015102,-0.00731173387294404,-0.0313129954157544,0.0994491767093568
251,1021,0.993252208664028,-0.0196284560941604,0.105803694348814,0.0432475659145337,0.993252208664028,-0.0196284560941604,0.105803694348814,0.0432475659145337,0.997345839915782,-0.0174051399690785,0.0551873840339616,0.0441892447189258,0.99734868491014,-0.0174028608603969,0.0551359452792945,0.044190142340187,0.993252208664028,-0.0196284560941604,0.105803694348814,0.0432475659145337,0.975624528186153,-0.0242592999000283,0.21424554080628,0.040830314896322,0.993252208664028,-0.0196284560941604,0.105803694348814,0.0432475659145337,0.993252208664028,-0.0196284560941604,0.105803694348814,0.0432475659145337,0.99326016561324,-0.0196225995177668,0.105731357094821,0.0432443883181551,0.99326016561324,-0.0196225995177668,0.105731357094821,0.0432443883181551,0.993253749443045,-0.0196271915756744,0.105789734641719,0.043246902925168,0.993252208664028,-0.0196284560941604,0.105803694348814,0.0432475659145337,0.99326016561324,-0.0196225995177668,0.105731357094821,0.0432443883181551,0.99326016561324,-0.0196225995177668,0.105731357094821,0.0432443883181551,0.993253749443045,-0.0196271915756744,0.105789734641719,0.043246902925168,0.99693171448968,-0.02880578703369,0.0587728524795617,0.0429317492009518,0.969813656173981,-0.0739416231381668,0.112687513209858,0.203213269824407,0.991170925187889,-0.0440112204934108,0.0458775030441568,0.116354906416954,0.992165327426426,-0.0372096387438143,-0.0115113542293926,0.118705073864484,0.997116091988113,0.0162547013336008,-0.02783285884427,0.0687067373076654,0.98813517724706,0.0153032867111464,0.0263888608634641,0.150526771456398,0.994855810004248,-0.00928925310293782,-0.0182075431331441,0.099217500727621,0.994559977913576,-0.00807922093318175,-0.0303322873964534,0.0993233550730076
252,1022,0.993091468713172,-0.0199434032941563,0.107190380637897,0.0433799231542011,0.993091468713172,-0.0199434032941563,0.107190380637897,0.0433799231542011,0.997255782580761,-0.0177129534345664,0.0565804475187104,0.0443374373238084,0.997258699423284,-0.0177106666823573,0.056529013406949,0.0443383508205278,0.993091468713172,-0.0199434032941563,0.107190380637897,0.0433799231542011,0.975312470618401,-0.0245868778939044,0.215606186340774,0.0409272831158873,0.993091468713172,-0.0199434032941563,0.107190380637897,0.0433799231542011,0.993091468713172,-0.0199434032941563,0.107190380637897,0.0433799231542011,0.993099957301753,-0.0199273641784828,0.107117435233635,0.043373148757303,0.993099957301753,-0.0199273641784828,0.107117435233635,0.043373148757303,0.993093101872881,-0.0199402413837489,0.107176375290357,0.04337859340363,0.993091468713172,-0.0199434032941563,0.107190380637897,0.0433799231542011,0.993099957301753,-0.0199273641784828,0.107117435233635,0.043373148757303,0.993099957301753,-0.0199273641784828,0.107117435233635,0.043373148757303,0.993093101872881,-0.0199402413837489,0.107176375290357,0.04337859340363,0.996846967505371,-0.0298790531015612,0.0597756444445385,0.042781279694987,0.969624438013775,-0.0766362792682519,0.113967629799095,0.202402345007084,0.990969522781073,-0.0450003883041668,0.0503941184537416,0.115822289723514,0.992156724423344,-0.0374384945775934,-0.0136086897685969,0.118482896943343,0.997136646364932,0.0146767022494807,-0.0261352524255259,0.0694265904955136,0.988114077880749,0.0134401371039657,0.0277628753773687,0.150595997819614,0.994867944270896,-0.00981958940490184,-0.0180633838176423,0.0990710012626157,0.994565224657734,-0.00858303688127641,-0.0304717290985156,0.0991857807609171
253,1023,0.992945654047764,-0.0203106355531808,0.108391136534923,0.0435633758075746,0.992945654047764,-0.0203106355531808,0.108391136534923,0.0435633758075746,0.997171181792176,-0.0180703875934515,0.0577870623484967,0.0445393165702904,0.997174160866661,-0.0180680904287295,0.0577356325984645,0.0445402485016121,0.992945654047764,-0.0203106355531808,0.108391136534922,0.0435633758075746,0.975035667469875,-0.0249720361298031,0.216783665282351,0.0410692955851195,0.992945654047764,-0.0203106355531808,0.108391136534922,0.0435633758075746,0.992945654047764,-0.0203106355531808,0.108391136534922,0.0435633758075746,0.992953412350041,-0.0202914728609872,0.108327456159403,0.0435538663447227,0.992953412350041,-0.0202914728609872,0.108327456159403,0.0435538663447227,0.992947136728332,-0.0203069317782259,0.108378989814429,0.0435615283428625,0.992945654047764,-0.0203106355531808,0.108391136534922,0.0435633758075746,0.992953412350041,-0.0202914728609872,0.108327456159403,0.0435538663447227,0.992953412350041,-0.0202914728609872,0.108327456159403,0.0435538663447227,0.992947136728332,-0.0203069317782259,0.108378989814429,0.0435615283428625,0.996775367314023,-0.0310072162432048,0.0606374664246808,0.0424325031365852,0.969418209922587,-0.0794384903067029,0.115360040680193,0.201519035186613,0.990723284297437,-0.0460944604510955,0.0552279700913146,0.115293304169041,0.992135387071003,-0.0377252226190327,-0.0158154497557923,0.118296461691959,0.997134933655601,0.0127040341377799,-0.0238779667720463,0.0706425813734163,0.988104852391977,0.0117056091698538,0.0291091386256674,0.150547126979774,0.994873362316407,-0.0103476577617469,-0.0179699536272653,0.0989797943962677,0.994554000222241,-0.00905465522989555,-0.0309558867108788,0.0991064424674268
254,1024,0.992828085188845,-0.0206364062951363,0.109309806192754,0.0437938153804343,0.992828085188845,-0.0206364062951363,0.109309806192754,0.0437938153804343,0.997100453974502,-0.0183840258222996,0.0587105199558691,0.0447860148363138,0.997103480676934,-0.0183817159335565,0.0586590938524362,0.0447869629433782,0.992828085188845,-0.0206364062951363,0.109309806192754,0.0437938153804343,0.974817918801748,-0.0253211438818509,0.217683866312308,0.0412625641819326,0.992828085188845,-0.0206364062951363,0.109309806192754,0.0437938153804343,0.992828085188845,-0.0206364062951363,0.109309806192754,0.0437938153804343,0.99283437883623,-0.0206191601873072,0.109260691686042,0.043781819130024,0.99283437883623,-0.0206191601873072,0.109260691686042,0.043781819130024,0.992829280830777,-0.0206331116559477,0.109300498591758,0.0437914927357781,0.992828085188845,-0.0206364062951363,0.109309806192754,0.0437938153804343,0.99283437883623,-0.0206191601873072,0.109260691686042,0.043781819130024,0.99283437883623,-0.0206191601873072,0.109260691686042,0.043781819130024,0.992829280830777,-0.0206331116559477,0.109300498591758,0.0437914927357781,0.996715106263861,-0.0321638619737201,0.0613672022704929,0.0419350618677016,0.969189841028095,-0.0823642591259649,0.116892046860761,0.200557797772283,0.990428612819819,-0.0472314086328764,0.0604664713008193,0.114735185513386,0.992104242947364,-0.0379822307424792,-0.0182812026300833,0.118119934405933,0.997104345130213,0.0102737678171868,-0.0213688874763129,0.0722547248649649,0.988114913756488,0.00996995194088327,0.0303939553673611,0.150352002804855,0.994884554161037,-0.0107151650512185,-0.0177824147601557,0.0988619990442192,0.994538689644266,-0.00933189817076546,-0.0316904588728525,0.0990021479242976
255,1025,0.992730301814936,-0.0210036272938141,0.110006611201397,0.0440901461883869,0.992730301814936,-0.0210036272938141,0.110006611201397,0.0440901461883869,0.997038210352491,-0.0187357119831171,0.0594113940813746,0.0451006257927366,0.997041273202989,-0.0187333858676665,0.0593599711872599,0.0451015920377972,0.992730301814936,-0.0210036272938141,0.110006611201397,0.0440901461883869,0.974644201758108,-0.0257186875314419,0.21836571761357,0.0415167732617894,0.992730301814936,-0.0210036272938141,0.110006611201397,0.0440901461883869,0.992730301814936,-0.0210036272938141,0.110006611201397,0.0440901461883869,0.992735524766911,-0.0209844043400112,0.109969317337142,0.0440747306816903,0.992735524766911,-0.0209844043400112,0.109969317337142,0.0440747306816903,0.992731295216366,-0.0209999222133844,0.109999550474596,0.0440871598138771,0.992730301814936,-0.0210036272938141,0.110006611201397,0.0440901461883869,0.992735524766911,-0.0209844043400112,0.109969317337142,0.0440747306816903,0.992735524766911,-0.0209844043400112,0.109969317337142,0.0440747306816903,0.992731295216366,-0.0209999222133844,0.109999550474596,0.0440871598138771,0.996665773039732,-0.0332484770418135,0.0619554879905243,0.041393153218483,0.968923337372597,-0.0854522633357225,0.118568987875828,0.199566710900522,0.990084643241954,-0.0483978921463789,0.0660488120901501,0.11413850215296,0.992066429714382,-0.038224949982122,-0.0208385555119465,0.117935604618783,0.997042526733501,0.00748452585623302,-0.0189465188556605,0.0741027069737392,0.988126471712697,0.00821223313506723,0.0316501896710613,0.150122951680739,0.994894515390191,-0.0109675589919979,-0.0174685690907502,0.0987900045054973,0.994513932299465,-0.00946430745519696,-0.0325927311193169,0.0989453345278726
256,1026,0.992633783471475,-0.0214644077447564,0.110641070107471,0.0444522745958517,0.992633783471475,-0.0214644077447564,0.110641070107471,0.0444522745958517,0.996974061540082,-0.0191774926895657,0.0600499383820991,0.0454857042456178,0.996977157323953,-0.0191751467128864,0.0599985187956467,0.0454866932752585,0.992633783471475,-0.0214644077447564,0.110641070107471,0.0444522745958517,0.974478589122556,-0.0262164507912004,0.218985738862453,0.0418261069726879,0.992633783471475,-0.0214644077447564,0.110641070107471,0.0444522745958517,0.992633783471475,-0.0214644077447564,0.110641070107471,0.0444522745958517,0.992638890211415,-0.0214404079966238,0.110607484657252,0.0444333982785893,0.992638890211415,-0.0214404079966238,0.110607484657252,0.0444333982785893,0.992634762373022,-0.0214597629706701,0.110634655332089,0.0444486236170178,0.992633783471475,-0.0214644077447564,0.110641070107471,0.0444522745958517,0.992638890211415,-0.0214404079966238,0.110607484657252,0.0444333982785893,0.992638890211415,-0.0214404079966238,0.110607484657252,0.0444333982785893,0.992634762373022,-0.0214597629706701,0.110634655332089,0.0444486236170178,0.996622612800901,-0.0342487583678728,0.0624218825911197,0.04091330807874,0.968573818446872,-0.0887397547080275,0.12049092548893,0.198675491765908,0.989670611930617,-0.0497232264927065,0.0719813932665905,0.113570945454524,0.992003200991175,-0.0385573354401326,-0.0236408612149309,0.117830771821441,0.996960032365627,0.00450870515306437,-0.0167851475406456,0.0759514599294155,0.988134784969919,0.00644105214663917,0.0328637054700808,0.149893750511724,0.99490707468628,-0.0111412414389691,-0.0170370859091506,0.0987194164392889,0.994484454604673,-0.0094929658951404,-0.0336306275102075,0.0988915266412085
257,1027,0.992540798453552,-0.0219901130144008,0.111220140647949,0.044824977959286,0.992540798453552,-0.0219901130144008,0.111220140647949,0.044824977959286,0.996910626510777,-0.0196835768665076,0.0606329863230652,0.0458846436313598,0.996913752365763,-0.0196812103136285,0.0605815700075353,0.0458856587620503,0.992540798453552,-0.0219901130144008,0.111220140647949,0.044824977959286,0.974322571350823,-0.0267799075228659,0.219551094820511,0.0421388214417934,0.992540798453552,-0.0219901130144008,0.111220140647949,0.044824977959286,0.992540798453552,-0.0219901130144008,0.111220140647949,0.044824977959286,0.992545722854628,-0.0219626281986247,0.111189510064243,0.0448053998672845,0.992545722854628,-0.0219626281986247,0.111189510064243,0.0448053998672845,0.992541741898223,-0.021984809597588,0.111214286220448,0.0448212145872345,0.992540798453552,-0.0219901130144008,0.111220140647949,0.044824977959286,0.992545722854628,-0.0219626281986247,0.111189510064243,0.0448053998672845,0.992545722854628,-0.0219626281986247,0.111189510064243,0.0448053998672845,0.992541741898223,-0.021984809597588,0.111214286220448,0.0448212145872345,0.996581344132717,-0.0351356695628446,0.0627559474551047,0.0406546468439923,0.968079378044035,-0.0922260060662014,0.122716507871248,0.198134651958805,0.989168848824879,-0.0512334777753253,0.0783404564718633,0.113061452977086,0.991908208724363,-0.0389960262174346,-0.0266522807838371,0.11784341871099,0.996873464658304,0.00161901225457572,-0.0149579452708267,0.0775688992621677,0.988154469181774,0.0047120122302599,0.0341043323703427,0.149550782312902,0.994920445752481,-0.0113125048741569,-0.0165589036852506,0.0986465233340761,0.994452267289203,-0.00950952656789636,-0.0347214451158925,0.0988366239654244
258,1028,0.992472032925936,-0.0224648482802031,0.11159881859959,0.0451696594937676,0.992472032925936,-0.0224648482802031,0.11159881859959,0.0451696594937676,0.996861195216589,-0.0201401810480706,0.0610146697468632,0.0462530069766971,0.99686434075718,-0.0201377954960344,0.0609632559802728,0.0462540456565191,0.992472032925936,-0.0224648482802031,0.11159881859959,0.0451696594937676,0.974212634264467,-0.0272896251210705,0.219919930184719,0.0424292812546582,0.992472032925936,-0.0224648482802031,0.11159881859959,0.0451696594937676,0.992472032925936,-0.0224648482802031,0.11159881859959,0.0451696594937676,0.992475730572474,-0.0224397375714433,0.111578354649554,0.0451514471092299,0.992475730572474,-0.0224397375714433,0.111578354649554,0.0451514471092299,0.992472732494564,-0.0224600479490826,0.11159497355421,0.0451661751572273,0.992472032925936,-0.0224648482802031,0.11159881859959,0.0451696594937676,0.992475730572474,-0.0224397375714433,0.111578354649554,0.0451514471092299,0.992475730572474,-0.0224397375714433,0.111578354649554,0.0451514471092299,0.992472732494564,-0.0224600479490826,0.11159497355421,0.0451661751572273,0.996542092705112,-0.0359242104728019,0.0628635837684116,0.0407612365442101,0.967433313793765,-0.0959546542355489,0.125272232080455,0.197920073671497,0.988561121573123,-0.0529654386339994,0.0851724582754347,0.112637576215559,0.991772696829603,-0.0395621292974476,-0.0299057947215787,0.118014402472155,0.996796933419868,-0.000904047815630061,-0.0134536757371645,0.0788292764869404,0.98820488311174,0.00304305470434162,0.0353860087923108,0.148962005873746,0.994931740885768,-0.0115482734218766,-0.0161088892440155,0.0985797750368449,0.994420693547662,-0.00960229039311393,-0.0357232358395152,0.0987883124896244
259,1029,0.992443637036054,-0.0228025284242504,0.111664109540015,0.0454620571987856,0.992443637036054,-0.0228025284242504,0.111664109540015,0.0454620571987856,0.996836154272823,-0.0204625644200857,0.0610813194625342,0.0465621885722552,0.996839303250945,-0.0204601629214033,0.0610299069873562,0.0465632438787724,0.992443637036054,-0.0228025284242504,0.111664109540015,0.0454620571987856,0.974177239696238,-0.0276573746588365,0.219981707672557,0.0426828252844766,0.992443637036054,-0.0228025284242504,0.111664109540015,0.0454620571987856,0.992443637036054,-0.0228025284242504,0.111664109540015,0.0454620571987856,0.992445247286892,-0.0227843890089649,0.111659822422473,0.0454465269490301,0.992445247286892,-0.0227843890089649,0.111659822422473,0.0454465269490301,0.992443929024581,-0.0227991036431344,0.111663418296465,0.0454590984256288,0.992443637036054,-0.0228025284242504,0.111664109540015,0.0454620571987856,0.992445247286892,-0.0227843890089649,0.111659822422473,0.0454465269490301,0.992445247286892,-0.0227843890089649,0.111659822422473,0.0454465269490301,0.992443929024581,-0.0227991036431344,0.111663418296465,0.0454590984256288,0.996514456511619,-0.0364589127299635,0.0625460388539874,0.0414448871343316,0.966714593472914,-0.0999750148830695,0.128116928440031,0.197620706943173,0.987857534816569,-0.0546575565977767,0.0924978990260321,0.11222379911883,0.991619035393148,-0.0400092352826179,-0.0333175488903304,0.118240816446787,0.996739243139537,-0.00287000675356494,-0.0121859590104391,0.0797129014015456,0.988263585499914,0.0014186117469645,0.0367056842012781,0.148275978711597,0.994940790012017,-0.0118866508056836,-0.0156738906040738,0.0985183285293659,0.994390360995434,-0.00981010150122442,-0.0366149755670195,0.0987467236526457
260,1030,0.992456702468136,-0.0229698660384706,0.111394564063345,0.0457529242495595,0.992456702468136,-0.0229698660384706,0.111394564063345,0.0457529242495595,0.996835503840068,-0.0206149031875101,0.0608114583011089,0.0468611842549973,0.996838638899947,-0.020612486267752,0.0607600458598363,0.0468622474180758,0.992456702468136,-0.0229698660384706,0.111394564063345,0.0457529242495595,0.974219828362843,-0.0278556439386413,0.219715227513849,0.0429535554287984,0.992456702468136,-0.0229698660384706,0.111394564063345,0.0457529242495595,0.992456702468136,-0.0229698660384706,0.111394564063345,0.0457529242495595,0.992456134394332,-0.0229605922951271,0.111407827507621,0.0457376046000212,0.992456134394332,-0.0229605922951271,0.111407827507621,0.0457376046000212,0.992456575656978,-0.0229681584358326,0.111397252709391,0.0457499860337921,0.992456702468136,-0.0229698660384706,0.111394564063345,0.0457529242495595,0.992456134394332,-0.0229605922951271,0.111407827507621,0.0457376046000212,0.992456134394332,-0.0229605922951271,0.111407827507621,0.0457376046000212,0.992456575656978,-0.0229681584358326,0.111397252709391,0.0457499860337921,0.996502314485751,-0.0367084879311923,0.0617373093752128,0.0427098205270887,0.965975197686707,-0.104293431784573,0.131075707446691,0.197063331084386,0.987069187618424,-0.0562113817936417,0.100290747656843,0.11169809911357,0.991464213290667,-0.0402558722399552,-0.0369124501379051,0.118387708563583,0.99670337204768,-0.00421783611502142,-0.0111148128036299,0.0802562081313989,0.988292888417596,-0.000219753302384511,0.0380445367177859,0.147748880326114,0.994945047576612,-0.0122188139542709,-0.0152960254461284,0.0984940835475854,0.994363217803568,-0.0100370256028442,-0.0373015706238656,0.0987402755990465
261,1031,0.99248473901276,-0.0231210241386778,0.11095688044667,0.0461305945235509,0.99248473901276,-0.0231210241386778,0.11095688044667,0.0461305945235509,0.996841259968707,-0.0207466717911447,0.06037291541481,0.0472460487015381,0.996844372410479,-0.0207442350216077,0.060321502677245,0.0472471186601457,0.99248473901276,-0.0231210241386778,0.11095688044667,0.0461305945235509,0.974295763001904,-0.0280473645529683,0.219283270424856,0.0433123406196258,0.99248473901276,-0.0231210241386778,0.11095688044667,0.0461305945235509,0.99248473901276,-0.0231210241386778,0.11095688044667,0.0461305945235509,0.99248331784148,-0.0231130027570442,0.11097942881401,0.0461109454472144,0.99248331784148,-0.0231130027570442,0.11097942881401,0.0461109454472144,0.992484459162294,-0.0231194955230964,0.11096128436891,0.0461267885213018,0.99248473901276,-0.0231210241386778,0.11095688044667,0.0461305945235509,0.99248331784148,-0.0231130027570442,0.11097942881401,0.0461109454472144,0.99248331784148,-0.0231130027570442,0.11097942881401,0.0461109454472144,0.992484459162294,-0.0231194955230964,0.11096128436891,0.0461267885213018,0.99651104550154,-0.0367293323312993,0.0604352662614012,0.0443200962525818,0.965238462413389,-0.108816729273391,0.13405128890549,0.196224060835706,0.986150540482631,-0.0579139413592615,0.108467008988389,0.111301369547572,0.991259175867882,-0.0405515304583718,-0.0407826775825008,0.118733284484229,0.996683149600686,-0.00502518555074792,-0.0101542856916564,0.0805874512212046,0.988268511501272,-0.00183415632255739,0.0394044389188879,0.147544146746429,0.994947562954599,-0.01258297061615,-0.0149310764241861,0.09847882400798,0.994343840108111,-0.0103221846806964,-0.0377348341924762,0.0987413916801822
262,1032,0.992497355109336,-0.0234588269010475,0.110534601450448,0.0466988803247968,0.992497355109336,-0.0234588269010475,0.110534601450448,0.0466988803247968,0.996832398478764,-0.0210551562947242,0.0599505409476134,0.0478307680951053,0.996835489136344,-0.0210526893675403,0.0598991286676465,0.0478318539631997,0.992497355109336,-0.0234588269010475,0.110534601450448,0.0466988803247968,0.97435467868852,-0.0284455347972939,0.218864931258133,0.0438400904795936,0.992497355109336,-0.0234588269010475,0.110534601450448,0.0466988803247968,0.992497355109336,-0.0234588269010475,0.110534601450448,0.0466988803247968,0.992496668881762,-0.023441536061513,0.110556844562451,0.0466694843133744,0.992496668881762,-0.023441536061513,0.110556844562451,0.0466694843133744,0.992497229218718,-0.0234554336594509,0.110538868621856,0.0466931595505623,0.992497355109336,-0.0234588269010475,0.110534601450448,0.0466988803247968,0.992496668881762,-0.023441536061513,0.110556844562451,0.0466694843133744,0.992496668881762,-0.023441536061513,0.110556844562451,0.0466694843133744,0.992497229218718,-0.0234554336594509,0.110538868621856,0.0466931595505623,0.996525808317896,-0.0367281548190063,0.0587371741122987,0.0462309460995151,0.964473571826253,-0.113392496968222,0.136985731885001,0.195365759896539,0.985048281176879,-0.0600908965528784,0.117015454854399,0.111249050455123,0.990957708830899,-0.0411798859978415,-0.0448949020816438,0.119546995214853,0.996668500535521,-0.00548593362056498,-0.00927589062457777,0.0808440624023017,0.98818355391357,-0.00343831465335386,0.0408231482131703,0.147698721514632,0.994950387746317,-0.0128854409935501,-0.0145578237423785,0.0984670559209694,0.994332666547661,-0.0105657111736038,-0.0379572462762602,0.098742905764098
263,1033,0.992466652927056,-0.0240733534958877,0.110324745411611,0.0475275396911247,0.992466652927056,-0.0240733534958877,0.110324745411611,0.0475275396911247,0.996791070560154,-0.0216267741800338,0.0597425164678613,0.0486895883757012,0.996794150488807,-0.0216242629579432,0.0596911063196822,0.0486907037241723,0.992466652927056,-0.0240733534958877,0.110324745411611,0.0475275396911247,0.974347209216582,-0.0291473499982664,0.218652972799888,0.0445962483366926,0.992466652927056,-0.0240733534958877,0.110324745411611,0.0475275396911247,0.992466652927056,-0.0240733534958877,0.110324745411611,0.0475275396911247,0.992468181779946,-0.0240417632984188,0.110336353490088,0.0474846382572472,0.992468181779946,-0.0240417632984188,0.110336353490088,0.0474846382572472,0.992466964215842,-0.0240671744303996,0.110326887258376,0.0475191961527767,0.992466652927056,-0.0240733534958877,0.110324745411611,0.0475275396911247,0.992468181779946,-0.0240417632984188,0.110336353490088,0.0474846382572472,0.992468181779946,-0.0240417632984188,0.110336353490088,0.0474846382572472,0.992466964215842,-0.0240671744303996,0.110326887258376,0.0475191961527767,0.996534620906929,-0.0368742966079142,0.0567096142959839,0.0484051157415837,0.963615644091208,-0.118007774940991,0.139972018974339,0.194748271931767,0.983761245770633,-0.0625739235741482,0.126010688663172,0.111443356692906,0.990718043781999,-0.0423253259341822,-0.0462886601914896,0.120597199167356,0.996650814585828,-0.00584097610764576,-0.00842999323428281,0.0811293534892574,0.988059519688593,-0.00500061512396876,0.0423243965676392,0.148060882262378,0.994953302748107,-0.0131733957597437,-0.0141570195193531,0.0984579392081865,0.994346746771012,-0.0108583734778127,-0.037510572335542,0.0987400621550447
264,1034,0.992386096345699,-0.0249996200791406,0.110372209791092,0.0486089506312932,0.992386096345699,-0.0249996200791406,0.110372209791092,0.0486089506312932,0.996713030341387,-0.0224968837204648,0.0597940135976281,0.0498166770112656,0.996716112926137,-0.0224943143669769,0.0597426074743493,0.049817837234634,0.992386096345699,-0.0249996200791406,0.110372209791092,0.0486089506312932,0.974261927232518,-0.0301867774359482,0.218691303118352,0.0455693927281174,0.992386096345699,-0.0249996200791406,0.110372209791092,0.0486089506312932,0.992386096345699,-0.0249996200791406,0.110372209791092,0.0486089506312932,0.992390252225781,-0.0249517285227214,0.110370422715055,0.0485527375199298,0.992390252225781,-0.0249517285227214,0.110370422715055,0.0485527375199298,0.992386915171618,-0.0249902958750593,0.110371757694141,0.048598053579773,0.992386096345699,-0.0249996200791406,0.110372209791092,0.0486089506312932,0.992390252225781,-0.0249517285227214,0.110370422715055,0.0485527375199298,0.992390252225781,-0.0249517285227214,0.110370422715055,0.0485527375199298,0.992386915171618,-0.0249902958750593,0.110371757694141,0.048598053579773,0.99653487842323,-0.0372079682340176,0.0543434779255494,0.050799503864214,0.962642122922771,-0.122647205111524,0.143129621819579,0.194400919778833,0.982329974285274,-0.0650034348416192,0.135387094295276,0.111681286605085,0.990491591376954,-0.043401842355776,-0.0472043545933281,0.121714569378938,0.996615540827841,-0.00633826590910951,-0.00759347631988315,0.0816065517166056,0.987929187031034,-0.00652604416178,0.0438645662292921,0.148422478045999,0.994954959824713,-0.0134664154915873,-0.0137254652642808,0.0984626587965877,0.994375732381984,-0.0111972913269688,-0.036615069661376,0.09874644393812
265,1035,0.992271842975609,-0.0261298114765542,0.11058490622041,0.0498477793508543,0.992271842975609,-0.0261298114765542,0.11058490622041,0.0498477793508543,0.996609734389387,-0.0235626541749165,0.0600122418036917,0.0511113439682915,0.996612828229519,-0.0235600180468234,0.0599608410076704,0.0511125591576578,0.992271842975609,-0.0261298114765542,0.11058490622041,0.0498477793508543,0.974125006023452,-0.0314461842581117,0.218890165347368,0.0466766070919536,0.992271842975609,-0.0261298114765542,0.11058490622041,0.0498477793508543,0.992271842975609,-0.0261298114765542,0.11058490622041,0.0498477793508543,0.992277837087274,-0.0260709092376054,0.110574190247145,0.0497830309253522,0.992277837087274,-0.0260709092376054,0.110574190247145,0.0497830309253522,0.992273008035444,-0.0261184166925452,0.110582776331949,0.0498352828073137,0.992271842975609,-0.0261298114765542,0.11058490622041,0.0498477793508543,0.992277837087274,-0.0260709092376054,0.110574190247145,0.0497830309253522,0.992277837087274,-0.0260709092376054,0.110574190247145,0.0497830309253522,0.992273008035444,-0.0261184166925452,0.110582776331949,0.0498352828073137,0.996533597750856,-0.0376178836611584,0.0516348473248341,0.0532872022565645,0.961544786640365,-0.12735132179143,0.146538987929777,0.194266798859783,0.980687561824435,-0.0677966666424045,0.145099262344213,0.112257392372134,0.990184222124167,-0.0446768208632405,-0.0483435218653577,0.123296763248539,0.996551496019204,-0.00716415042971514,-0.00681907594240201,0.0823850164398791,0.98780597903241,-0.00801808384414778,0.0454092949556452,0.148704586516088,0.994957512411376,-0.0137589119220793,-0.013196322498118,0.0984687661718923,0.994400607151388,-0.0115174495001899,-0.035805403618126,0.0987560323509653
266,1036,0.992143074313914,-0.0273860333721668,0.110846749626855,0.0511382768993603,0.992143074313914,-0.0273860333721668,0.110846749626855,0.0511382768993603,0.996494439677112,-0.0247516663183497,0.0602802911779781,0.0524640181701913,0.996497547342198,-0.0247489604237307,0.0602288963279909,0.0524652946817388,0.992143074313914,-0.0273860333721668,0.110846749626855,0.0511382768993603,0.97396825985989,-0.0328365336620766,0.219136283160504,0.0478213367144457,0.992143074313914,-0.0273860333721668,0.110846749626855,0.0511382768993603,0.992143074313914,-0.0273860333721668,0.110846749626855,0.0511382768993603,0.992149898667968,-0.0273202795051242,0.110833131281499,0.0510705190030527,0.992149898667968,-0.0273202795051242,0.110833131281499,0.0510705190030527,0.992144390306474,-0.0273733576579224,0.110844111753143,0.0511252478095087,0.992143074313914,-0.0273860333721668,0.110846749626855,0.0511382768993603,0.992149898667968,-0.0273202795051242,0.110833131281499,0.0510705190030527,0.992149898667968,-0.0273202795051242,0.110833131281499,0.0510705190030527,0.992144390306474,-0.0273733576579224,0.110844111753143,0.0511252478095087,0.996542270901964,-0.0379884273359767,0.0485312445023835,0.055723424169244,0.960338388514624,-0.132143411385455,0.150217868203945,0.19422381533893,0.978798726425087,-0.0711421797896429,0.155157169844656,0.113217030738328,0.989775817223812,-0.046313788461282,-0.0496439910211738,0.125436592718349,0.996455502690744,-0.00839817562888767,-0.00614409803855373,0.0834754566488602,0.987697429759861,-0.00949160428338198,0.0469342747856921,0.148865276489295,0.994962146448462,-0.014023895186582,-0.0125899776753625,0.0984639525948539,0.994420996669484,-0.0117880227137601,-0.0351434458479139,0.0987565801215581
267,1037,0.992009974573209,-0.0287268638243409,0.111093888547935,0.0524321043767856,0.992009974573209,-0.0287268638243409,0.111093888547935,0.0524321043767856,0.996374072163876,-0.0260250084433875,0.0605338751858439,0.0538243180178066,0.996377192907862,-0.0260222323888335,0.0604824865435426,0.0538256602008922,0.992009974573209,-0.0287268638243409,0.111093888547935,0.0524321043767856,0.973808823704453,-0.0343113455423949,0.21936730978154,0.0489600841669083,0.992009974573209,-0.0287268638243409,0.111093888547935,0.0524321043767856,0.992009974573209,-0.0287268638243409,0.111093888547935,0.0524321043767856,0.992017063137926,-0.0286565372369974,0.111080861018878,0.0523640299451235,0.992017063137926,-0.0286565372369974,0.111080861018878,0.0523640299451235,0.992011336508708,-0.0287133292693116,0.111091392769342,0.0524190367428399,0.992009974573209,-0.0287268638243409,0.111093888547935,0.0524321043767856,0.992017063137926,-0.0286565372369974,0.111080861018878,0.0523640299451235,0.992017063137926,-0.0286565372369974,0.111080861018878,0.0523640299451235,0.992011336508708,-0.0287133292693116,0.111091392769342,0.0524190367428399,0.996566599655953,-0.0382306701190087,0.0450139422658181,0.058027349707813,0.959054624175169,-0.137041580305081,0.154104351697891,0.194128003913613,0.976739966302859,-0.0751083724160042,0.164893835206656,0.114663829216329,0.989284422688595,-0.0485293973527039,-0.0502719572740124,0.128195003530232,0.996327734010369,-0.00994581385195993,-0.00561246540752371,0.0848565110090876,0.987596436126519,-0.0109193770682165,0.0484653621978656,0.148946820112652,0.994965596101148,-0.0143055334197528,-0.0119955059955712,0.0984627956366119,0.99443813797007,-0.0120702303454835,-0.0345430071015869,0.0987617332290589
268,1038,0.991867393695886,-0.0300955199095892,0.111398073172179,0.0537010455934311,0.991867393695886,-0.0300955199095892,0.111398073172179,0.0537010455934311,0.99624713497288,-0.0273274050249408,0.0608449130320085,0.0551611779339337,0.996250271758989,-0.0273245600193409,0.0607935309361517,0.0551625872870887,0.991867393695886,-0.0300955199095892,0.111398073172179,0.0537010455934311,0.973633698837792,-0.0358110816620545,0.219653995800176,0.0500710399996836,0.991867393695886,-0.0300955199095892,0.111398073172179,0.0537010455934311,0.991867393695886,-0.0300955199095892,0.111398073172179,0.0537010455934311,0.991874970960047,-0.0300235735740518,0.111382223087382,0.0536341998445287,0.991874970960047,-0.0300235735740518,0.111382223087382,0.0536341998445287,0.991868851137626,-0.0300816985412831,0.111395008389311,0.0536882264723207,0.991867393695886,-0.0300955199095892,0.111398073172179,0.0537010455934311,0.991874970960047,-0.0300235735740518,0.111382223087382,0.0536341998445287,0.991874970960047,-0.0300235735740518,0.111382223087382,0.0536341998445287,0.991868851137626,-0.0300816985412831,0.111395008389311,0.0536882264723207,0.996608659105541,-0.0383070864802813,0.041106410082342,0.0601166430482427,0.957709000706736,-0.142093310751919,0.158153459429007,0.193882552787766,0.974374144804593,-0.0799161290850259,0.174880739657917,0.116726882700967,0.988757570418248,-0.0516560083355419,-0.0484428953261858,0.131694379666933,0.996167267740803,-0.0115984010030961,-0.00516154336835512,0.0865425343172497,0.987498674464222,-0.0122662730363068,0.0499937756967301,0.148984995448499,0.994966576563493,-0.0145924931223541,-0.0114676667520235,0.09847366797913,0.994717507443,-0.0132476030002855,-0.0250414904827023,0.098663595898065
269,1039,0.991717444817195,-0.0314996242962459,0.111776520872819,0.0548661343272648,0.991717444817195,-0.0314996242962459,0.111776520872819,0.0548661343272648,0.996116613538867,-0.0286704821429761,0.0612304924448452,0.0563961211477474,0.996119770211628,-0.0286675734426884,0.0611791170801931,0.0563975997692293,0.991717444817195,-0.0314996242962459,0.111776520872819,0.0548661343272648,0.973443094751361,-0.037334646281919,0.220013686515342,0.0510748785003558,0.991717444817195,-0.0314996242962459,0.111776520872819,0.0548661343272648,0.991717444817195,-0.0314996242962459,0.111776520872819,0.0548661343272648,0.991725412437887,-0.0314258246127743,0.111756816262223,0.0548045426150121,0.991725412437887,-0.0314258246127743,0.111756816262223,0.0548045426150121,0.991718976389047,-0.0314854455863622,0.111772707719015,0.0548543562103194,0.991717444817195,-0.0314996242962459,0.111776520872819,0.0548661343272648,0.991725412437887,-0.0314258246127743,0.111756816262223,0.0548045426150121,0.991725412437887,-0.0314258246127743,0.111756816262223,0.0548045426150121,0.991718976389047,-0.0314854455863622,0.111772707719015,0.0548543562103194,0.996670091976218,-0.0381720320639634,0.0369198984616318,0.0618752359656724,0.956289912744274,-0.147287730649089,0.162332828092098,0.193556142003844,0.971757240125882,-0.0854634468089715,0.184794122849314,0.119310509523738,0.987843068743954,-0.0546861076213231,-0.0512549813310315,0.136192613810415,0.996005016937915,-0.0131218056783146,-0.00476354034695222,0.0881993941793628,0.987410651843566,-0.0135396450236805,0.0514928947810897,0.148947522388121,0.994962649710042,-0.014896825972346,-0.0110184211911437,0.0985190573055754,0.994695500031913,-0.0134559635912388,-0.0255527325316395,0.0987261724177578
270,1040,0.991574956867798,-0.0328895839589655,0.11212256552259,0.0559098424274545,0.991574956867798,-0.0328895839589655,0.11212256552259,0.0559098424274545,0.995991896587692,-0.0300056016859765,0.0615833314980247,0.057509121717508,0.995995071458495,-0.0300026355802731,0.0615319625652512,0.0575106691970625,0.991574956867798,-0.0328895839589655,0.11212256552259,0.0559098424274545,0.973263465061256,-0.0388308213640474,0.220341989561004,0.0519596239925778,0.991574956867798,-0.0328895839589655,0.11212256552259,0.0559098424274545,0.991574956867798,-0.0328895839589655,0.11212256552259,0.0559098424274545,0.991582562562636,-0.0328163986989266,0.112104287424153,0.0558545820794648,0.991582562562636,-0.0328163986989266,0.112104287424153,0.0558545820794648,0.99157641291169,-0.0328755430933438,0.112119068734677,0.0558992884531861,0.991574956867798,-0.0328895839589655,0.11212256552259,0.0559098424274545,0.991582562562636,-0.0328163986989266,0.112104287424153,0.0558545820794648,0.991582562562636,-0.0328163986989266,0.112104287424153,0.0558545820794648,0.99157641291169,-0.0328755430933438,0.112119068734677,0.0558992884531861,0.996733497177884,-0.0377162725439377,0.0323661388855052,0.0636572968526136,0.954841479337834,-0.152483580660317,0.166619290446587,0.193040200517977,0.968787974954969,-0.0922400207411888,0.194558573264689,0.122835661456774,0.986919293453401,-0.0593054846308817,-0.0489232772571618,0.141702789826293,0.995810233586106,-0.0145857737276569,-0.00444638509547268,0.0901635378051094,0.987344392325182,-0.0147527762726232,0.0529342575505916,0.148766161857576,0.994953207559544,-0.0151294829338531,-0.0106223671462418,0.0986224053110631,0.994824817764874,-0.0142795179798349,-0.0191911926648632,0.0987490529040605
271,1041,0.991486235314649,-0.0340265627851513,0.112173538988926,0.0566951087600417,0.991486235314649,-0.0340265627851513,0.112173538988926,0.0566951087600417,0.995905880289357,-0.0311012019813108,0.0616387481442988,0.0583511573801456,0.995909058018419,-0.03109819244568,0.0615873836477914,0.0583527613647911,0.991486235314649,-0.0340265627851513,0.112173538988926,0.0566951087600417,0.97316968211583,-0.0400471630237504,0.220382911039604,0.0526152740754428,0.991486235314649,-0.0340265627851513,0.112173538988926,0.0566951087600417,0.991486235314649,-0.0340265627851513,0.112173538988926,0.0566951087600417,0.991491103132097,-0.0339660563246721,0.112170082230689,0.0566530853529457,0.991491103132097,-0.0339660563246721,0.112170082230689,0.0566530853529457,0.99148714675584,-0.0340150529161439,0.112172995379663,0.0566871511070206,0.991486235314649,-0.0340265627851513,0.112173538988926,0.0566951087600417,0.991491103132097,-0.0339660563246721,0.112170082230689,0.0566530853529457,0.991491103132097,-0.0339660563246721,0.112170082230689,0.0566530853529457,0.99148714675584,-0.0340150529161439,0.112172995379663,0.0566871511070206,0.996827797487214,-0.0369473805023733,0.0277357917914288,0.0648070913134102,0.953224368303847,-0.157802119652217,0.170904928245369,0.193011140109698,0.965486102421299,-0.0999870179501773,0.204104506115416,0.127202723461973,0.985799871517706,-0.0648303725349175,-0.0449519376774989,0.148239533902721,0.995622293646927,-0.015925664673916,-0.00414195292934774,0.0920079660891279,0.987294167301415,-0.015912919598555,0.0543106249492147,0.148483541916544,0.994948021941862,-0.0153678397957212,-0.0102642742365228,0.098675771131451,0.994891480229433,-0.0149217783821511,-0.0147602255576843,0.0987442091379915
272,1042,0.991478094941364,-0.0347686056743266,0.111778983035138,0.0571645892361507,0.991478094941364,-0.0347686056743266,0.111778983035138,0.0571645892361507,0.995877698108004,-0.0318184257480835,0.061245115789174,0.0588577436365713,0.99588085553529,-0.0318153900840233,0.0611937527467022,0.0588593846117684,0.991478094941364,-0.0347686056743266,0.111778983035138,0.0571645892361507,0.973204922260081,-0.0408362771286511,0.219989847687738,0.053000421444991,0.991478094941364,-0.0347686056743266,0.111778983035138,0.0571645892361507,0.991478094941364,-0.0347686056743266,0.111778983035138,0.0571645892361507,0.991478770284388,-0.0347284790741298,0.11179854080934,0.0571390154750451,0.991478770284388,-0.0347284790741298,0.11179854080934,0.0571390154750451,0.991478190127429,-0.0347610703092419,0.111782923685466,0.0571598151232351,0.991478094941364,-0.0347686056743266,0.111778983035138,0.0571645892361507,0.991478770284388,-0.0347284790741298,0.11179854080934,0.0571390154750451,0.991478770284388,-0.0347284790741298,0.11179854080934,0.0571390154750451,0.991478190127429,-0.0347610703092419,0.111782923685466,0.0571598151232351,0.996902757559335,-0.0361459330903162,0.0230967449041092,0.0659158847809792,0.951510916817189,-0.163179425856873,0.175171960273834,0.193168927337075,0.961987350973216,-0.107337843631331,0.214161219464294,0.131125497023571,0.984702935233384,-0.0699872702756265,-0.0405563891101608,0.154327867361889,0.995431359033346,-0.0171512171930863,-0.00373547257960196,0.0938524983494272,0.987241433526844,-0.0170699797588424,0.0556838487697947,0.148196749981496,0.994942379702036,-0.015629481134247,-0.00992741181239088,0.0987260193010551,0.994926190434221,-0.0154798291156863,-0.0114353845798736,0.098749594723762
273,1043,0.991537102357835,-0.0351210430207592,0.11106235894195,0.0573222418543802,0.991537102357835,-0.0351210430207592,0.11106235894195,0.0573222418543802,0.995900208626898,-0.0321623953366348,0.0605264188831872,0.0590331042745348,0.995903328986951,-0.032159350627792,0.0604750546806784,0.0590347629899266,0.991537102357835,-0.0351210430207592,0.11106235894195,0.0573222418543802,0.973342274484677,-0.0412038965092484,0.219284038696201,0.0531184147592266,0.991537102357835,-0.0351210430207592,0.11106235894195,0.0573222418543802,0.991537102357835,-0.0351210430207592,0.11106235894195,0.0573222418543802,0.991534203016284,-0.0351014154324865,0.11109916997338,0.0573130815322666,0.991534203016284,-0.0351014154324865,0.11109916997338,0.0573130815322666,0.991536516566338,-0.0351174434112191,0.111069564963292,0.0573206177794479,0.991537102357835,-0.0351210430207592,0.11106235894195,0.0573222418543802,0.991534203016284,-0.0351014154324865,0.11109916997338,0.0573130815322666,0.991534203016284,-0.0351014154324865,0.11109916997338,0.0573130815322666,0.991536516566338,-0.0351174434112191,0.111069564963292,0.0573206177794479,0.996981552917369,-0.0349654779092729,0.0179434770642818,0.066956927407786,0.949783360636668,-0.168621940132979,0.179339137834116,0.193172676133102,0.958026635857373,-0.115472745844888,0.22462489762922,0.135626934345318,0.983388237150322,-0.0757918888050334,-0.0349135314958903,0.161196184645396,0.995240787266097,-0.0183804212284257,-0.00318971612085241,0.0956439291774114,0.987194436934858,-0.0181679672187119,0.0569851773470705,0.147884273047308,0.994936190717732,-0.0158682170552485,-0.00960463357752973,0.0987822205734348,0.994936190717732,-0.0158682170552485,-0.00960463357752973,0.0987822205734348
274,1044,0.991639182756254,-0.0351437640021973,0.110197267944139,0.0572119673837003,0.991639182756254,-0.0351437640021973,0.110197267944139,0.0572119673837003,0.995958191002322,-0.0321906913822603,0.0596572578587649,0.0589241270490093,0.995961266534821,-0.0321876522939426,0.059605890666938,0.0589257872239309,0.991639182756254,-0.0351437640021973,0.110197267944139,0.0572119673837003,0.973538744215693,-0.0412143693935477,0.218435391250539,0.0530063120359068,0.991639182756254,-0.0351437640021973,0.110197267944139,0.0572119673837003,0.991639182756254,-0.0351437640021973,0.110197267944139,0.0572119673837003,0.991633953468488,-0.0351416472715854,0.110242365241058,0.0572170242284079,0.991633953468488,-0.0351416472715854,0.110242365241058,0.0572170242284079,0.991638159942281,-0.0351435009326287,0.110205991343091,0.057213054109811,0.991639182756254,-0.0351437640021973,0.110197267944139,0.0572119673837003,0.991633953468488,-0.0351416472715854,0.110242365241058,0.0572170242284079,0.991633953468488,-0.0351416472715854,0.110242365241058,0.0572170242284079,0.991638159942281,-0.0351435009326287,0.110205991343091,0.057213054109811,0.997054446369815,-0.0335442564442208,0.0123308247685529,0.0678613630449138,0.948202648741721,-0.174251182105404,0.183068010792814,0.192443149731071,0.953843748753086,-0.123614147749548,0.234739166630596,0.140709520254982,0.981934769891573,-0.0818218953555327,-0.0269161859064296,0.168477903757918,0.995055596712853,-0.0195450046142222,-0.00253053826926149,0.0973444842871178,0.987124428408446,-0.0192230424705097,0.058214536614661,0.14773931502554,0.994927671031592,-0.0160771845903329,-0.00934663619543193,0.0988589598525707,0.994927671031592,-0.0160771845903329,-0.00934663619543193,0.0988589598525707
275,1045,0.991753494024681,-0.0349775303477059,0.109364233116403,0.0569301675342139,0.991753494024681,-0.0349775303477059,0.109364233116403,0.0569301675342139,0.996030017617154,-0.0320389943298993,0.0588194899746149,0.0586342429560324,0.996033049941201,-0.032035970192721,0.0587681190794036,0.0586358953074774,0.991753494024681,-0.0349775303477059,0.109364233116403,0.0569301675342139,0.973743850332821,-0.0410181931821204,0.217619949302251,0.0527444730068716,0.991753494024681,-0.0349775303477059,0.109364233116403,0.0569301675342139,0.991753494024681,-0.0349775303477059,0.109364233116403,0.0569301675342139,0.991747538068162,-0.0349857369383018,0.109408142052871,0.0569445115806747,0.991747538068162,-0.0349857369383018,0.109408142052871,0.0569445115806747,0.991752344755519,-0.034979190197391,0.109372651148848,0.0569329966340979,0.991753494024681,-0.0349775303477059,0.109364233116403,0.0569301675342139,0.991747538068162,-0.0349857369383018,0.109408142052871,0.0569445115806747,0.991747538068162,-0.0349857369383018,0.109408142052871,0.0569445115806747,0.991752344755519,-0.034979190197391,0.109372651148848,0.0569329966340979,0.997101205454661,-0.0320619667425278,0.0064083619457874,0.0687033424706172,0.946585237312306,-0.179880005029789,0.186768806272629,0.191668947136427,0.949437998343158,-0.131638345415125,0.244576221627753,0.146360189712908,0.980262464392995,-0.0876886473878031,-0.0183177996970762,0.176240347922171,0.994879363136566,-0.0206194766176121,-0.00181177861126511,0.0989272836342965,0.987025857809492,-0.0202239643887209,0.0593872343902607,0.147797509015937,0.994919821445475,-0.0162654033878357,-0.00911614215144526,0.0989286687457752,0.994919821445475,-0.0162654033878357,-0.00911614215144526,0.0989286687457752
276,1046,0.991855767753764,-0.0347738941966335,0.108699219579697,0.0565454853967793,0.991855767753764,-0.0347738941966335,0.108699219579697,0.0565454853967793,0.996098361514176,-0.0318551718533176,0.0581501380257851,0.058239708640683,0.996101359315923,-0.0318521680647164,0.0580987636065885,0.0582413515119035,0.991855767753764,-0.0347738941966335,0.108699219579697,0.0565454853967793,0.973918539138703,-0.0407735418845021,0.216970190315578,0.0523844816577275,0.991855767753764,-0.0347738941966335,0.108699219579697,0.0565454853967793,0.991855767753764,-0.0347738941966335,0.108699219579697,0.0565454853967793,0.991850373191506,-0.0347844869282809,0.108734667562174,0.0565654376731146,0.991850373191506,-0.0347844869282809,0.108734667562174,0.0565654376731146,0.991854736746965,-0.0347759472698726,0.108705954249372,0.0565493606933359,0.991855767753764,-0.0347738941966335,0.108699219579697,0.0565454853967793,0.991850373191506,-0.0347844869282809,0.108734667562174,0.0565654376731146,0.991850373191506,-0.0347844869282809,0.108734667562174,0.0565654376731146,0.991854736746965,-0.0347759472698726,0.108705954249372,0.0565493606933359,0.997100258556166,-0.030848320247461,0.000265968900047634,0.0695656868411527,0.945119718163486,-0.185623774218587,0.189845086517957,0.190397940924817,0.944802284642358,-0.1394176296759,0.254096647747689,0.152794833268411,0.978328230406493,-0.0931611570672645,-0.00950458056583732,0.184674132871543,0.994712712903757,-0.0216431891382943,-0.00108885807024709,0.100384289307019,0.986911825006947,-0.0211810990240171,0.0604883985076296,0.147978256347259,0.994910859277486,-0.0163817350883499,-0.00890582230081693,0.0990187213428762,0.994910859277486,-0.0163817350883499,-0.00890582230081693,0.0990187213428762
277,1047,0.991906352105194,-0.0346298970225174,0.108397593841601,0.0563251323560552,0.991906352105194,-0.0346298970225174,0.108397593841601,0.0563251323560552,0.996133551115367,-0.0317225596634747,0.0578463312542022,0.0580123220627703,0.99613653324806,-0.0317195676026425,0.0577949550204859,0.0580139580947438,0.991906352105194,-0.0346298970225174,0.108397593841601,0.0563251323560552,0.974001942926389,-0.0406062159153344,0.216675944379852,0.0521812756815559,0.991906352105194,-0.0346298970225174,0.108397593841601,0.0563251323560552,0.991906352105194,-0.0346298970225174,0.108397593841601,0.0563251323560552,0.99190355783321,-0.0346376266812341,0.108414448038947,0.0563371478877045,0.99190355783321,-0.0346376266812341,0.108414448038947,0.0563371478877045,0.991905836783141,-0.0346313575540634,0.108400677536639,0.0563273746867103,0.991906352105194,-0.0346298970225174,0.108397593841601,0.0563251323560552,0.99190355783321,-0.0346376266812341,0.108414448038947,0.0563371478877045,0.99190355783321,-0.0346376266812341,0.108414448038947,0.0563371478877045,0.991905836783141,-0.0346313575540634,0.108400677536639,0.0563273746867103,0.997039860938182,-0.0300088228090028,-0.00591918368193177,0.070540410535574,0.9436705105066,-0.191413466363389,0.192559806682812,0.189123169773678,0.940616754847994,-0.145005832722341,0.263027525355071,0.158208564500531,0.976700149250662,-0.0969603101318526,-0.000420771810894731,0.1914558425955,0.994562376566948,-0.0226494937949841,-0.000324364824069643,0.101649271201498,0.986792640009947,-0.0220771590748358,0.0615174095713608,0.148217721575433,0.994903994781804,-0.0165184847910693,-0.00869876920067413,0.0990833600652071,0.994903994781804,-0.0165184847910693,-0.00869876920067413,0.0990833600652071
278,1048,0.991951676259469,-0.0344918605677838,0.108132296929395,0.0561212070555841,0.991951676259469,-0.0344918605677838,0.108132296929395,0.0561212070555842,0.996165333639633,-0.0315950655908226,0.0575790736972685,0.0578016449343339,0.996168301988322,-0.0315920843959532,0.0575276958247058,0.057803274391008,0.991951676259469,-0.0344918605677838,0.108132296929395,0.0561212070555841,0.974076128598052,-0.0404466187522033,0.216417229833089,0.051993743453584,0.991951676259469,-0.0344918605677838,0.108132296929395,0.0561212070555841,0.991951676259469,-0.0344918605677838,0.108132296929395,0.0561212070555841,0.991949273867279,-0.0344991489963536,0.108146404869939,0.0561320042971281,0.991949273867279,-0.0344991489963536,0.108146404869939,0.0561320042971281,0.991951218532938,-0.0344932555609142,0.108134980808373,0.0561232687697491,0.991951676259469,-0.0344918605677838,0.108132296929395,0.0561212070555841,0.991949273867279,-0.0344991489963536,0.108146404869939,0.0561320042971281,0.991949273867279,-0.0344991489963536,0.108146404869939,0.0561320042971281,0.991951218532938,-0.0344932555609142,0.108134980808373,0.0561232687697491,0.996930511207623,-0.0293751332446636,-0.011951177175215,0.0715809104041838,0.942153137844337,-0.197189969712903,0.195033084567223,0.188217099698431,0.936584944553773,-0.149927085873296,0.271265577934046,0.163540505028131,0.975036465882526,-0.100334030747291,0.00895892493542669,0.197880545120829,0.994432301622191,-0.0235556648608792,0.000484189496095813,0.102709754667639,0.986686304689661,-0.0229023650000172,0.0624794334262443,0.148397905018916,0.994898420504858,-0.0166428703993585,-0.00847757353335232,0.0991376744169274,0.994898420504858,-0.0166428703993585,-0.00847757353335232,0.0991376744169274
279,1049,0.991965159169873,-0.034351900191038,0.108046985332231,0.056133046478609,0.991965159169873,-0.034351900191038,0.108046985332231,0.056133046478609,0.996174463375726,-0.0314546843754585,0.0574931871127368,0.0578063559182293,0.996177427294753,-0.0314517029378041,0.057441808769417,0.0578079781346557,0.991965159169873,-0.034351900191038,0.108046985332231,0.0561330464786089,0.974098899119379,-0.0403088052115068,0.216333915003424,0.052020882115988,0.991965159169873,-0.034351900191038,0.108046985332231,0.0561330464786089,0.991965159169873,-0.034351900191038,0.108046985332231,0.0561330464786089,0.99196436565439,-0.0343592626573032,0.108051956390796,0.0561329944119556,0.99196436565439,-0.0343592626573032,0.108051956390796,0.0561329944119556,0.991965019901061,-0.034353313749507,0.108047865301979,0.0561329487093039,0.991965159169873,-0.034351900191038,0.108046985332231,0.0561330464786089,0.99196436565439,-0.0343592626573032,0.108051956390796,0.0561329944119556,0.99196436565439,-0.0343592626573032,0.108051956390796,0.0561329944119556,0.991965019901061,-0.034353313749507,0.108047865301979,0.0561329487093039,0.996785585802524,-0.0287765020380816,-0.0177113205643098,0.0726410214041638,0.940584475266163,-0.202739727734937,0.19722531148956,0.187881942171374,0.932584472848439,-0.154959999510009,0.278293493512274,0.16978318828021,0.973039026783412,-0.103935032548203,0.0188711389601894,0.205027904149506,0.994330172473312,-0.0243426336889131,0.00129547345321402,0.103504908303006,0.986602561914537,-0.0236965024695872,0.0633926227542211,0.148442702665781,0.994892153879718,-0.0168249593594434,-0.00824198743732134,0.0991896795751124,0.994892153879718,-0.0168249593594434,-0.00824198743732134,0.0991896795751124
280,1050,0.991970210901,-0.0341995383882185,0.107989890834196,0.0562465619987234,0.991970210901,-0.0341995383882185,0.107989890834196,0.0562465619987234,0.996176606892234,-0.0312967503248931,0.0574359096561746,0.0579119813315412,0.996179567857141,-0.0312937634397577,0.0573845312023778,0.0579135954022883,0.991970210901,-0.0341995383882185,0.107989890834196,0.0562465619987234,0.97411019057662,-0.0401698316223589,0.216277720655962,0.0521504438147444,0.991970210901,-0.0341995383882185,0.107989890834196,0.0562465619987234,0.991970210901,-0.0341995383882185,0.107989890834196,0.0562465619987234,0.991969919635125,-0.0342075246360831,0.107992994220526,0.0562408836758461,0.991969919635125,-0.0342075246360831,0.107992994220526,0.0562408836758461,0.99197015918713,-0.0342010761486034,0.107990470600229,0.0562454258769426,0.991970210901,-0.0341995383882185,0.107989890834196,0.0562465619987234,0.991969919635125,-0.0342075246360831,0.107992994220526,0.0562408836758461,0.991969919635125,-0.0342075246360831,0.107992994220526,0.0562408836758461,0.99197015918713,-0.0342010761486034,0.107990470600229,0.0562454258769426,0.996619303564998,-0.0279681782825426,-0.0231532694857881,0.0736998702664542,0.93901247113019,-0.207911088311532,0.199016907617193,0.188204221263974,0.929174544726952,-0.158409094846879,0.284417916794159,0.175064767179824,0.971303498392225,-0.106519245035544,0.0287819383136485,0.210700651339741,0.994258928994997,-0.0249845231604149,0.00210578227019245,0.104021735215284,0.986547517827705,-0.0244539125982863,0.0642544057306749,0.148315112415516,0.994889197887498,-0.0169744081797048,-0.00795989370076483,0.0992169012114064,0.994889197887498,-0.0169744081797048,-0.00795989370076483,0.0992169012114064
281,1051,0.991970097142289,-0.0340421299340309,0.107960991254544,0.0563993274109577,0.991970097142289,-0.0340421299340309,0.107960991254544,0.0563993274109577,0.996175024531067,-0.031131781366315,0.0574070532049339,0.0580565494308248,0.996177984007688,-0.0311287870252168,0.0573556748327868,0.0580581549930114,0.991970097142289,-0.0340421299340309,0.107960991254544,0.0563993274109577,0.97411325134157,-0.0400301524450252,0.216248983391601,0.0523195722276271,0.991970097142289,-0.0340421299340309,0.107960991254544,0.0563993274109577,0.991970097142289,-0.0340421299340309,0.107960991254544,0.0563993274109577,0.991970089526977,-0.0340503997124489,0.107962591539995,0.0563914052957727,0.991970089526977,-0.0340503997124489,0.107962591539995,0.0563914052957727,0.991970098007359,-0.0340437194045847,0.107961286074627,0.0563977884095129,0.991970097142289,-0.0340421299340309,0.107960991254544,0.0563993274109577,0.991970089526977,-0.0340503997124489,0.107962591539995,0.0563914052957727,0.991970089526977,-0.0340503997124489,0.107962591539995,0.0563914052957727,0.991970098007359,-0.0340437194045847,0.107961286074627,0.0563977884095129,0.996429865843133,-0.0267606243446543,-0.028244106451788,0.0749243744802807,0.937460229725674,-0.212615262895559,0.200395368545086,0.18922146794753,0.926317383941338,-0.160716226131883,0.289462607416043,0.179771515468689,0.969753343470652,-0.108262405368686,0.0378278959434429,0.215468686123459,0.994215742161423,-0.0255273825104874,0.00292311199897162,0.104282626533929,0.986519653294207,-0.0251667425244179,0.0650435815130042,0.14803695903033,0.994885077792214,-0.0171660239050171,-0.00766027207458211,0.0992488279095417,0.994885077792214,-0.0171660239050171,-0.00766027207458211,0.0992488279095417
282,1052,0.991964645064805,-0.033859334714723,0.10796792113877,0.0565916636891365,0.991964645064805,-0.033859334714723,0.10796792113877,0.0565916636891365,0.996169931693479,-0.0309394473587878,0.0574142512219924,0.0582393470392721,0.996172891541348,-0.0309364435900544,0.0573628731125016,0.0582409426814793,0.991964645064805,-0.033859334714723,0.10796792113877,0.0565916636891365,0.974107071182808,-0.0398695858498886,0.216255272595202,0.0525308201971598,0.991964645064805,-0.033859334714723,0.10796792113877,0.0565916636891365,0.991964645064805,-0.033859334714723,0.10796792113877,0.0565916636891365,0.991964919094134,-0.0338688880263837,0.107967654855421,0.0565816508723855,0.991964919094134,-0.0338688880263837,0.107967654855421,0.0565816508723855,0.991964699946094,-0.0338611785736539,0.107967854826425,0.0565897249563909,0.991964645064805,-0.033859334714723,0.10796792113877,0.0565916636891365,0.991964919094134,-0.0338688880263837,0.107967654855421,0.0565816508723855,0.991964919094134,-0.0338688880263837,0.107967654855421,0.0565816508723855,0.991964699946094,-0.0338611785736539,0.107967854826425,0.0565897249563909,0.996210848276198,-0.0250760652700944,-0.0330207028188537,0.0764510949086928,0.935963912323778,-0.216649630760343,0.201301065071731,0.191082111983203,0.923732336654934,-0.163827240214698,0.292199931663171,0.185737463958381,0.967724616528978,-0.110958733251413,0.0465971716930097,0.221417997618299,0.99418994344376,-0.0260549293552864,0.00370469286492241,0.104373235373639,0.986507472922169,-0.025832702310156,0.0657642384877603,0.147684604127163,0.994882674844343,-0.0173037358113518,-0.00733736934981541,0.0992733953915268,0.994882674844343,-0.0173037358113518,-0.00733736934981541,0.0992733953915268
283,1053,0.991955027313337,-0.0336467176021074,0.108014285741343,0.0567982064698268,0.991955027313337,-0.0336467176021074,0.108014285741343,0.0567982064698268,0.996162682736967,-0.0307166079865061,0.0574610447059888,0.0584348171674076,0.996165644998247,-0.0307135941365855,0.0574096669703049,0.0584364013162869,0.991955027313337,-0.0336467176021074,0.108014285741343,0.0567982064698268,0.974092419712502,-0.0396809379482224,0.216300300496918,0.0527594638632195,0.991955027313337,-0.0336467176021074,0.108014285741343,0.0567982064698268,0.991955027313337,-0.0336467176021074,0.108014285741343,0.0567982064698268,0.991955524223606,-0.0336578262022381,0.108011954449767,0.0567873788226879,0.991955524223606,-0.0336578262022381,0.108011954449767,0.0567873788226879,0.991955124489966,-0.0336488622271297,0.10801382148122,0.0567961216804442,0.991955027313337,-0.0336467176021074,0.108014285741343,0.0567982064698268,0.991955524223606,-0.0336578262022381,0.108011954449767,0.0567873788226879,0.991955524223606,-0.0336578262022381,0.108011954449767,0.0567873788226879,0.991955124489966,-0.0336488622271297,0.10801382148122,0.0567961216804442,0.995950961985751,-0.0229654733635726,-0.037566525386639,0.0783774490731894,0.934578212156751,-0.219627844976421,0.201663086048826,0.194059719669405,0.922161629559938,-0.168528576579819,0.290618535933676,0.191720928474457,0.965252747326467,-0.116444196875558,0.0559315495903732,0.227155331333284,0.994164672060182,-0.0265889353044066,0.00448331044005173,0.104448711214386,0.986506315329148,-0.0264314625562867,0.0664199277082384,0.147292432955922,0.99487540962748,-0.017440089228931,-0.00706783219040003,0.0993418761367567,0.99487540962748,-0.017440089228931,-0.00706783219040003,0.0993418761367567
284,1054,0.991947993002561,-0.033377570170296,0.108037972156983,0.0570343191414223,0.991947993002561,-0.033377570170296,0.108037972156983,0.0570343191414223,0.99615686131996,-0.0304358085327468,0.0574850580130916,0.0586569459600193,0.996159824819747,-0.0304327832267803,0.0574336805776186,0.058658515626211,0.991947993002561,-0.033377570170296,0.108037972156983,0.0570343191414223,0.974082826640284,-0.0394393491206449,0.216323071109106,0.0530237068803995,0.991947993002561,-0.033377570170296,0.108037972156983,0.0570343191414223,0.991947993002561,-0.033377570170296,0.108037972156983,0.0570343191414223,0.991948372867894,-0.0333915830834037,0.108036671631477,0.0570219723151844,0.991948372867894,-0.0333915830834037,0.108036671631477,0.0570219723151844,0.991948064960525,-0.0333802831125625,0.108037730720262,0.0570319372037364,0.991947993002561,-0.033377570170296,0.108037972156983,0.0570343191414223,0.991948372867894,-0.0333915830834037,0.108036671631477,0.0570219723151844,0.991948372867894,-0.0333915830834037,0.108036671631477,0.0570219723151844,0.991948064960525,-0.0333802831125625,0.108037730720262,0.0570319372037364,0.995671475619793,-0.0203629362307806,-0.0418397707180304,0.0804555594811631,0.933393138367733,-0.22128076206036,0.201472972097689,0.198042205360738,0.922139165340055,-0.174900734386738,0.285372596029984,0.193988593200826,0.963060484460664,-0.125567859437092,0.0655184103083614,0.229029591663266,0.994125685389194,-0.0271719813876743,0.0052978659178752,0.104631437406018,0.986506924528309,-0.026953324310644,0.067025895266961,0.146918805909816,0.994872110786865,-0.0175376100349764,-0.00680688221096358,0.0993759617177004,0.994872110786865,-0.0175376100349764,-0.00680688221096358,0.0993759617177004
285,1055,0.99194849273815,-0.0330567006062626,0.107981227220231,0.0573192538991319,0.99194849273815,-0.0330567006062626,0.107981227220231,0.0573192538991319,0.996154476489056,-0.0301008725257905,0.0574283610099589,0.0589252050968967,0.996157437064666,-0.0300978333846513,0.0573769836975604,0.0589267574882158,0.99194849273815,-0.0330567006062626,0.107981227220231,0.0573192538991319,0.974089555246395,-0.0391517128020803,0.216266724295155,0.0533421569416597,0.99194849273815,-0.0330567006062626,0.107981227220231,0.0573192538991319,0.99194849273815,-0.0330567006062626,0.107981227220231,0.0573192538991319,0.991948491541127,-0.0330734448905295,0.107983999963022,0.0573043900965942,0.991948491541127,-0.0330734448905295,0.107983999963022,0.0573043900965942,0.991948489395508,-0.0330599364625917,0.107981792357046,0.057316380786123,0.99194849273815,-0.0330567006062626,0.107981227220231,0.0573192538991319,0.991948491541127,-0.0330734448905295,0.107983999963022,0.0573043900965942,0.991948491541127,-0.0330734448905295,0.107983999963022,0.0573043900965942,0.991948489395508,-0.0330599364625917,0.107981792357046,0.057316380786123,0.995391837150279,-0.0174724471265624,-0.0458218078284381,0.0824024638790332,0.932584803626638,-0.221558461121467,0.200625088850869,0.202353665827265,0.926543552304214,-0.17384236085454,0.276620767185114,0.186485469723327,0.963842318121416,-0.13117741039517,0.0775241185240161,0.218610347073113,0.994071837603652,-0.0277771075408121,0.00608669907567331,0.104940774126772,0.986494972846812,-0.0273811923899682,0.0676193519837975,0.146647748324215,0.994866374209437,-0.0176326357205209,-0.00653030865678287,0.0994351180105202,0.994866374209437,-0.0176326357205209,-0.00653030865678287,0.0994351180105202
286,1056,0.991960980604664,-0.032703246582597,0.107791995962834,0.0576610460114999,0.991960980604664,-0.032703246582597,0.107791995962834,0.0576610460114999,0.996157331008138,-0.0297305045340298,0.0572387396311353,0.0592485920873609,0.996160281803914,-0.0297274487145145,0.0571873621717655,0.0592501253763092,0.991960980604664,-0.032703246582597,0.107791995962834,0.0576610460114999,0.974122749500807,-0.0388379333610874,0.216080009118856,0.0537206989569401,0.991960980604664,-0.032703246582597,0.107791995962834,0.0576610460114999,0.991960980604664,-0.032703246582597,0.107791995962834,0.0576610460114999,0.991960363249139,-0.0327217567329191,0.107801596934598,0.057643213627438,0.991960363249139,-0.0327217567329191,0.107801596934598,0.057643213627438,0.991960857078229,-0.0327068135272476,0.107793894077439,0.0576575994396303,0.991960980604664,-0.032703246582597,0.107791995962834,0.0576610460114999,0.991960363249139,-0.0327217567329191,0.107801596934598,0.057643213627438,0.991960363249139,-0.0327217567329191,0.107801596934598,0.057643213627438,0.991960857078229,-0.0327068135272476,0.107793894077439,0.0576575994396303,0.99509930646876,-0.0148137734304241,-0.0496700773765355,0.0842069224918838,0.932345334965322,-0.220710241608333,0.198818583559103,0.206131842394971,0.932715147694896,-0.168910994512688,0.266616896654208,0.174433252597388,0.966215564081896,-0.133087711799995,0.0864268479520932,0.203089991498377,0.993995035299194,-0.0284072171002772,0.0068454731353798,0.105451597023109,0.9864611980055,-0.027704632093537,0.0681972274105692,0.146546567218842,0.994858927631962,-0.0177154026210016,-0.00627081838008359,0.0995115845407198,0.994858927631962,-0.0177154026210016,-0.00627081838008359,0.0995115845407198
287,1057,0.991973215982591,-0.0324160227200483,0.107532494041228,0.0580956364062074,0.991973215982591,-0.0324160227200483,0.107532494041228,0.0580956364062074,0.996156362032685,-0.0294215648716322,0.0569789512309381,0.0596680234207006,0.996159299429727,-0.0294184874201173,0.0569275738218893,0.0596695407753515,0.991973215982591,-0.0324160227200483,0.107532494041228,0.0580956364062074,0.974163410121802,-0.0386001748425146,0.215823420604517,0.0541842043455123,0.991973215982591,-0.0324160227200483,0.107532494041228,0.0580956364062074,0.991973215982591,-0.0324160227200483,0.107532494041228,0.0580956364062074,0.991972582080307,-0.0324313097070605,0.10754595013356,0.0580730157774128,0.991972582080307,-0.0324313097070605,0.10754595013356,0.0580730157774128,0.991973094087182,-0.0324189306836328,0.107535108225335,0.0580912561354792,0.991973215982591,-0.0324160227200483,0.107532494041228,0.0580956364062074,0.991972582080307,-0.0324313097070605,0.10754595013356,0.0580730157774128,0.991972582080307,-0.0324313097070605,0.10754595013356,0.0580730157774128,0.991973094087182,-0.0324189306836328,0.107535108225335,0.0580912561354792,0.99479003461958,-0.0125591302983642,-0.0534516665339902,0.0858951373039373,0.932864323724664,-0.218815061652973,0.195697654452772,0.208773921640643,0.937763852138196,-0.167642286831852,0.254667897223864,0.166250664396557,0.967347495803293,-0.137064803696959,0.0921715933278223,0.192240628728746,0.993905175700886,-0.0290066355617489,0.0075255203794901,0.106087149793919,0.986397446759298,-0.0279686221630108,0.068765836742612,0.146659786233751,0.994851466002668,-0.0177999359318334,-0.00608468444551719,0.0995826264383773,0.994851466002668,-0.0177999359318334,-0.00608468444551719,0.0995826264383773
288,1058,0.991968290990632,-0.0323122931953268,0.107293005629271,0.0586773919037117,0.991968290990632,-0.0323122931953268,0.107293005629271,0.0586773919037117,0.996139272000674,-0.0292884031160738,0.056740022610189,0.0602437553201399,0.996142197074859,-0.0292852959710345,0.0566886460828861,0.0602452658061315,0.991968290990632,-0.0323122931953268,0.107293005629271,0.0586773919037117,0.974184816231437,-0.0385609628338934,0.215584839940008,0.0547738327806775,0.991968290990632,-0.0323122931953268,0.107293005629271,0.0586773919037117,0.991968290990632,-0.0323122931953268,0.107293005629271,0.0586773919037117,0.991968515992121,-0.0323182443616515,0.107305653985383,0.0586471737131344,0.991968515992121,-0.0323182443616515,0.107305653985383,0.0586471737131344,0.991968341052298,-0.0323133596364311,0.107295426875042,0.0586715306657462,0.991968290990632,-0.0323122931953268,0.107293005629271,0.0586773919037117,0.991968515992121,-0.0323182443616515,0.107305653985383,0.0586471737131344,0.991968515992121,-0.0323182443616515,0.107305653985383,0.0586471737131344,0.991968341052298,-0.0323133596364311,0.107295426875042,0.0586715306657462,0.994474945006206,-0.0106146371479664,-0.0572284560034637,0.0873602716146248,0.934191633681212,-0.216056307971586,0.191037638538488,0.210024484304459,0.941772381864148,-0.16823038359215,0.24200081202621,0.161860822230165,0.967763799607267,-0.141380046368217,0.0945137050015484,0.185774245323478,0.993799123497742,-0.0295459761768569,0.00807963090511556,0.106888058225951,0.98631764586021,-0.0281260975119654,0.0693260532880934,0.146902424891546,0.994842741222133,-0.0178895414906305,-0.00592997482833151,0.0996630319698598,0.994842741222133,-0.0178895414906305,-0.00592997482833151,0.0996630319698598
289,1059,0.991942966301904,-0.0324098360227562,0.1070533475011,0.0594839047303246,0.991942966301904,-0.0324098360227562,0.1070533475011,0.0594839047303246,0.996101800009003,-0.0293448308746867,0.0565019612565466,0.0610541832631009,0.996104712805087,-0.0293416819312883,0.0564505866621998,0.0610556966583085,0.991942966301904,-0.0324098360227562,0.1070533475011,0.0594839047303246,0.974185964677298,-0.0387464892164546,0.215343850232074,0.0555647547136442,0.991942966301904,-0.0324098360227562,0.1070533475011,0.0594839047303246,0.991942966301904,-0.0324098360227562,0.1070533475011,0.0594839047303246,0.991944261993155,-0.0324052570339776,0.107065964791841,0.0594420692658847,0.991944261993155,-0.0324052570339776,0.107065964791841,0.0594420692658847,0.991943223626488,-0.032408871375649,0.107055768681178,0.0594757812031976,0.991942966301904,-0.0324098360227562,0.1070533475011,0.0594839047303246,0.991944261993155,-0.0324052570339776,0.107065964791841,0.0594420692658847,0.991944261993155,-0.0324052570339776,0.107065964791841,0.0594420692658847,0.991943223626488,-0.032408871375649,0.107055768681178,0.0594757812031976,0.9941617952055,-0.00895332756466177,-0.0610971778672767,0.0884833189700302,0.936224583089491,-0.21247376001888,0.184988959953773,0.210041700663393,0.946418932579288,-0.164574786823608,0.229492764747279,0.156650612913254,0.96932716713443,-0.140833632643005,0.0937046854271773,0.178297961011081,0.993670198211126,-0.0300943524758463,0.0085200081596065,0.107894747773379,0.986219817101223,-0.0282018564994211,0.0698782614552555,0.147282572705694,0.994831296486287,-0.0180091809164531,-0.0058370967460206,0.0997611609581213,0.994831296486287,-0.0180091809164531,-0.0058370967460206,0.0997611609581213
290,1060,0.991900403428511,-0.0327324564039961,0.10680411545769,0.060457066563131,0.991900403428511,-0.0327324564039961,0.10680411545769,0.060457066563131,0.996046625539061,-0.0296175757970907,0.0562552144480151,0.0620424838603512,0.996049525609111,-0.0296143758811619,0.0562038426996513,0.0620440113212195,0.991900403428511,-0.0327324564039961,0.10680411545769,0.060457066563131,0.974171030644422,-0.0391740335739216,0.215091451372497,0.0564965989525708,0.991900403428511,-0.0327324564039961,0.10680411545769,0.060457066563131,0.991900403428511,-0.0327324564039961,0.10680411545769,0.060457066563131,0.991902624809337,-0.0327160973711239,0.106817210990647,0.0604063184222584,0.991902624809337,-0.0327160973711239,0.106817210990647,0.0604063184222584,0.991900837192472,-0.032729220736643,0.106806632589284,0.0604472540466811,0.991900403428511,-0.0327324564039961,0.10680411545769,0.060457066563131,0.991902624809337,-0.0327160973711239,0.106817210990647,0.0604063184222584,0.991902624809337,-0.0327160973711239,0.106817210990647,0.0604063184222584,0.991900837192472,-0.032729220736643,0.106806632589284,0.0604472540466811,0.993857643245431,-0.0074499092102625,-0.0652195961042082,0.0890948264457599,0.939008422342529,-0.207624968646988,0.178004791724181,0.208493043738544,0.951149020833704,-0.158274481629959,0.216945537511262,0.152313369031758,0.971497912663777,-0.136716984213682,0.0891158334354064,0.171926263696251,0.99352209422869,-0.0306947571354793,0.00890229756999566,0.109052415203914,0.986142246257276,-0.0282602061188247,0.0704700712332744,0.147508643669286,0.994831429946881,-0.0181663422620146,-0.00577591610939106,0.0997348925490043,0.994831429946881,-0.0181663422620146,-0.00577591610939106,0.0997348925490043
291,1061,0.991849090128398,-0.0330689254072205,0.106478266901807,0.061678255985946,0.991849090128398,-0.0330689254072205,0.106478266901807,0.061678255985946,0.995978818106329,-0.0298915460577522,0.0559323948572132,0.0632791953435999,0.995981701526865,-0.029888282357358,0.0558810266064857,0.063280736932996,0.991849090128398,-0.0330689254072205,0.106478266901807,0.061678255985946,0.974155813362003,-0.0396425818938675,0.214761938443381,0.0576734496093671,0.991849090128398,-0.0330689254072205,0.106478266901807,0.061678255985946,0.991849090128398,-0.0330689254072205,0.106478266901807,0.061678255985946,0.991851810679677,-0.0330512854608291,0.106495218815325,0.0616146618128236,0.991851810679677,-0.0330512854608291,0.106495218815325,0.0616146618128236,0.991849616148207,-0.0330655286445591,0.1064815514774,0.0616659464946029,0.991849090128398,-0.0330689254072205,0.106478266901807,0.061678255985946,0.991851810679677,-0.0330512854608291,0.106495218815325,0.0616146618128236,0.991851810679677,-0.0330512854608291,0.106495218815325,0.0616146618128236,0.991849616148207,-0.0330655286445591,0.1064815514774,0.0616659464946029,0.993556738672342,-0.00605995470819095,-0.0691120157588315,0.0896203842073093,0.942013841701153,-0.201985400963534,0.17007027455975,0.207093992071731,0.955141709032092,-0.152384368221944,0.204039970630263,0.151165506561697,0.973351888773268,-0.131887239053068,0.0807099409555951,0.169345098031843,0.993334402853033,-0.03125636519274,0.00916526106083944,0.11057034744105,0.986021238509505,-0.0282657653124483,0.07105511552548,0.148034908981443,0.994822707507336,-0.018257697343852,-0.00569454327804258,0.0998098657063986,0.994822707507336,-0.018257697343852,-0.00569454327804258,0.0998098657063986
292,1062,0.991784429627563,-0.0334955634227805,0.106191383722849,0.0629689002790039,0.991784429627563,-0.0334955634227805,0.106191383722849,0.0629689002790039,0.995899661040103,-0.0302520389338641,0.0556491686267834,0.064589854557048,0.995902529853189,-0.0302487076349929,0.0555978044590035,0.0645914147373269,0.991784429627563,-0.0334955634227805,0.106191383722849,0.0629689002790039,0.974123050323219,-0.0402083815443079,0.214469689368058,0.0589094323936669,0.991784429627563,-0.0334955634227805,0.106191383722849,0.0629689002790039,0.991784429627563,-0.0334955634227805,0.106191383722849,0.0629689002790039,0.991787848810891,-0.0334733512098494,0.106206580850269,0.062901191514487,0.991787848810891,-0.0334733512098494,0.106206580850269,0.062901191514487,0.991785091169601,-0.0334912634003944,0.106194286437434,0.0629558713512534,0.991784429627563,-0.0334955634227805,0.106191383722849,0.0629689002790039,0.991787848810891,-0.0334733512098494,0.106206580850269,0.062901191514487,0.991787848810891,-0.0334733512098494,0.106206580850269,0.062901191514487,0.991785091169601,-0.0334912634003944,0.106194286437434,0.0629558713512534,0.993261261332082,-0.00461920865657931,-0.0728002237200079,0.0900602968832871,0.945217388234311,-0.195079726026099,0.161593900093964,0.205901434976817,0.958826818225122,-0.145556222669824,0.191177945764397,0.151378703084966,0.975247507971232,-0.125386198477226,0.0692110720210864,0.168464913073978,0.993127868045046,-0.0317696455550086,0.00935346581451688,0.1122507906915,0.985893399607484,-0.028269272290485,0.0716533706207637,0.148596256121238,0.994810866786015,-0.0183084414452745,-0.00560874426922204,0.0999233820685941,0.994810866786015,-0.0183084414452745,-0.00560874426922204,0.0999233820685941
293,1063,0.99170430858711,-0.0340352562762894,0.106013216055468,0.0642289940879132,0.99170430858711,-0.0340352562762894,0.106013216055468,0.0642289940879132,0.995810588610169,-0.0307269931998309,0.0554753031585356,0.0658757484984834,0.995813448456163,-0.0307235955796136,0.0554239435849485,0.0658773331730895,0.99170430858711,-0.0340352562762894,0.106013216055468,0.0642289940879132,0.974062980810556,-0.0408831970407021,0.21428380028158,0.0601026334786507,0.99170430858711,-0.0340352562762894,0.106013216055468,0.0642289940879132,0.99170430858711,-0.0340352562762894,0.106013216055468,0.0642289940879132,0.99170853560667,-0.0340071627292853,0.106022889644359,0.0641626071745682,0.99170853560667,-0.0340071627292853,0.106022889644359,0.0641626071745682,0.991705126015484,-0.0340298166753073,0.106015027786362,0.0642162634783008,0.99170430858711,-0.0340352562762894,0.106013216055468,0.0642289940879132,0.99170853560667,-0.0340071627292853,0.106022889644359,0.0641626071745682,0.99170853560667,-0.0340071627292853,0.106022889644359,0.0641626071745682,0.991705126015484,-0.0340298166753073,0.106015027786362,0.0642162634783008,0.992964184960595,-0.003048588011652,-0.0761899717990716,0.0905975810600573,0.948412381206949,-0.186884693161886,0.152757071411924,0.205556181538781,0.962328386673358,-0.137518760209979,0.178425781679341,0.152239637496542,0.977170341366615,-0.117150048075226,0.0552250606037287,0.168416694156904,0.992916594861669,-0.0321889810262501,0.00944954561801471,0.113978994715747,0.985757660912461,-0.028319814260862,0.072305526528614,0.149170147502925,0.994801896076771,-0.0182649342551889,-0.00546624577228181,0.100028495419413,0.994801896076771,-0.0182649342551889,-0.00546624577228181,0.100028495419413
294,1064,0.991602081417376,-0.0346973484069519,0.106030286522731,0.065413947153197,0.991602081417376,-0.0346973484069519,0.106030286522731,0.065413947153197,0.995709361112698,-0.0313280074084006,0.055497547008028,0.0670928194403384,0.995712222106066,-0.0313245470162552,0.0554461926552773,0.0670944351109768,0.991602081417376,-0.0346973484069519,0.106030286522731,0.065413947153197,0.973959497267275,-0.0416714192678773,0.214289540608597,0.061207706090291,0.991602081417376,-0.0346973484069519,0.106030286522731,0.065413947153197,0.991602081417376,-0.0346973484069519,0.106030286522731,0.065413947153197,0.991607452491971,-0.0346628408035772,0.106029921850091,0.0653513833233327,0.991607452491971,-0.0346628408035772,0.106029921850091,0.0653513833233327,0.991603121145015,-0.034690673412297,0.106030134927756,0.0654019709249444,0.991602081417376,-0.0346973484069519,0.106030286522731,0.065413947153197,0.991607452491971,-0.0346628408035772,0.106029921850091,0.0653513833233327,0.991607452491971,-0.0346628408035772,0.106029921850091,0.0653513833233327,0.991603121145015,-0.034690673412297,0.106030134927756,0.0654019709249444,0.992650898091599,-0.00130803528707203,-0.0792824125475103,0.0914154397368175,0.951416200217559,-0.177476432913291,0.143747919081677,0.206508754012134,0.965451965354394,-0.12933116143456,0.165681392909062,0.154031260849997,0.978761872679942,-0.108364507987187,0.0396612903345591,0.169438224866017,0.992704636312073,-0.0325082354069725,0.00946713374139531,0.115719890485445,0.985616468533674,-0.0283926831201248,0.0730132722098364,0.149743429176917,0.994791815602196,-0.0182120800067507,-0.00532768470956738,0.100145791366138,0.994791815602196,-0.0182120800067507,-0.00532768470956738,0.100145791366138
295,1065,0.991479130372324,-0.0354384213027257,0.106267611790665,0.066486442347445,0.991479130372324,-0.0354384213027257,0.106267611790665,0.066486442347445,0.995598630425378,-0.0320136157076989,0.0557408142626373,0.0682015918419019,0.995601503965541,-0.0320100981290718,0.0556894656205615,0.0682032428717052,0.991479130372324,-0.0354384213027257,0.106267611790665,0.066486442347445,0.973811226183587,-0.0425257940698901,0.214511927496748,0.0621923271728508,0.991479130372324,-0.0354384213027257,0.106267611790665,0.066486442347445,0.991479130372324,-0.0354384213027257,0.106267611790665,0.066486442347445,0.991485592700813,-0.0353996439171692,0.106255732243703,0.0664296924771604,0.991485592700813,-0.0353996439171692,0.106255732243703,0.0664296924771604,0.991480379148733,-0.0354309441385495,0.106265237971834,0.066475598224644,0.991479130372324,-0.0354384213027257,0.106267611790665,0.066486442347445,0.991485592700813,-0.0353996439171692,0.106255732243703,0.0664296924771604,0.991485592700813,-0.0353996439171692,0.106255732243703,0.0664296924771604,0.991480379148733,-0.0354309441385495,0.106265237971834,0.066475598224644,0.992319152390102,0.00054742079149875,-0.0820277845363953,0.0925950468130828,0.954081612453844,-0.167053776209755,0.134562359560789,0.209079611681692,0.968296869242636,-0.120976048147243,0.152880473027674,0.156184281399955,0.979996479959636,-0.099356479408204,0.024045067789014,0.170754279540372,0.992497970441498,-0.032733661038527,0.00941877253763907,0.117420495776528,0.985485686433587,-0.0284788199705203,0.0737238512975224,0.150238851158646,0.994783655393761,-0.0180836664625384,-0.00509351251365868,0.100262236654542,0.994783655393761,-0.0180836664625384,-0.00509351251365868,0.100262236654542
296,1066,0.991347290972195,-0.0362252377662658,0.106631588701709,0.0674387508915903,0.991347290972195,-0.0362252377662658,0.106631588701709,0.0674387508915903,0.995485459625067,-0.0327510166488164,0.0561110212171319,0.0691926577138746,0.995488352259015,-0.0327474479544201,0.0560596784114123,0.0691943467742344,0.991347290972195,-0.0362252377662658,0.106631588701709,0.0674387508915903,0.973640211258621,-0.0434124364985957,0.214859223789038,0.0630524649026178,0.991347290972195,-0.0362252377662658,0.106631588701709,0.0674387508915903,0.991347290972195,-0.0362252377662658,0.106631588701709,0.0674387508915903,0.991354249858242,-0.0361839596614669,0.106612800583954,0.0673883009346932,0.991354249858242,-0.0361839596614669,0.106612800583954,0.0673883009346932,0.991348630248009,-0.0362172951344411,0.106627926096208,0.0674291199331746,0.991347290972195,-0.0362252377662658,0.106631588701709,0.0674387508915903,0.991354249858242,-0.0361839596614669,0.106612800583954,0.0673883009346932,0.991354249858242,-0.0361839596614669,0.106612800583954,0.0673883009346932,0.991348630248009,-0.0362172951344411,0.106627926096208,0.0674291199331746,0.991979024913761,0.00257653019942421,-0.0843881660188096,0.0940723820218071,0.956351497855544,-0.155730871622934,0.125181648633184,0.213235229309081,0.970945124173621,-0.112324669641848,0.139944871689266,0.158316667856534,0.980931557793533,-0.0902777340103272,0.00960625803346966,0.171845655962864,0.992299184721649,-0.0328460196729194,0.00938039005988905,0.119060804947389,0.985360157605975,-0.0285844675030556,0.0744159051832665,0.150700235819494,0.99477877989575,-0.0178619347357079,-0.00477814935004305,0.100365829072497,0.99477877989575,-0.0178619347357079,-0.00477814935004305,0.100365829072497
297,1067,0.991220563415111,-0.0369449129595996,0.107024190104444,0.0682838985554137,0.991220563415111,-0.0369449129595996,0.107024190104444,0.0682838985554137,0.995378848830572,-0.0334268092723305,0.0565095558751617,0.0700732889009047,0.995381762019314,-0.0334231951579791,0.0564582185674247,0.0700750128144838,0.991220563415111,-0.0369449129595996,0.107024190104444,0.0682838985554137,0.97347113363144,-0.0442205750648177,0.215235532825789,0.0638134635986423,0.991220563415111,-0.0369449129595996,0.107024190104444,0.0682838985554137,0.991220563415111,-0.0369449129595996,0.107024190104444,0.0682838985554137,0.991227284658157,-0.0369068666608287,0.107003624609295,0.0682391212060147,0.991227284658157,-0.0369068666608287,0.107003624609295,0.0682391212060147,0.991221851117277,-0.0369376370417646,0.10702022822284,0.0682753512516801,0.991220563415111,-0.0369449129595996,0.107024190104444,0.0682838985554137,0.991227284658157,-0.0369068666608287,0.107003624609295,0.0682391212060147,0.991227284658157,-0.0369068666608287,0.107003624609295,0.0682391212060147,0.991221851117277,-0.0369376370417646,0.10702022822284,0.0682753512516801,0.991650997486171,0.0047444715497215,-0.0863302711039916,0.0956706510143395,0.95828081696756,-0.143609833445105,0.115555956307805,0.218451167384484,0.97346555608146,-0.10318723661576,0.126922656897865,0.16002451214925,0.981700023100501,-0.0810882099922878,-0.00310070241615822,0.172279286303516,0.992116748041964,-0.0328179317021008,0.00944197922111634,0.120574419516834,0.985239618505872,-0.0286877222119746,0.0751096048193212,0.151123975545175,0.994771474187764,-0.0176322831114832,-0.00447569868834405,0.100492710461163,0.994771474187764,-0.0176322831114832,-0.00447569868834405,0.100492710461163
298,1068,0.991105936683721,-0.0375727273071998,0.107389922061618,0.0690269300533002,0.991105936683721,-0.0375727273071998,0.107389922061618,0.0690269300533002,0.995282957650946,-0.0340160495627062,0.0568806408165403,0.0708472672869738,0.995285889978734,-0.0340123955291938,0.056829308453952,0.0708490215899279,0.991105936683721,-0.0375727273071998,0.107389922061618,0.0690269300533002,0.973317034514481,-0.0449261937426493,0.21558646389338,0.0644830522360902,0.991105936683721,-0.0375727273071998,0.107389922061618,0.0690269300533002,0.991105936683721,-0.0375727273071998,0.107389922061618,0.0690269300533002,0.99111203298845,-0.0375394353638615,0.107370610316995,0.0689875416160066,0.99111203298845,-0.0375394353638615,0.107370610316995,0.0689875416160066,0.991107101314723,-0.0375663766113527,0.107386225717018,0.0690194146459946,0.991105936683721,-0.0375727273071998,0.107389922061618,0.0690269300533002,0.99111203298845,-0.0375394353638615,0.107370610316995,0.0689875416160066,0.99111203298845,-0.0375394353638615,0.107370610316995,0.0689875416160066,0.991107101314723,-0.0375663766113527,0.107386225717018,0.0690194146459946,0.991350827760058,0.00690671971777918,-0.0879232556833549,0.0971871114511945,0.959966965534149,-0.130922697073016,0.105714638753888,0.223935454154585,0.975828016796783,-0.0937460193339202,0.114062131077759,0.161124783157349,0.98236901242194,-0.071928026025875,-0.0141989980169134,0.171976367447622,0.99195420208474,-0.0327401828713933,0.00961167892898181,0.12191208726021,0.985129970354995,-0.0287631606788819,0.0758005665098037,0.151479028954242,0.994764232298168,-0.0173613774349759,-0.00418184139429692,0.100624136847724,0.994764232298168,-0.0173613774349759,-0.00418184139429692,0.100624136847724
299,1069,0.991008774057266,-0.0380561056826618,0.107675615071465,0.069708711656199,0.991008774057266,-0.0380561056826618,0.107675615071465,0.069708711656199,0.995200440226402,-0.0344641534094631,0.0571709026750433,0.0715527343311631,0.995203387524721,-0.034460462990489,0.0571195745679523,0.0715545117443907,0.991008774057266,-0.0380561056826618,0.107675615071465,0.069708711656199,0.973189083974139,-0.0454815234758678,0.215859758114104,0.0651076238455306,0.991008774057266,-0.0380561056826618,0.107675615071465,0.069708711656199,0.991008774057266,-0.0380561056826618,0.107675615071465,0.069708711656199,0.991013957969099,-0.0380302729679624,0.10766036710933,0.0696726546235177,0.991013957969099,-0.0380302729679624,0.10766036710933,0.0696726546235177,0.991009761295473,-0.0380512085435696,0.107672721608392,0.0697018189641063,0.991008774057266,-0.0380561056826618,0.107675615071465,0.069708711656199,0.991013957969099,-0.0380302729679624,0.10766036710933,0.0696726546235177,0.991013957969099,-0.0380302729679624,0.10766036710933,0.0696726546235177,0.991009761295473,-0.0380512085435696,0.107672721608392,0.0697018189641063,0.991072914443753,0.00874912912241337,-0.0893048322532722,0.098603133478507,0.961528192424583,-0.117931570923703,0.095626529363119,0.228935027101899,0.977946348215831,-0.0844983813137034,0.101525751456818,0.161782215826752,0.982925199353822,-0.0632955349237156,-0.0233364665876927,0.171193273995126,0.991810673114038,-0.0326770082917739,0.00982065401981248,0.123074597625995,0.985031444973935,-0.028803764588037,0.0764381116773285,0.151791339151224,0.994756814268321,-0.0170904686843357,-0.00388798335978228,0.100755545417037,0.994756814268321,-0.0170904686843357,-0.00388798335978228,0.100755545417037
300,1070,0.990929380636799,-0.0383879523526044,0.107866934236492,0.0703566073895256,0.990929380636799,-0.0383879523526044,0.107866934236492,0.0703566073895256,0.995130872728094,-0.0347626435403014,0.0573660095721519,0.0722166580733255,0.995133830089255,-0.0347589188786842,0.0573146850527848,0.0722184508804691,0.990929380636799,-0.0383879523526044,0.107866934236492,0.0703566073895256,0.973089159565931,-0.0458825166485072,0.216041200806887,0.0657151562060772,0.990929380636799,-0.0383879523526044,0.107866934236492,0.0703566073895256,0.990929380636799,-0.0383879523526044,0.107866934236492,0.0703566073895256,0.990933624696595,-0.0383700689700092,0.10785660753282,0.0703224108262481,0.990933624696595,-0.0383700689700092,0.10785660753282,0.0703224108262481,0.990930187319442,-0.0383845850255985,0.107864992423084,0.0703500597088278,0.990929380636799,-0.0383879523526044,0.107866934236492,0.0703566073895256,0.990933624696595,-0.0383700689700092,0.10785660753282,0.0703224108262481,0.990933624696595,-0.0383700689700092,0.10785660753282,0.0703224108262481,0.990930187319442,-0.0383845850255985,0.107864992423084,0.0703500597088278,0.99081169616216,0.0102017713783634,-0.0905221794514745,0.0999692034396699,0.963044220395621,-0.104722851340025,0.0852889375528998,0.23303379819439,0.979860544473067,-0.0752555464387074,0.0893534403951098,0.161944060726889,0.983484631894548,-0.0551751517587974,-0.0294737638034839,0.169838095558377,0.991683306423149,-0.0326364692882564,0.0101090998441177,0.124084192121277,0.98494829714172,-0.028852100707627,0.0770174497607616,0.152028683723605,0.99474526077782,-0.0167981580228943,-0.00369304644233985,0.100925960263353,0.99474526077782,-0.0167981580228943,-0.00369304644233985,0.100925960263353
301,1071,0.990869770143809,-0.0385757787851347,0.107938384203633,0.0709810758004152,0.990869770143809,-0.0385757787851347,0.107938384203633,0.0709810758004152,0.995074970537088,-0.0349184901865419,0.0574403967600249,0.0728498652967617,0.995077931734885,-0.0349147328666932,0.0573890751237464,0.0728516661409428,0.990869770143809,-0.0385757787851347,0.107938384203633,0.0709810758004152,0.973022062804218,-0.0461377878810353,0.216105671988407,0.0663152196717204,0.990869770143809,-0.0385757787851347,0.107938384203633,0.0709810758004152,0.990869770143809,-0.0385757787851347,0.107938384203633,0.0709810758004152,0.990872974330494,-0.0385654937396505,0.107934296618001,0.0709481433698925,0.990872974330494,-0.0385654937396505,0.107934296618001,0.0709481433698925,0.99087037649223,-0.0385738669321364,0.107937650522879,0.0709747657949551,0.990869770143809,-0.0385757787851347,0.107938384203633,0.0709810758004152,0.990872974330494,-0.0385654937396505,0.107934296618001,0.0709481433698925,0.990872974330494,-0.0385654937396505,0.107934296618001,0.0709481433698925,0.99087037649223,-0.0385738669321364,0.107937650522879,0.0709747657949551,0.990573505404116,0.0113127661897924,-0.091582333647736,0.101236494784099,0.964536636048176,-0.0914440545507108,0.0748900578285645,0.236005385206842,0.981617224128092,-0.0655697729236745,0.0774871677530332,0.161629109406106,0.984159570176566,-0.0472620648230389,-0.0317265866617254,0.16789777055499,0.99156791132946,-0.0326031607706832,0.0105157233979767,0.124978120848849,0.984880251071094,-0.0288510751834864,0.0775698186234294,0.152188796399815,0.994734833437022,-0.0165315626405885,-0.00359515677152906,0.101076176379344,0.994734833437022,-0.0165315626405885,-0.00359515677152906,0.101076176379344
302,1072,0.990824501469722,-0.0386153830368389,0.107888917922978,0.0716633858368695,0.990824501469722,-0.0386153830368389,0.107888917922978,0.0716633858368695,0.995027246362637,-0.0349233665422012,0.0573932950727054,0.0735333063723159,0.995030205131201,-0.0349195739734822,0.057341975897891,0.073535107467089,0.990824501469722,-0.0386153830368389,0.107888917922978,0.0716633858368695,0.972982500482815,-0.046252085838167,0.216051533383876,0.066989053078131,0.990824501469722,-0.0386153830368389,0.107888917922978,0.0716633858368695,0.990824501469722,-0.0386153830368389,0.107888917922978,0.0716633858368695,0.990826937313639,-0.0386128890472609,0.107891188186432,0.0716276245928762,0.990826937313639,-0.0386128890472609,0.107891188186432,0.0716276245928762,0.990824962576148,-0.0386149679675854,0.107889405505574,0.0716564998063134,0.990824501469722,-0.0386153830368389,0.107888917922978,0.0716633858368695,0.990826937313639,-0.0386128890472609,0.107891188186432,0.0716276245928762,0.990826937313639,-0.0386128890472609,0.107891188186432,0.0716276245928762,0.990824962576148,-0.0386149679675854,0.107889405505574,0.0716564998063134,0.99036407416629,0.0121498423721968,-0.0925705946142065,0.102284245824321,0.96600712318086,-0.0782925879683068,0.0646481816525651,0.237741711195325,0.983166302218745,-0.0556556078863877,0.0658466139268233,0.161092206287856,0.984917909440779,-0.039771231063222,-0.0298071475809572,0.165730186736177,0.991467907927273,-0.032552460773321,0.011020821344032,0.125738881595237,0.984819923929635,-0.0288384335491928,0.07807732650091,0.152322005199928,0.994723817497386,-0.0162657425277828,-0.00353289114476272,0.101229794050991,0.994723817497386,-0.0162657425277828,-0.00353289114476272,0.101229794050991
303,1073,0.990788752300699,-0.0384717462219218,0.107762197884294,0.0724215559361013,0.990788752300699,-0.0384717462219218,0.107762197884294,0.0724215559361013,0.994985103160535,-0.034741383233979,0.0572685556570961,0.0742831967039626,0.994988055495649,-0.03473755198948,0.0572172386560073,0.0742849884118452,0.990788752300699,-0.0384717462219218,0.107762197884294,0.0724215559361013,0.972960884316122,-0.0461925822943131,0.215921653775671,0.0677584117475677,0.990788752300699,-0.0384717462219218,0.107762197884294,0.0724215559361013,0.990788752300699,-0.0384717462219218,0.107762197884294,0.0724215559361013,0.990790677278539,-0.0384788039746423,0.107768649110648,0.0723818605140906,0.990790677278539,-0.0384788039746423,0.107768649110648,0.0723818605140906,0.990789117460487,-0.0384731785582285,0.10776347029313,0.0724139055974594,0.990788752300699,-0.0384717462219218,0.107762197884294,0.0724215559361013,0.990790677278539,-0.0384788039746423,0.107768649110648,0.0723818605140906,0.990790677278539,-0.0384788039746423,0.107768649110648,0.0723818605140906,0.990789117460487,-0.0384731785582285,0.10776347029313,0.0724139055974594,0.990207979772272,0.0127107146285019,-0.0934404969147577,0.102934290036279,0.967456252644644,-0.0656323576894728,0.0547178804250402,0.238173773545064,0.984495088112531,-0.0459549738779118,0.0545119177556445,0.160268564231368,0.98571101566366,-0.0330565012855757,-0.0239983602442416,0.163417073856009,0.99138037756406,-0.0325917895279957,0.0116125679842628,0.126364039588465,0.984773291555912,-0.0288243340656045,0.0785175236420618,0.152399870357321,0.994713805405748,-0.0160273689069181,-0.00351665018605592,0.101366670817419,0.994713805405748,-0.0160273689069181,-0.00351665018605592,0.101366670817419
304,1074,0.990768558850255,-0.0381312525740568,0.107542266743442,0.0732006231845346,0.990768558850255,-0.0381312525740568,0.107542266743442,0.0732006231845346,0.99495375835126,-0.0343617354449705,0.0570499350151412,0.075043952419103,0.994956699410931,-0.0343578649645659,0.0569986196309696,0.0750457245454222,0.990768558850255,-0.0381312525740568,0.107542266743442,0.0732006231845346,0.972964966487392,-0.0459397076561939,0.215700835257346,0.0685701605505936,0.990768558850255,-0.0381312525740568,0.107542266743442,0.0732006231845346,0.990768558850255,-0.0381312525740568,0.107542266743442,0.0732006231845346,0.990769684605958,-0.0381486309098684,0.10755358801627,0.0731596865106743,0.990769684605958,-0.0381486309098684,0.10755358801627,0.0731596865106743,0.990768768287204,-0.0381346719825506,0.107544479197213,0.0731927562921432,0.990768558850255,-0.0381312525740568,0.107542266743442,0.0732006231845346,0.990769684605958,-0.0381486309098684,0.10755358801627,0.0731596865106743,0.990769684605958,-0.0381486309098684,0.10755358801627,0.0731596865106743,0.990768768287204,-0.0381346719825506,0.107544479197213,0.0731927562921432,0.990120855054109,0.0130723872114099,-0.0941540892338908,0.103076731419132,0.968863946772677,-0.0534318072492115,0.0449964529395046,0.237535289675065,0.985645955643231,-0.0366897603866259,0.043660741642336,0.158901388433697,0.986500881410703,-0.0272064239637402,-0.014839852173186,0.160796766940414,0.991301801222162,-0.0326530410461461,0.0122621506300579,0.126902157058345,0.98474438260534,-0.0288099218855823,0.0789203800470726,0.152381307716534,0.994702842224306,-0.0158313296003744,-0.00354518870062583,0.101503971897897,0.994702842224306,-0.0158313296003744,-0.00354518870062583,0.101503971897897
305,1075,0.990768809037354,-0.0375531411061984,0.107239091897029,0.0739371746881243,0.990768809037354,-0.0375531411061984,0.107239091897029,0.0739371746881243,0.994938600105336,-0.0337469376666028,0.0567471392462283,0.0757501709960491,0.994941525548162,-0.0337430307633896,0.0566958246442547,0.0757519114128826,0.990768809037354,-0.0375531411061984,0.107239091897029,0.0739371746881243,0.972998510701037,-0.0454459833052624,0.215399521739857,0.0693657466565601,0.990768809037354,-0.0375531411061984,0.107239091897029,0.0739371746881243,0.990768809037354,-0.0375531411061984,0.107239091897029,0.0739371746881243,0.990768877711446,-0.0375829165452398,0.10725481940042,0.0738983021302787,0.990768877711446,-0.0375829165452398,0.10725481940042,0.0738983021302787,0.990768813463528,-0.0375589565991281,0.107242146293721,0.07392973086366,0.990768809037354,-0.0375531411061984,0.107239091897029,0.0739371746881243,0.990768877711446,-0.0375829165452398,0.10725481940042,0.0738983021302787,0.990768877711446,-0.0375829165452398,0.10725481940042,0.0738983021302787,0.990768813463528,-0.0375589565991281,0.107242146293721,0.07392973086366,0.990106464844143,0.0133229893353045,-0.0947086295143306,0.102674055751791,0.970151459492976,-0.041501466969739,0.0353718377857278,0.236289244305932,0.986652275381304,-0.0280292656727823,0.0335301302392297,0.156867390227802,0.987216201479834,-0.0221515127012932,-0.00333971326483373,0.157804715823328,0.991237014721372,-0.0327275092773852,0.0129494786112401,0.127320076132785,0.98474293830195,-0.0287773393260984,0.0792876280948962,0.152206051906082,0.99469274649896,-0.0156844556109309,-0.00362996451452235,0.101622641533118,0.99469274649896,-0.0156844556109309,-0.00362996451452235,0.101622641533118
306,1076,0.990798971966298,-0.0367000575180364,0.106794886636546,0.0746013077431492,0.990798971966298,-0.0367000575180364,0.106794886636546,0.0746013077431492,0.994946148423997,-0.0328612036022606,0.0563019750758269,0.0763700899346466,0.994949050907217,-0.032857264727552,0.0562506600851365,0.0763717846684153,0.990798971966298,-0.0367000575180364,0.106794886636546,0.0746013077431492,0.9730772750881,-0.0446709968894183,0.214961315981046,0.0701195505955423,0.990798971966298,-0.0367000575180364,0.106794886636546,0.0746013077431492,0.990798971966298,-0.0367000575180364,0.106794886636546,0.0746013077431492,0.990797502223336,-0.0367442017756276,0.106817887049736,0.0745661600868671,0.990797502223336,-0.0367442017756276,0.106817887049736,0.0745661600868671,0.990798677196795,-0.036708646763292,0.106799359968783,0.074594592485973,0.990798971966298,-0.0367000575180364,0.106794886636546,0.0746013077431492,0.990797502223336,-0.0367442017756276,0.106817887049736,0.0745661600868671,0.990797502223336,-0.0367442017756276,0.106817887049736,0.0745661600868671,0.990798677196795,-0.036708646763292,0.106799359968783,0.074594592485973,0.99017254755847,0.0136330762477538,-0.0949447870266471,0.101774027679251,0.971218098911969,-0.0297463042643187,0.0258433769166043,0.234909943591117,0.987542759576512,-0.0200379209894899,0.0243304774695561,0.154161628158665,0.987796954981884,-0.0177176631120662,0.00947891630969603,0.154445492935077,0.991192228749063,-0.0327997283754775,0.0136422992358793,0.12757754958267,0.984760858994044,-0.0287570865004839,0.0796125122558108,0.151924087825577,0.994683511682849,-0.0155649152453038,-0.00369850078666218,0.101728885237249,0.994683511682849,-0.0155649152453038,-0.00369850078666218,0.101728885237249
307,1077,0.990866082035187,-0.0355166244644203,0.106141853583552,0.0752122581547723,0.990866082035187,-0.0355166244644203,0.106141853583552,0.0752122581547723,0.994979982981172,-0.0316482498588038,0.0556463752341632,0.0769201057654076,0.99498285165141,-0.0316442826183279,0.0555950584993082,0.0769217379396628,0.990866082035187,-0.0355166244644203,0.106141853583552,0.0752122581547723,0.973215697201311,-0.0435618185634209,0.214319603235168,0.0708567735190812,0.990866082035187,-0.0355166244644203,0.106141853583552,0.0752122581547723,0.990866082035187,-0.0355166244644203,0.106141853583552,0.0752122581547723,0.990862709195825,-0.0355780053670638,0.106175661285351,0.0751799575008565,0.990862709195825,-0.0355780053670638,0.106175661285351,0.0751799575008565,0.990865418969777,-0.0355285450855404,0.106148429826384,0.0752060823294673,0.990866082035187,-0.0355166244644203,0.106141853583552,0.0752122581547723,0.990862709195825,-0.0355780053670638,0.106175661285351,0.0751799575008565,0.990862709195825,-0.0355780053670638,0.106175661285351,0.0751799575008565,0.990865418969777,-0.0355285450855404,0.106148429826384,0.0752060823294673,0.990338113163232,0.0140344338032132,-0.0947828822008123,0.100248000108832,0.972024513061483,-0.0183456499776474,0.0166546542938265,0.233568845578424,0.988318990999123,-0.0127979279675789,0.016112311319444,0.151003902248119,0.988318990999123,-0.0127979279675789,0.016112311319444,0.151003902248119,0.991171638384769,-0.0329157628386592,0.0143252061733305,0.127632771209016,0.984789715812769,-0.0287624317896353,0.0798997808881447,0.151584838163254,0.994674488349641,-0.0154970698318517,-0.00380789313406187,0.101823391236428,0.994674488349641,-0.0154970698318517,-0.00380789313406187,0.101823391236428
308,1078,0.990958585701398,-0.0340796449795599,0.105311126439565,0.0758236498117928,0.990958585701398,-0.0340796449795599,0.105311126439565,0.0758236498117928,0.995030147458041,-0.0301820549167728,0.054812020368845,0.077457676402763,0.995032973095884,-0.0301780599527344,0.0547607010478381,0.0774592329564617,0.990958585701398,-0.0340796449795599,0.105311126439565,0.0758236498117928,0.973398874190156,-0.0422006759239063,0.213504060037797,0.0716222802225653,0.990958585701398,-0.0340796449795599,0.105311126439565,0.0758236498117928,0.990958585701398,-0.0340796449795599,0.105311126439565,0.0758236498117928,0.990953872270772,-0.034154565806395,0.105354361750391,0.0757914713296098,0.990953872270772,-0.034154565806395,0.105354361750391,0.0757914713296098,0.990957669683574,-0.0340941345265356,0.10531950114104,0.075817475331152,0.990958585701398,-0.0340796449795599,0.105311126439565,0.0758236498117928,0.990953872270772,-0.034154565806395,0.105354361750391,0.0757914713296098,0.990953872270772,-0.034154565806395,0.105354361750391,0.0757914713296098,0.990957669683574,-0.0340941345265356,0.10531950114104,0.075817475331152,0.990618971526588,0.0147968429480558,-0.0940216888600645,0.0980562528056033,0.972624325783308,-0.00764729352721273,0.00820841869369314,0.232112174732011,0.988998227777425,-0.00602998794618677,0.00888162865979886,0.147537321958999,0.988998227777425,-0.00602998794618677,0.00888162865979886,0.147537321958999,0.991184571281663,-0.0329608850143707,0.0149964240851776,0.127443450113819,0.984823117823128,-0.0287756050717285,0.080166048074628,0.151224323076635,0.994671813583891,-0.0154625078331128,-0.0039078365404022,0.101850983926604,0.994671813583891,-0.0154625078331128,-0.0039078365404022,0.101850983926604
309,1079,0.991060054853136,-0.0325661385017968,0.104386689125145,0.0764384290201734,0.991060054853136,-0.0325661385017968,0.104386689125145,0.0764384290201734,0.995084503247331,-0.0286392597137208,0.0538836207861135,0.077994740919118,0.995087281002364,-0.0286352370523252,0.0538322986629105,0.0779962179015587,0.991060054853135,-0.0325661385017968,0.104386689125145,0.0764384290201733,0.973601253956223,-0.0407638412208482,0.212596358122336,0.0723995584027401,0.991060054853135,-0.0325661385017968,0.104386689125145,0.0764384290201733,0.991060054853135,-0.0325661385017968,0.104386689125145,0.0764384290201733,0.991054837266215,-0.0326455629265612,0.10443508243004,0.0764060881754557,0.991054837266215,-0.0326455629265612,0.10443508243004,0.0764060881754557,0.991059048666316,-0.0325814190517001,0.104396019111578,0.0764322208420598,0.991060054853135,-0.0325661385017968,0.104386689125145,0.0764384290201733,0.991054837266215,-0.0326455629265612,0.10443508243004,0.0764060881754557,0.991054837266215,-0.0326455629265612,0.10443508243004,0.0764060881754557,0.991059048666316,-0.0325814190517001,0.104396019111578,0.0764322208420598,0.990986617186554,0.0160327998458836,-0.0927866131725617,0.0952844074453864,0.973298884982136,0.00150417734356129,0.00123514939546879,0.229533205329905,0.989540468180323,0.000577132947013642,0.00251063268253007,0.144232539583,0.989540468180323,0.000577132947013642,0.00251063268253007,0.144232539583,0.991230922374603,-0.0329389265911861,0.015633159758612,0.127011377283202,0.984864382451999,-0.0288469068331092,0.0804246446527336,0.150804113591395,0.994666030913149,-0.0155217674058686,-0.00402940624138288,0.101893697397938,0.994666030913149,-0.0155217674058686,-0.00402940624138288,0.101893697397938
310,1080,0.991151678649612,-0.031001595898499,0.103439993769761,0.07718431609281,0.991151678649612,-0.031001595898499,0.103439993769761,0.07718431609281,0.995127895194773,-0.0270388311070248,0.0529334922922326,0.0786601500846166,0.995130623946328,-0.0270347741289001,0.0528821679323288,0.078661544523153,0.991151678649612,-0.031001595898499,0.103439993769761,0.0771843160928099,0.973796292362431,-0.0392906777464785,0.211665451555547,0.0733127563333354,0.991151678649612,-0.031001595898499,0.103439993769761,0.0771843160928099,0.991151678649612,-0.031001595898499,0.103439993769761,0.0771843160928099,0.991146937983107,-0.0310837974805881,0.1034897588215,0.0771454125659114,0.991146937983107,-0.0310837974805881,0.1034897588215,0.0771454125659114,0.991150771895742,-0.031017394751905,0.103449556069474,0.0771767966574668,0.991151678649612,-0.031001595898499,0.103439993769761,0.0771843160928099,0.991146937983107,-0.0310837974805881,0.1034897588215,0.0771454125659114,0.991146937983107,-0.0310837974805881,0.1034897588215,0.0771454125659114,0.991150771895742,-0.031017394751905,0.103449556069474,0.0771767966574668,0.991430014760308,0.0173675057523808,-0.0909677358980368,0.0921399294654711,0.973930350616943,0.00910319722913469,-0.00450458748941071,0.226619753417295,0.99019650148646,0.00640124795064984,-0.00220258314949284,0.139517243006444,0.99019650148646,0.00640124795064984,-0.00220258314949284,0.139517243006444,0.991317369980631,-0.0329048952250694,0.0161852412333927,0.126274216731402,0.984898674181102,-0.028929666337192,0.0806767006043365,0.150429205879462,0.994661653595941,-0.0156089778652778,-0.00416996504814758,0.1019174473154,0.994661653595941,-0.0156089778652778,-0.00416996504814758,0.1019174473154
311,1081,0.99122284326613,-0.0295079452264703,0.102509872737451,0.0780914985595293,0.99122284326613,-0.0295079452264703,0.102509872737451,0.0780914985595293,0.995151696750507,-0.0255010053796081,0.0520009564895241,0.0794902491088721,0.995154377405964,-0.0254969055906975,0.0519496309032818,0.0794915642320642,0.99122284326613,-0.0295079452264703,0.102509872737451,0.0780914985595293,0.973969175102579,-0.0379056913176707,0.210748772170185,0.0743784884525815,0.99122284326613,-0.0295079452264703,0.102509872737451,0.0780914985595293,0.99122284326613,-0.0295079452264703,0.102509872737451,0.0780914985595293,0.991219150271481,-0.0295867409406502,0.102558877653788,0.0780442022829961,0.991219150271481,-0.0295867409406502,0.102558877653788,0.0780442022829961,0.991222142194443,-0.0295230403165371,0.10251927160842,0.0780823530819009,0.99122284326613,-0.0295079452264703,0.102509872737451,0.0780914985595293,0.991219150271481,-0.0295867409406502,0.102558877653788,0.0780442022829961,0.991219150271481,-0.0295867409406502,0.102558877653788,0.0780442022829961,0.991222142194443,-0.0295230403165371,0.10251927160842,0.0780823530819009,0.991862898630776,0.0186177162713952,-0.088990726699374,0.0891180201873376,0.974627857521062,0.0154982350256712,-0.00901169124860202,0.223112378580468,0.990675284632196,0.0070794268401907,-0.00449288053663675,0.135985941034416,0.990675284632196,0.0070794268401907,-0.00449288053663675,0.135985941034416,0.991436495642109,-0.0328713205421931,0.0166903652506822,0.125278023222374,0.98492670787324,-0.0290828860743968,0.0809355441712366,0.150076658895614,0.994658184674717,-0.0157271818646202,-0.00431674453901172,0.101927018629899,0.994658184674717,-0.0157271818646202,-0.00431674453901172,0.101927018629899
312,1082,0.991268331958259,-0.0281761026960671,0.101628212894493,0.0791511695265646,0.991268331958259,-0.0281761026960671,0.101628212894493,0.0791511695265646,0.995152318482598,-0.0241170288394077,0.0511181241649879,0.0804808630701826,0.995154953605473,-0.024112877960857,0.0510667985478537,0.0804821068126768,0.991268331958259,-0.0281761026960671,0.101628212894493,0.0791511695265646,0.974111215079402,-0.0366982810096311,0.209877441036355,0.0755780164565097,0.991268331958259,-0.0281761026960671,0.101628212894493,0.0791511695265646,0.991268331958259,-0.0281761026960671,0.101628212894493,0.0791511695265646,0.991265969016445,-0.0282466373890139,0.101674756021082,0.0790958288037662,0.991265969016445,-0.0282466373890139,0.101674756021082,0.0790958288037662,0.991267888474151,-0.0281895726040953,0.101637125375052,0.0791404828257473,0.991268331958259,-0.0281761026960671,0.101628212894493,0.0791511695265646,0.991265969016445,-0.0282466373890139,0.101674756021082,0.0790958288037662,0.991265969016445,-0.0282466373890139,0.101674756021082,0.0790958288037662,0.991267888474151,-0.0281895726040953,0.101637125375052,0.0791404828257473,0.992201782561364,0.0197096823697296,-0.0871781724373797,0.0868741466341709,0.975269361608849,0.0197167260831672,-0.0114344421979676,0.219841253069689,0.990781847598261,0.00230490794203082,-0.00693923869285523,0.135269600559467,0.990781847598261,0.00230490794203082,-0.00693923869285523,0.135269600559467,0.99156891299619,-0.0328871897303322,0.01717441053336,0.124155399214158,0.984956895333871,-0.0292712247937485,0.0812142959422702,0.14969084096209,0.99465447207967,-0.0158633856304443,-0.00445123049227183,0.101936356200122,0.99465447207967,-0.0158633856304443,-0.00445123049227183,0.101936356200122
313,1083,0.991278297785884,-0.0270577916788946,0.100853470350316,0.0803976975197609,0.991278297785884,-0.0270577916788946,0.100853470350316,0.0803976975197609,0.995122897062918,-0.022936811320859,0.0503438763315769,0.0816689447920612,0.995125492253557,-0.0229325991678847,0.0502925522328989,0.0816701276625827,0.991278297785884,-0.0270577916788946,0.100853470350316,0.0803976975197609,0.974206205095961,-0.0357236317792292,0.209108479253019,0.0769398205711416,0.991278297785884,-0.0270577916788946,0.100853470350316,0.0803976975197609,0.991278297785884,-0.0270577916788946,0.100853470350316,0.0803976975197609,0.991277770406858,-0.0271172364327486,0.100894543720701,0.0803326112662278,0.991277770406858,-0.0271172364327486,0.100894543720701,0.0803326112662278,0.991278210747575,-0.0270691099602295,0.100861308640279,0.0803851267487749,0.991278297785884,-0.0270577916788946,0.100853470350316,0.0803976975197609,0.991277770406858,-0.0271172364327486,0.100894543720701,0.0803326112662278,0.991277770406858,-0.0271172364327486,0.100894543720701,0.0803326112662278,0.991278210747575,-0.0270691099602295,0.100861308640279,0.0803851267487749,0.992405587198672,0.0206634168066888,-0.0858227825846547,0.085665767329543,0.975708772280924,0.0228036533921419,-0.0126261045684259,0.217515439841519,0.991043575929877,0.00132729477511199,-0.00853323358641089,0.133259344217443,0.991043575929877,0.00132729477511199,-0.00853323358641089,0.133259344217443,0.991688676954584,-0.0330115948789749,0.0176328804499311,0.123097051673268,0.985002854816222,-0.0295106123530671,0.0815196385844513,0.149174556434737,0.994650892043284,-0.0159724078415518,-0.00454183506033676,0.101950266696699,0.994650892043284,-0.0159724078415518,-0.00454183506033676,0.101950266696699
314,1084,0.991255802328963,-0.0260951824776578,0.100216102815075,0.081778411192564,0.991255802328963,-0.0260951824776578,0.100216102815075,0.081778411192564,0.995068038052529,-0.0219052747505094,0.0497084757417592,0.0829989519441483,0.995070600472093,-0.0219009940030287,0.0496571544733111,0.0830000816108131,0.991255802328963,-0.0260951824776578,0.100216102815075,0.081778411192564,0.974253843259279,-0.0349184792112318,0.208472496528445,0.0784178990747464,0.991255802328963,-0.0260951824776578,0.100216102815075,0.081778411192564,0.991255802328963,-0.0260951824776578,0.100216102815075,0.081778411192564,0.99125698538462,-0.026146287434433,0.100250033438873,0.0817061281367331,0.99125698538462,-0.026146287434433,0.100250033438873,0.0817061281367331,0.991256042637677,-0.0261049221849638,0.100222556517172,0.0817644796789588,0.991255802328963,-0.0260951824776578,0.100216102815075,0.081778411192564,0.99125698538462,-0.026146287434433,0.100250033438873,0.0817061281367331,0.99125698538462,-0.026146287434433,0.100250033438873,0.0817061281367331,0.991256042637677,-0.0261049221849638,0.100222556517172,0.0817644796789588,0.992470980759345,0.0215908173030954,-0.0851391329534838,0.0853610976891493,0.975909970523811,0.0244999849432609,-0.0126517861124167,0.216424149480045,0.991343204422702,0.00361757782956158,-0.00922685242481073,0.130921462602227,0.991343204422702,0.00361757782956158,-0.00922685242481073,0.130921462602227,0.991777893352297,-0.0332702629535123,0.0180933444774371,0.122238826672643,0.985062813883525,-0.0298276093696226,0.0818347260206945,0.148541724913514,0.994646370207116,-0.0160504211507993,-0.00462620588889175,0.101978333158395,0.994646370207116,-0.0160504211507993,-0.00462620588889175,0.101978333158395
315,1085,0.991205018662561,-0.0252082875738121,0.0997380527042421,0.0832434625572146,0.991205018662561,-0.0252082875738121,0.0997380527042421,0.0832434625572146,0.994993024302487,-0.0209450683779845,0.0492336243686483,0.0844170357899397,0.99499556223142,-0.0209407144932967,0.0491823069697087,0.0844181159315264,0.991205018662561,-0.0252082875738121,0.0997380527042421,0.0832434625572146,0.974255867622577,-0.0341978451674581,0.207991760851389,0.079971489962492,0.991205018662561,-0.0252082875738121,0.0997380527042421,0.0832434625572146,0.991205018662561,-0.0252082875738121,0.0997380527042421,0.0832434625572146,0.991207699584021,-0.0252551896944651,0.0997636600657398,0.0831666027269237,0.991207699584021,-0.0252551896944651,0.0997636600657398,0.0831666027269237,0.991205544744056,-0.0252172543276277,0.099742899338995,0.0832286740508738,0.991205018662561,-0.0252082875738121,0.0997380527042421,0.0832434625572146,0.991207699584021,-0.0252551896944651,0.0997636600657398,0.0831666027269237,0.991207699584021,-0.0252551896944651,0.0997636600657398,0.0831666027269237,0.991205544744056,-0.0252172543276277,0.099742899338995,0.0832286740508738,0.992443754271164,0.0228660169656707,-0.0850086166171407,0.0854755811745322,0.975952732364253,0.0246343138720641,-0.0116814998022825,0.216270565110398,0.991343841339531,0.00329548456173663,-0.00903360037966318,0.130938619527878,0.991343841339531,0.00329548456173663,-0.00903360037966318,0.130938619527878,0.991813291306782,-0.0335777595806558,0.0186551582394628,0.121782241397556,0.985117378712726,-0.0302062004004296,0.082188832031139,0.147906495817098,0.994643167527951,-0.0161197321564221,-0.00471889696995184,0.101994389730791,0.994643167527951,-0.0161197321564221,-0.00471889696995184,0.101994389730791
316,1086,0.991142509514688,-0.0243316301096694,0.0993495374698905,0.084700454624823,0.991142509514688,-0.0243316301096694,0.0993495374698905,0.084700454624823,0.994910850611859,-0.0199954958091119,0.0488487880846785,0.0858275910461972,0.99491336869275,-0.0199910691754941,0.0487974749244058,0.0858286222111603,0.991142509514688,-0.0243316301096694,0.0993495374698905,0.084700454624823,0.974236404450327,-0.0334865015435226,0.20759873074336,0.0815159459972166,0.991142509514688,-0.0243316301096694,0.0993495374698905,0.084700454624823,0.991142509514688,-0.0243316301096694,0.0993495374698905,0.084700454624823,0.991145848617217,-0.0243778100689068,0.0993702515899417,0.0846237687889864,0.991145848617217,-0.0243778100689068,0.0993702515899417,0.0846237687889864,0.991143155121414,-0.0243404867309119,0.0993534726196514,0.0846857381150337,0.991142509514688,-0.0243316301096694,0.0993495374698905,0.084700454624823,0.991145848617217,-0.0243778100689068,0.0993702515899417,0.0846237687889864,0.991145848617217,-0.0243778100689068,0.0993702515899417,0.0846237687889864,0.991143155121414,-0.0243404867309119,0.0993534726196514,0.0846857381150337,0.992367340745487,0.0246828229452492,-0.0849913119281868,0.0858737222316001,0.975840757746447,0.0232386671391147,-0.00983201162835478,0.217020993034725,0.991014697829883,0.000119402284938416,-0.00833173570742906,0.13349320809817,0.991014697829883,0.000119402284938416,-0.00833173570742906,0.13349320809817,0.99177856305976,-0.0340073763450317,0.0193312602559791,0.121840398005588,0.985152962542533,-0.0305562125357085,0.0825908177364388,0.147372708106927,0.994635228758627,-0.016241262343053,-0.00485489404466512,0.102046132281409,0.994635228758627,-0.016241262343053,-0.00485489404466512,0.102046132281409
317,1087,0.991067265655806,-0.0233679021059173,0.0990646333788795,0.0861731658360125,0.991067265655806,-0.0233679021059173,0.0990646333788795,0.0861731658360125,0.994821224446689,-0.0189581663353369,0.0485680762575477,0.0872494199879537,0.994823728049826,-0.0189536663714591,0.048516767720169,0.0872503976501658,0.991067265655806,-0.0233679021059173,0.0990646333788795,0.0861731658360125,0.974192904721242,-0.0326903403766232,0.207307286489782,0.0830855884320088,0.991067265655806,-0.0233679021059173,0.0990646333788795,0.0861731658360125,0.991067265655806,-0.0233679021059173,0.0990646333788795,0.0861731658360125,0.991071277662346,-0.0234183994872439,0.0990799225804732,0.0860957031426571,0.991071277662346,-0.0234183994872439,0.0990799225804732,0.0860957031426571,0.991068040482654,-0.0233776283330788,0.0990675233653519,0.0861582929360189,0.991067265655806,-0.0233679021059173,0.0990646333788795,0.0861731658360125,0.991071277662346,-0.0234183994872439,0.0990799225804732,0.0860957031426571,0.991071277662346,-0.0234183994872439,0.0990799225804732,0.0860957031426571,0.991068040482654,-0.0233776283330788,0.0990675233653519,0.0861582929360189,0.992251485569203,0.0267983252041604,-0.0847659934085812,0.0867961146216763,0.975483258613998,0.0209151436608842,-0.00753930692470504,0.21894777409363,0.990464612256573,-8.62467903519584e-05,-0.00795263977049195,0.137537631030955,0.990464612256573,-8.62467903519584e-05,-0.00795263977049195,0.137537631030955,0.991690712826227,-0.0344893888440415,0.0200134029597627,0.122308936114021,0.985151109781567,-0.0309341249641347,0.0830566377818441,0.147044094506461,0.994627637114717,-0.0164000525457767,-0.00506643205810033,0.102084440686578,0.994627637114717,-0.0164000525457767,-0.00506643205810033,0.102084440686578
318,1088,0.990982949992888,-0.0223432875586014,0.0988596674083185,0.0876375289723708,0.990982949992888,-0.0223432875586014,0.0988596674083185,0.0876375289723708,0.994726600857697,-0.0178604532718354,0.0483676602988329,0.0886598172355102,0.994729094124393,-0.0178558805673741,0.0483163566419865,0.0886607382806683,0.990982949992888,-0.0223432875586014,0.0988596674083185,0.0876375289723708,0.974131609025952,-0.0318327441486589,0.207094300532874,0.0846536200246363,0.990982949992888,-0.0223432875586014,0.0988596674083185,0.0876375289723708,0.990982949992888,-0.0223432875586014,0.0988596674083185,0.0876375289723708,0.990987450858768,-0.0223970450918425,0.0988706886011325,0.0875604451058461,0.990987450858768,-0.0223970450918425,0.0988706886011325,0.0875604451058461,0.990983817127394,-0.0223536313379608,0.0988617475880408,0.0876227380390746,0.990982949992888,-0.0223432875586014,0.0988596674083185,0.0876375289723708,0.990987450858768,-0.0223970450918425,0.0988706886011325,0.0875604451058461,0.990987450858768,-0.0223970450918425,0.0988706886011325,0.0875604451058461,0.990983817127394,-0.0223536313379608,0.0988617475880408,0.0876227380390746,0.992084860555006,0.0288753997113591,-0.0841926029523882,0.0885745243123821,0.974846784281485,0.0187411778110229,-0.00575234018308527,0.222012220413025,0.989723818774449,-0.00141477010351788,-0.00894031008118226,0.142705402251379,0.989723818774449,-0.00141477010351788,-0.00894031008118226,0.142705402251379,0.99154713286127,-0.0349106022521129,0.0206700386751345,0.123240750834127,0.985113304207686,-0.0312867125549194,0.0835599511171223,0.146937585592744,0.994618998890468,-0.0165956435213159,-0.00528903003453579,0.102125696196069,0.994618998890468,-0.0165956435213159,-0.00528903003453579,0.102125696196069
319,1089,0.990897111711098,-0.0212874049888883,0.0986596180418893,0.0890844552055596,0.990897111711098,-0.0212874049888883,0.0986596180418893,0.0890844552055596,0.994630706491723,-0.0167323987809406,0.0481722319738541,0.0900512109938999,0.99463318967922,-0.0167277543160519,0.0481209332630743,0.0900520738571528,0.990897111711098,-0.0212874049888883,0.0986596180418893,0.0890844552055595,0.974068259966142,-0.0309421540619842,0.206886034221987,0.0862077541317296,0.990897111711098,-0.0212874049888883,0.0986596180418893,0.0890844552055595,0.990897111711098,-0.0212874049888883,0.0986596180418893,0.0890844552055595,0.990901713548736,-0.0213428888507242,0.0986701800270934,0.0890082622856157,0.990901713548736,-0.0213428888507242,0.0986701800270934,0.0890082622856157,0.990897995059129,-0.0212980676083118,0.0986616409607365,0.0890698394906246,0.990897111711098,-0.0212874049888883,0.0986596180418893,0.0890844552055595,0.990901713548736,-0.0213428888507242,0.0986701800270934,0.0890082622856157,0.990901713548736,-0.0213428888507242,0.0986701800270934,0.0890082622856157,0.990897995059129,-0.0212980676083118,0.0986616409607365,0.0890698394906246,0.991859315719517,0.0304170728146887,-0.0832470351085825,0.0914321094989475,0.973988108425817,0.0172166223907017,-0.0049105820932661,0.225890767279366,0.989532487413423,0.00393412098168609,-0.00895151148964041,0.143978642470178,0.989532487413423,0.00393412098168609,-0.00895151148964041,0.143978642470178,0.991352803072959,-0.0352798463681615,0.0213394718481207,0.124577603207275,0.985049505279335,-0.0316132494818657,0.0840899358868303,0.146993051838121,0.994610267046284,-0.0168039391548932,-0.00559015956600613,0.102160630533622,0.994610267046284,-0.0168039391548932,-0.00559015956600613,0.102160630533622
320,1090,0.990819898631771,-0.0201874452538477,0.0983694815848844,0.0905087875411611,0.990819898631771,-0.0201874452538477,0.0983694815848844,0.0905087875411611,0.994538847728905,-0.0155614723644205,0.0478863946232578,0.0914177999401622,0.994541316174298,-0.0155567574184838,0.0478351006505263,0.0914186024103988,0.990819898631771,-0.0201874452538477,0.0983694815848844,0.0905087875411611,0.97402337756168,-0.0300052720979115,0.206589172986605,0.0877442716898285,0.990819898631771,-0.0201874452538477,0.0983694815848844,0.0905087875411611,0.990819898631771,-0.0201874452538477,0.0983694815848844,0.0905087875411611,0.990824076065828,-0.020245219235249,0.0983845251224364,0.0904337691509468,0.990824076065828,-0.020245219235249,0.0983845251224364,0.0904337691509468,0.990820696249972,-0.0201985518229831,0.098372404833669,0.0904943995737653,0.990819898631771,-0.0201874452538477,0.0983694815848844,0.0905087875411611,0.990824076065828,-0.020245219235249,0.0983845251224364,0.0904337691509468,0.990824076065828,-0.020245219235249,0.0983845251224364,0.0904337691509468,0.990820696249972,-0.0201985518229831,0.098372404833669,0.0904943995737653,0.991557677132627,0.0306693084592468,-0.0821696858386744,0.095503451074579,0.972896652306917,0.0165681446132543,-0.00478755999861848,0.230596356830127,0.989228650502783,0.00566647985041741,-0.00747878701345231,0.146077499209681,0.989228650502783,0.00566647985041741,-0.00747878701345231,0.146077499209681,0.991112408580667,-0.0356587467582906,0.022042398322355,0.126248881235658,0.984967481388403,-0.0319243634581005,0.0846687770509033,0.147143106593161,0.994601667901131,-0.0170383767716481,-0.00583715853883817,0.102191699787552,0.994601667901131,-0.0170383767716481,-0.00583715853883817,0.102191699787552
321,1091,0.990751971638387,-0.0191068503915194,0.0979708313525842,0.0919085152031508,0.990751971638387,-0.0191068503915194,0.0979708313525842,0.0919085152031509,0.994450748108108,-0.0144111362669192,0.047491711787352,0.0927608001810463,0.994453196197626,-0.0144063520565081,0.0474404223589337,0.0927615433202556,0.990751971638387,-0.0191068503915194,0.0979708313525842,0.0919085152031508,0.973999642370371,-0.0290849357152251,0.206185474182004,0.0892542066973481,0.990751971638387,-0.0191068503915194,0.0979708313525842,0.0919085152031508,0.990751971638387,-0.0191068503915194,0.0979708313525842,0.0919085152031508,0.990755662679599,-0.019163770523228,0.0979915245397251,0.0918347858168281,0.990755662679599,-0.019163770523228,0.0979915245397251,0.0918347858168281,0.990752675350918,-0.0191177677294932,0.0979748487178907,0.0918943755664393,0.990751971638387,-0.0191068503915194,0.0979708313525842,0.0919085152031508,0.990755662679599,-0.019163770523228,0.0979915245397251,0.0918347858168281,0.990755662679599,-0.019163770523228,0.0979915245397251,0.0918347858168281,0.990752675350918,-0.0191177677294932,0.0979748487178907,0.0918943755664393,0.991155908130021,0.0295299810546288,-0.0812623121606089,0.100669670805951,0.971486926585232,0.0167423665225362,-0.00495025887521602,0.236449444013459,0.988104180637732,-0.00833814909442654,-0.0107846058425234,0.153180598486678,0.988104180637732,-0.00833814909442654,-0.0107846058425234,0.153180598486678,0.990842729036288,-0.0361158177603115,0.022706738472349,0.12810440293516,0.984867211421839,-0.0322382758510678,0.0852947456133833,0.147384109750912,0.994592527285027,-0.0172554486268405,-0.00606978422180593,0.102230679744245,0.994592527285027,-0.0172554486268405,-0.00606978422180593,0.102230679744245
322,1092,0.990683105652169,-0.018162015731545,0.0975459642900774,0.093284029772838,0.990683105652169,-0.018162015731545,0.0975459642900774,0.093284029772838,0.994360378302558,-0.0133976154993273,0.0470708937232129,0.0940865182957941,0.994362804688264,-0.0133927629155953,0.0470196089562286,0.0940872091603278,0.990683105652169,-0.018162015731545,0.0975459642900774,0.093284029772838,0.973977853074274,-0.0282968791927732,0.205755614005392,0.0907251654947084,0.990683105652169,-0.018162015731545,0.0975459642900774,0.093284029772838,0.990683105652169,-0.018162015731545,0.0975459642900774,0.093284029772838,0.990686811329402,-0.0182121049254029,0.0975682499776079,0.0932115748631893,0.990686811329402,-0.0182121049254029,0.0975682499776079,0.0932115748631893,0.990683816224864,-0.0181715735290632,0.0975502546012008,0.0932701346244322,0.990683105652169,-0.018162015731545,0.0975459642900774,0.093284029772838,0.990686811329402,-0.0182121049254029,0.0975682499776079,0.0932115748631893,0.990686811329402,-0.0182121049254029,0.0975682499776079,0.0932115748631893,0.990683816224864,-0.0181715735290632,0.0975502546012008,0.0932701346244322,0.990655517302236,0.0278379490018809,-0.0805275362246382,0.106498875785608,0.969778255240785,0.0171845697893795,-0.00472135009922103,0.243336259272091,0.987205147432705,-0.0211315858266473,-0.0144726678971623,0.157384862190623,0.987205147432705,-0.0211315858266473,-0.0144726678971623,0.157384862190623,0.990558812184672,-0.0366405000857839,0.0233331097651662,0.130024149085629,0.984740674584533,-0.032585849544829,0.0859945300176429,0.147746089746174,0.994582334534124,-0.0174450594260998,-0.00625636394210976,0.102286400095502,0.994582334534124,-0.0174450594260998,-0.00625636394210976,0.102286400095502
323,1093,0.990606416725917,-0.0173790932875297,0.0971277230287073,0.0946736482723729,0.990606416725917,-0.0173790932875297,0.0971277230287073,0.0946736482723729,0.994262532406465,-0.0125450809113954,0.046657090479219,0.0954345509007308,0.994264937450163,-0.0125401588032459,0.046605810759243,0.0954351977935133,0.990606416725917,-0.0173790932875297,0.0971277230287073,0.0946736482723729,0.973947560493091,-0.0276713044414868,0.205331480413646,0.0921923612410713,0.990606416725917,-0.0173790932875297,0.0971277230287073,0.0946736482723729,0.990606416725917,-0.0173790932875297,0.0971277230287073,0.0946736482723729,0.990610507793942,-0.0174207451419269,0.0971497563816441,0.0946005513827282,0.990610507793942,-0.0174207451419269,0.0971497563816441,0.0946005513827282,0.990607204364771,-0.0173870183329799,0.0971319496841202,0.0946596144333146,0.990606416725917,-0.0173790932875297,0.0971277230287073,0.0946736482723729,0.990610507793942,-0.0174207451419269,0.0971497563816441,0.0946005513827282,0.990610507793942,-0.0174207451419269,0.0971497563816441,0.0946005513827282,0.990607204364771,-0.0173870183329799,0.0971319496841202,0.0946596144333146,0.990124332460051,0.0263750902832702,-0.0797003242714469,0.112276530023481,0.967966525383883,0.0174393941459506,-0.0039078681000486,0.250442412212842,0.98858061115897,-0.00679216625350045,-0.0118302617697458,0.150074270361715,0.98858061115897,-0.00679216625350045,-0.0118302617697458,0.150074270361715,0.990272361573849,-0.0372808741602988,0.0238907820072766,0.131909123489913,0.984594100600466,-0.0329059015291707,0.0867319068467357,0.148220224807684,0.994573575989509,-0.0176078490820205,-0.00640128111114797,0.102334692036878,0.994573575989509,-0.0176078490820205,-0.00640128111114797,0.102334692036878
324,1094,0.990528766936073,-0.0166925459273963,0.0966669903418985,0.0960708788385126,0.990528766936073,-0.0166925459273963,0.0966669903418985,0.0960708788385126,0.994161567367182,-0.0117884099974854,0.0462008995549344,0.0967950837598356,0.994163948882707,-0.0117834177200831,0.0461496250428947,0.096795691625074,0.990528766936073,-0.0166925459273963,0.0966669903418985,0.0960708788385126,0.973920979391848,-0.027142357796934,0.204865006894983,0.0936565388190575,0.990528766936073,-0.0166925459273963,0.0966669903418985,0.0960708788385126,0.990528766936073,-0.0166925459273963,0.0966669903418985,0.0960708788385126,0.990532922953677,-0.016728957068209,0.0966911353867887,0.0959973691195183,0.990532922953677,-0.016728957068209,0.0966911353867887,0.0959973691195183,0.990529564530988,-0.0166994908773628,0.0966716412275938,0.096056767470347,0.990528766936073,-0.0166925459273963,0.0966669903418985,0.0960708788385126,0.990532922953677,-0.016728957068209,0.0966911353867887,0.0959973691195183,0.990532922953677,-0.016728957068209,0.0966911353867887,0.0959973691195183,0.990529564530988,-0.0166994908773628,0.0966716412275938,0.096056767470347,0.989650796423483,0.0251960448563712,-0.0787968376477911,0.117249813810807,0.966509989190152,0.0172263909715735,-0.00281333185007017,0.256034719156697,0.989290786944418,0.00278438151628608,-0.0105641780443338,0.145548563128302,0.989290786944418,0.00278438151628608,-0.0105641780443338,0.145548563128302,0.990012031726005,-0.0380204413388502,0.0243690859529458,0.133554373675911,0.984441444635542,-0.0332537027504497,0.087538156387287,0.148681890334995,0.994561761584617,-0.0177653368929315,-0.00654378958307125,0.102413251177166,0.994561761584617,-0.0177653368929315,-0.00654378958307125,0.102413251177166
325,1095,0.990452168724596,-0.0161028059728093,0.096158542312452,0.0974614582739774,0.990452168724596,-0.0161028059728093,0.096158542312452,0.0974614582739774,0.994059227533356,-0.0111287594122024,0.045697001506653,0.098153894079825,0.994061583060187,-0.0111236970542591,0.0456457322735188,0.0981544679214006,0.990452168724596,-0.0161028059728093,0.096158542312452,0.0974614582739774,0.973900683745308,-0.0267089025400958,0.20435122214299,0.0951034738282038,0.990452168724596,-0.0161028059728093,0.096158542312452,0.0974614582739774,0.990452168724596,-0.0161028059728093,0.096158542312452,0.0974614582739774,0.990456272909922,-0.0161341146229909,0.0961851784321439,0.0973882603227709,0.990456272909922,-0.0161341146229909,0.0961851784321439,0.0973882603227709,0.99045295542252,-0.0161087730315583,0.0961636745406484,0.09744741261344,0.990452168724596,-0.0161028059728093,0.096158542312452,0.0974614582739774,0.990456272909922,-0.0161341146229909,0.0961851784321439,0.0973882603227709,0.990456272909922,-0.0161341146229909,0.0961851784321439,0.0973882603227709,0.99045295542252,-0.0161087730315583,0.0961636745406484,0.09744741261344,0.989296494871142,0.0241915516136256,-0.0779434228425709,0.120962956733795,0.965742282006045,0.0166830276615735,-0.00173056787797643,0.25896047279193,0.988661879065259,-0.00625437753750688,-0.0128727147949194,0.149475298489681,0.988661879065259,-0.00625437753750688,-0.0128727147949194,0.149475298489681,0.989783475214544,-0.0388303104050498,0.0247991462090957,0.134929172284455,0.984298218776301,-0.0335922538710367,0.0883982678305403,0.149044702147462,0.994552701856186,-0.017889074418065,-0.00660195822941407,0.102475940564422,0.994552701856186,-0.017889074418065,-0.00660195822941407,0.102475940564422
326,1096,0.99037500228593,-0.0156259983071895,0.0956928272653407,0.0987727990593228,0.99037500228593,-0.0156259983071895,0.0956928272653407,0.0987727990593228,0.993958492004511,-0.010585922281453,0.0452358100956417,0.099439307653265,0.993960823745266,-0.0105807936282926,0.0451845460586134,0.0994398534959959,0.99037500228593,-0.0156259983071895,0.0956928272653407,0.0987727990593228,0.973875130248776,-0.0263789942460782,0.203879849484494,0.0964592469371134,0.99037500228593,-0.0156259983071895,0.0956928272653407,0.0987727990593228,0.99037500228593,-0.0156259983071895,0.0956928272653407,0.0987727990593228,0.990379122838074,-0.0156514050328611,0.0957174503429684,0.0987035777812866,0.990379122838074,-0.0156514050328611,0.0957174503429684,0.0987035777812866,0.990375792688536,-0.0156308262277376,0.0956975367902159,0.0987595462741557,0.99037500228593,-0.0156259983071895,0.0956928272653407,0.0987727990593228,0.990379122838074,-0.0156514050328611,0.0957174503429684,0.0987035777812866,0.990379122838074,-0.0156514050328611,0.0957174503429684,0.0987035777812866,0.990375792688536,-0.0156308262277376,0.0956975367902159,0.0987595462741557,0.989094506533317,0.0235464886668007,-0.0771958055178202,0.123200761473024,0.9655671584718,0.0161388205160292,-0.000731401207522421,0.259651816872749,0.988189111189058,-0.0126032172580894,-0.0145557854900546,0.152024894510383,0.988189111189058,-0.0126032172580894,-0.0145557854900546,0.152024894510383,0.989582150074535,-0.0396262361885187,0.0251870569054633,0.13609754525278,0.984167463524593,-0.0339389934067107,0.0893085824938907,0.149286722648199,0.994546955520914,-0.0179873586354391,-0.0065962537668771,0.102514865408118,0.994546955520914,-0.0179873586354391,-0.0065962537668771,0.102514865408118
327,1097,0.990289170322285,-0.0152982378113962,0.0954082613049596,0.0999529226037497,0.990289170322285,-0.0152982378113962,0.0954082613049596,0.0999529226037498,0.993858308602228,-0.010198608497834,0.0449559740763413,0.100601248510509,0.993860625910414,-0.0101934199174255,0.0449047152067013,0.100601774375765,0.990289170322285,-0.0152982378113962,0.0954082613049596,0.0999529226037497,0.973821069326073,-0.026182820903604,0.203587578499914,0.0976682277237333,0.990289170322285,-0.0152982378113962,0.0954082613049596,0.0999529226037497,0.990289170322285,-0.0152982378113962,0.0954082613049596,0.0999529226037497,0.990293710032133,-0.0153158968278268,0.0954237248158697,0.0998904595915827,0.990293710032133,-0.0153158968278268,0.0954237248158697,0.0998904595915827,0.99029004451646,-0.0153015638195877,0.0954111548284832,0.0999409896416847,0.990289170322285,-0.0152982378113962,0.0954082613049596,0.0999529226037497,0.990293710032133,-0.0153158968278268,0.0954237248158697,0.0998904595915827,0.990293710032133,-0.0153158968278268,0.0954237248158697,0.0998904595915827,0.99029004451646,-0.0153015638195877,0.0954111548284832,0.0999409896416847,0.989033236743395,0.023604287917327,-0.0765530798882736,0.124079491328822,0.965616148496775,0.0156858112417986,0.00013381905516526,0.259498345236344,0.988509058046794,-0.00936973839317725,-0.0141434639115246,0.150206566402627,0.988509058046794,-0.00936973839317725,-0.0141434639115246,0.150206566402627,0.989419688424015,-0.0402947503847536,0.0255739764265435,0.137007244261356,0.984057128176133,-0.0343229304799535,0.090239860533576,0.149366236144218,0.99454181403036,-0.0180830219827699,-0.00654367800066068,0.102551278584894,0.99454181403036,-0.0180830219827699,-0.00654367800066068,0.102551278584894
328,1098,0.990201193152562,-0.015099663833703,0.0952916712762557,0.100960856854181,0.990201193152562,-0.015099663833703,0.0952916712762557,0.100960856854181,0.993764519726269,-0.00994906537851357,0.0448440059383196,0.101597788178264,0.993766831259759,-0.00994382540133445,0.0447927519060434,0.101598301171866,0.990201193152562,-0.015099663833703,0.0952916712762556,0.100960856854181,0.973746428569858,-0.0260961423250641,0.203462031796663,0.0986918731222148,0.990201193152562,-0.015099663833703,0.0952916712762556,0.100960856854181,0.990201193152562,-0.015099663833703,0.0952916712762556,0.100960856854181,0.990205847653393,-0.015110475922576,0.0952982767122661,0.100907339901965,0.990205847653393,-0.015110475922576,0.0952982767122661,0.100907339901965,0.990202087073027,-0.0151016829163797,0.0952928666323059,0.100950658731445,0.990201193152562,-0.015099663833703,0.0952916712762556,0.100960856854181,0.990205847653393,-0.015110475922576,0.0952982767122661,0.100907339901965,0.990205847653393,-0.015110475922576,0.0952982767122661,0.100907339901965,0.990202087073027,-0.0151016829163797,0.0952928666323059,0.100950658731445,0.98903358014663,0.0242094432681214,-0.0761718836627999,0.124194703342165,0.965521266745238,0.015266788278579,0.000886781934315708,0.259874627957655,0.98874820736343,-0.0067169564270617,-0.0138660123138265,0.148793812487189,0.98874820736343,-0.0067169564270617,-0.0138660123138265,0.148793812487189,0.989302009699835,-0.0407680447032217,0.0259572504086691,0.137643457113535,0.983957135871078,-0.034731874538305,0.0912264519296843,0.149331129131745,0.994537633178892,-0.0181454264954145,-0.00644022410545818,0.102587344256974,0.994537633178892,-0.0181454264954145,-0.00644022410545818,0.102587344256974
329,1099,0.990125803655438,-0.0149799648413156,0.0952680067312425,0.101737409454346,0.990125803655438,-0.0149799648413156,0.0952680067312425,0.101737409454346,0.993688024963127,-0.00979005471296808,0.0448242034592092,0.102367253835615,0.993690335475394,-0.00978477505036973,0.0447729533722205,0.102367758627128,0.990125803655438,-0.0149799648413156,0.0952680067312425,0.101737409454346,0.973674093999759,-0.0260624506274604,0.203430230901458,0.099476874178974,0.990125803655438,-0.0149799648413156,0.0952680067312425,0.101737409454346,0.990125803655438,-0.0149799648413156,0.0952680067312425,0.101737409454346,0.990129822631102,-0.0149864906499519,0.0952695218445595,0.101695907695499,0.990129822631102,-0.0149864906499519,0.0952695218445595,0.101695907695499,0.990126569627538,-0.0149811820696696,0.0952682556321968,0.101729542268697,0.990125803655438,-0.0149799648413156,0.0952680067312425,0.101737409454346,0.990129822631102,-0.0149864906499519,0.0952695218445595,0.101695907695499,0.990129822631102,-0.0149864906499519,0.0952695218445595,0.101695907695499,0.990126569627538,-0.0149811820696696,0.0952682556321968,0.101729542268697,0.989006537088279,0.024821102704371,-0.075965840214963,0.12441532694015,0.965120567220788,0.0149273874271528,0.00160255564873578,0.261375009607684,0.988571457915716,-0.00887809728815594,-0.0143960494942367,0.149801220762375,0.988571457915716,-0.00887809728815594,-0.0143960494942367,0.149801220762375,0.989238224685396,-0.0410259169282987,0.0263405140401608,0.137952115901057,0.983869482433113,-0.035158513985796,0.0922017084722251,0.149209803250025,0.994534827597117,-0.0181918496463178,-0.00630019809997943,0.102615012579641,0.994534827597117,-0.0181918496463178,-0.00630019809997943,0.102615012579641
330,1100,0.99005273529275,-0.0149865385931328,0.0953426759110475,0.102375578877294,0.99005273529275,-0.0149865385931328,0.0953426759110475,0.102375578877294,0.993618845902518,-0.00976418659124627,0.0449024896624129,0.103004932647305,0.993621160452533,-0.00975887404003345,0.0448512431432696,0.103005436103806,0.99005273529275,-0.0149865385931328,0.0953426759110475,0.102375578877294,0.973593267229434,-0.0261390702304903,0.203496423840941,0.100110461476062,0.99005273529275,-0.0149865385931328,0.0953426759110475,0.102375578877294,0.99005273529275,-0.0149865385931328,0.0953426759110475,0.102375578877294,0.990056600787782,-0.0149865363644165,0.0953390192790503,0.102341596466193,0.990056600787782,-0.0149865363644165,0.0953390192790503,0.102341596466193,0.990053475735548,-0.0149864850596732,0.0953419319103791,0.102369118727833,0.99005273529275,-0.0149865385931328,0.0953426759110475,0.102375578877294,0.990056600787782,-0.0149865363644165,0.0953390192790503,0.102341596466193,0.990056600787782,-0.0149865363644165,0.0953390192790503,0.102341596466193,0.990053475735548,-0.0149864850596732,0.0953419319103791,0.102369118727833,0.988901717494538,0.0252677949718712,-0.0759263368930271,0.125180362036618,0.964630550269211,0.0146213418941179,0.00241912218640994,0.263188650394318,0.988431651578732,-0.0100308908617443,-0.0146929274036658,0.150619949774821,0.988431651578732,-0.0100308908617443,-0.0146929274036658,0.150619949774821,0.989207795461779,-0.0410421124679419,0.0267864967352824,0.138079564000135,0.983789168857006,-0.035609704232308,0.0931824507746311,0.149022988400322,0.994530461027809,-0.0182133385711426,-0.00612252033508442,0.102664264136326,0.994530461027809,-0.0182133385711426,-0.00612252033508442,0.102664264136326
331,1101,0.990001860022975,-0.015054095294196,0.0954803499441286,0.102728740576675,0.990001860022975,-0.015054095294196,0.0954803499441286,0.102728740576675,0.993575033320123,-0.00981370742128985,0.0450425713888563,0.103361071357866,0.993577355094991,-0.00980837650195379,0.0449913271291856,0.103361577367958,0.990001860022975,-0.015054095294196,0.0954803499441286,0.102728740576675,0.973527579934306,-0.0262450035335376,0.203627677837903,0.100454067688278,0.990001860022975,-0.015054095294196,0.0954803499441286,0.102728740576675,0.990001860022975,-0.015054095294196,0.0954803499441286,0.102728740576675,0.99000460123279,-0.0150507174110397,0.0954732838129844,0.10270938380344,0.99000460123279,-0.0150507174110397,0.0954732838129844,0.10270938380344,0.990002376943235,-0.0150534192034374,0.0954789658373541,0.102725144437279,0.990001860022975,-0.015054095294196,0.0954803499441286,0.102728740576675,0.99000460123279,-0.0150507174110397,0.0954732838129844,0.10270938380344,0.99000460123279,-0.0150507174110397,0.0954732838129844,0.10270938380344,0.990002376943235,-0.0150534192034374,0.0954789658373541,0.102725144437279,0.988821505994991,0.0254188224514294,-0.0755187292931177,0.126027117212658,0.964114047391658,0.0144256976930104,0.0032222785296837,0.265076630032192,0.988495400898927,-0.00885312488363654,-0.0143249192735981,0.150310549427744,0.988495400898927,-0.00885312488363654,-0.0143249192735981,0.150310549427744,0.989215086600133,-0.0409830027312619,0.0272058070301616,0.137962857297384,0.983717281039975,-0.0360347655591968,0.0941418573504258,0.148792195188544,0.994526661253216,-0.0181844974589632,-0.00598039794216319,0.102714550815111,0.994526661253216,-0.0181844974589632,-0.00598039794216319,0.102714550815111
332,1102,0.989963616011058,-0.0151724669824473,0.0957097840219615,0.102866284381453,0.989963616011058,-0.0151724669824473,0.0957097840219615,0.102866284381453,0.993548499148933,-0.0099249358151182,0.0452736526262552,0.103504453362381,0.993550832841984,-0.00991959750062543,0.0452224097347922,0.10350496510895,0.989963616011058,-0.0151724669824473,0.0957097840219615,0.102866284381453,0.973464370138795,-0.0263777646708321,0.203851524040171,0.100577779592461,0.989963616011058,-0.0151724669824473,0.0957097840219615,0.102866284381453,0.989963616011058,-0.0151724669824473,0.0957097840219615,0.102866284381453,0.98996566755405,-0.0151663795387513,0.0956979592319335,0.102858439589533,0.98996566755405,-0.0151663795387513,0.0956979592319335,0.102858439589533,0.989964004055889,-0.0151712765113142,0.0957074758821857,0.102864873027243,0.989963616011058,-0.0151724669824473,0.0957097840219615,0.102866284381453,0.98996566755405,-0.0151663795387513,0.0956979592319335,0.102858439589533,0.98996566755405,-0.0151663795387513,0.0956979592319335,0.102858439589533,0.989964004055889,-0.0151712765113142,0.0957074758821857,0.102864873027243,0.988794499624239,0.0254553035435671,-0.074919177389474,0.126588237580117,0.963816110590516,0.0141683310660002,0.00405736934517718,0.266160292145486,0.988466713750921,-0.00870572755554167,-0.013990337309699,0.15053915296741,0.988466713750921,-0.00870572755554167,-0.013990337309699,0.15053915296741,0.989233159859035,-0.0409415626878204,0.0276162691119853,0.13776387610808,0.983647530203096,-0.0364525786706389,0.0951100223004864,0.148535616912616,0.994518594394782,-0.0181482381610807,-0.00582246566976539,0.102808101568898,0.994518594394782,-0.0181482381610807,-0.00582246566976539,0.102808101568898
333,1103,0.989944263306998,-0.0152838408178745,0.0959362319034945,0.102825090146222,0.989944263306998,-0.0152838408178745,0.0959362319034945,0.102825090146222,0.993540680106355,-0.0100382593170624,0.0455007914225415,0.103468972661413,0.993543025514228,-0.0100329228323563,0.0454495489340481,0.103469490252754,0.989944263306997,-0.0152838408178745,0.0959362319034945,0.102825090146222,0.973420265333586,-0.0264839407547828,0.204074476807283,0.100524603136853,0.989944263306997,-0.0152838408178745,0.0959362319034945,0.102825090146222,0.989944263306997,-0.0152838408178745,0.0959362319034945,0.102825090146222,0.989945335215491,-0.0152779677800346,0.0959243184341466,0.102826757794583,0.989945335215491,-0.0152779677800346,0.0959243184341466,0.102826757794583,0.989944461042669,-0.0152827151798631,0.0959339443750601,0.102825488009124,0.989944263306997,-0.0152838408178745,0.0959362319034945,0.102825090146222,0.989945335215491,-0.0152779677800346,0.0959243184341466,0.102826757794583,0.989945335215491,-0.0152779677800346,0.0959243184341466,0.102826757794583,0.989944461042669,-0.0152827151798631,0.0959339443750601,0.102825488009124,0.988836411482798,0.0253418605081152,-0.0743346281833118,0.126628213620259,0.963767683230012,0.0138711715472013,0.00494698597871657,0.266336198612,0.988368316631869,-0.00936131206144908,-0.0136973093574254,0.151171492785981,0.988368316631869,-0.00936131206144908,-0.0136973093574254,0.151171492785981,0.98924726004975,-0.0409786221123347,0.0280787905088217,0.13755796064713,0.983560512257181,-0.0368845674895133,0.0960499360522568,0.148400327472213,0.994512071874521,-0.0180870923487977,-0.0056963682072886,0.102889005124272,0.994512071874521,-0.0180870923487977,-0.0056963682072886,0.102889005124272
334,1104,0.989946877751309,-0.0153140119237778,0.0961435157437386,0.102601582101191,0.989946877751309,-0.0153140119237778,0.0961435157437386,0.102601582101191,0.993553825859145,-0.0100797506749637,0.0457076745173776,0.103247286827305,0.993556181937115,-0.0100744256237759,0.0456564313506093,0.103247806558881,0.989946877751309,-0.0153140119237778,0.0961435157437386,0.102601582101191,0.973400099451766,-0.0264893830598661,0.204280793948974,0.100299133575404,0.989946877751309,-0.0153140119237778,0.0961435157437386,0.102601582101191,0.989946877751309,-0.0153140119237778,0.0961435157437386,0.102601582101191,0.989946802976889,-0.0153122097529507,0.0961325561065388,0.102612841129856,0.989946802976889,-0.0153122097529507,0.0961325561065388,0.102612841129856,0.989946854049937,-0.0153136989635381,0.0961414200752489,0.102603821208575,0.989946877751309,-0.0153140119237778,0.0961435157437386,0.102601582101191,0.989946802976889,-0.0153122097529507,0.0961325561065388,0.102612841129856,0.989946802976889,-0.0153122097529507,0.0961325561065388,0.102612841129856,0.989946854049937,-0.0153136989635381,0.0961414200752489,0.102603821208575,0.988944910405549,0.0252312521938399,-0.0737884269686393,0.126121434106914,0.963922591447324,0.0135882768137073,0.00585543952078361,0.265771161450465,0.988319345576547,-0.00952838991596856,-0.0131935822956003,0.151525609488841,0.988319345576547,-0.00952838991596856,-0.0131935822956003,0.151525609488841,0.989237470754779,-0.0411446860891277,0.0286506006460851,0.137460846585248,0.983459679368533,-0.0372644987157212,0.0969878991941645,0.148363619535625,0.994507349008102,-0.0179739615650176,-0.00555827873968461,0.102962007614414,0.994507349008102,-0.0179739615650176,-0.00555827873968461,0.102962007614414
335,1105,0.989965747680396,-0.0153065980572561,0.0963590051632203,0.102217750901993,0.989965747680396,-0.0153065980572561,0.0963590051632203,0.102217750901993,0.993583623117976,-0.0100918536581883,0.0459219264426863,0.102863574861512,0.993585990246072,-0.0100865483971482,0.0458706817388224,0.102864095217817,0.989965747680396,-0.0153065980572561,0.0963590051632203,0.102217750901993,0.973395189567601,-0.0264398605843537,0.20449705226019,0.0999184383176006,0.989965747680396,-0.0153065980572561,0.0963590051632203,0.102217750901993,0.989965747680396,-0.0153065980572561,0.0963590051632203,0.102217750901993,0.989964805330114,-0.01530687871758,0.0963476831854728,0.102237505918455,0.989964805330114,-0.01530687871758,0.0963476831854728,0.102237505918455,0.989965559708475,-0.0153066690812324,0.0963568294061388,0.102221611704762,0.989965747680396,-0.0153065980572561,0.0963590051632203,0.102217750901993,0.989964805330114,-0.01530687871758,0.0963476831854728,0.102237505918455,0.989964805330114,-0.01530687871758,0.0963476831854728,0.102237505918455,0.989965559708475,-0.0153066690812324,0.0963568294061388,0.102221611704762,0.989118095089007,0.0251363290948769,-0.0732269752623514,0.125105431620911,0.964223894858023,0.0133317010481336,0.00677615087040238,0.264667017422589,0.988257284660397,-0.00990333090804471,-0.012685766148872,0.151949118752958,0.988257284660397,-0.00990333090804471,-0.012685766148872,0.151949118752958,0.989208610415128,-0.0413980576788235,0.0292776900475459,0.137460331610514,0.983347729669803,-0.037638913271774,0.0979153441962093,0.148401954609442,0.994498414038919,-0.0179104571086746,-0.00547883822980218,0.103063583927043,0.994498414038919,-0.0179104571086746,-0.00547883822980218,0.103063583927043
336,1106,0.989998300300654,-0.0151931998941863,0.0965676383818246,0.101721302076553,0.989998300300654,-0.0151931998941863,0.0965676383818246,0.101721302076553,0.993626736936438,-0.0100038328198619,0.0461286356385351,0.102362004416122,0.993629114725621,-0.00999855342772107,0.0460773887107764,0.10236252023337,0.989998300300654,-0.0151931998941863,0.0965676383818246,0.101721302076553,0.973404632578194,-0.0262726268991764,0.204707998515292,0.0994374461407306,0.989998300300654,-0.0151931998941863,0.0965676383818246,0.101721302076553,0.989998300300654,-0.0151931998941863,0.0965676383818246,0.101721302076553,0.989996633285083,-0.0151988839543435,0.0965566413757122,0.101747113064622,0.989996633285083,-0.0151988839543435,0.0965566413757122,0.101747113064622,0.989997974407484,-0.0151943346093312,0.0965655304395197,0.101726305328528,0.989998300300654,-0.0151931998941863,0.0965676383818246,0.101721302076553,0.989996633285083,-0.0151988839543435,0.0965566413757122,0.101747113064622,0.989996633285083,-0.0151988839543435,0.0965566413757122,0.101747113064622,0.989997974407484,-0.0151943346093312,0.0965655304395197,0.101726305328528,0.989353355518941,0.0249881225958532,-0.0726510680903937,0.123601593670436,0.96461128338814,0.0131160179666268,0.00772592867928949,0.263236304599169,0.988159201403158,-0.0107442230658746,-0.012263337938627,0.152563314383203,0.988159201403158,-0.0107442230658746,-0.012263337938627,0.152563314383203,0.989156525298999,-0.041742621463484,0.0300007014445856,0.137574997454476,0.983241845118263,-0.0379842928978717,0.0988355224925544,0.148405549071142,0.994490929067633,-0.0178256038057942,-0.00539141234698758,0.103155089666294,0.994490929067633,-0.0178256038057942,-0.00539141234698758,0.103155089666294
337,1107,0.990050400626953,-0.0148890737245265,0.0966773710617189,0.101153376743585,0.990050400626953,-0.0148890737245265,0.0966773710617189,0.101153376743585,0.993684346824846,-0.00972896306884904,0.0462355786410878,0.101779356554308,0.993686730129599,-0.00972371372746998,0.046184328741924,0.101779858195766,0.990050400626953,-0.0148890737245265,0.0966773710617189,0.101153376743585,0.97344436659777,-0.0259079691312974,0.204822789249786,0.0989063561076625,0.990050400626953,-0.0148890737245265,0.0966773710617189,0.101153376743585,0.990050400626953,-0.0148890737245265,0.0966773710617189,0.101153376743585,0.990047723216372,-0.0149045644019922,0.096671335646863,0.101183064681384,0.990047723216372,-0.0149045644019922,0.096671335646863,0.101183064681384,0.99004987850482,-0.014892126365781,0.096676252864394,0.101159106248505,0.990050400626953,-0.0148890737245265,0.0966773710617189,0.101153376743585,0.990047723216372,-0.0149045644019922,0.096671335646863,0.101183064681384,0.990047723216372,-0.0149045644019922,0.096671335646863,0.101183064681384,0.99004987850482,-0.014892126365781,0.096676252864394,0.101159106248505,0.989651336968832,0.0247973819306284,-0.0720100000595715,0.121613654564818,0.965025990518314,0.0129214858161432,0.00868039144171178,0.261691657553061,0.988086342306616,-0.0113194681170453,-0.011818189652741,0.153028037241585,0.988086342306616,-0.0113194681170453,-0.011818189652741,0.153028037241585,0.989083802447252,-0.0421772689991402,0.0307941535320408,0.137789803049803,0.983148029690232,-0.0383389070611382,0.0997402718690399,0.148330570311927,0.994484766613942,-0.0177761879432225,-0.00524588220228462,0.103230503413195,0.994484766613942,-0.0177761879432225,-0.00524588220228462,0.103230503413195
338,1108,0.990123884014232,-0.014396456534091,0.0966491156992629,0.100530516652328,0.990123884014232,-0.014396456534091,0.0966491156992629,0.100530516652328,0.99375629924087,-0.00926863780672669,0.0462036251820943,0.101132265337674,0.99375868089751,-0.00926342184005892,0.0461523715719861,0.101132743238455,0.990123884014232,-0.014396456534091,0.0966491156992629,0.100530516652328,0.973520508582398,-0.0253499273982081,0.204802774957633,0.0983413642371695,0.990123884014232,-0.014396456534091,0.0966491156992629,0.100530516652328,0.990123884014232,-0.014396456534091,0.0966491156992629,0.100530516652328,0.990120092206302,-0.0144218621664216,0.0966502282812661,0.100563145705654,0.990120092206302,-0.0144218621664216,0.0966502282812661,0.100563145705654,0.99012314713021,-0.0144014132790511,0.0966493873804896,0.100536802870945,0.990123884014232,-0.014396456534091,0.0966491156992629,0.100530516652328,0.990120092206302,-0.0144218621664216,0.0966502282812661,0.100563145705654,0.990120092206302,-0.0144218621664216,0.0966502282812661,0.100563145705654,0.99012314713021,-0.0144014132790511,0.0966493873804896,0.100536802870945,0.99000653575522,0.0246468669002799,-0.0711968178303784,0.119208238997046,0.965424382707541,0.0127278040954922,0.00961562316582974,0.26019474258294,0.988042464051276,-0.0115600834487017,-0.0113515930417238,0.153328389535525,0.988042464051276,-0.0115600834487017,-0.0113515930417238,0.153328389535525,0.989002108026185,-0.0426173566309296,0.0316345988322749,0.138050148099434,0.983064541808998,-0.0386890425012428,0.100642731648316,0.148183349923553,0.994478681373659,-0.0177673684877668,-0.0050737419970826,0.103299225807732,0.994478681373659,-0.0177673684877668,-0.0050737419970826,0.103299225807732
339,1109,0.990209161315596,-0.0138610418215041,0.096592390551159,0.0998178263332733,0.990209161315596,-0.0138610418215041,0.096592390551159,0.0998178263332733,0.993838583423462,-0.0087701357282125,0.0461426393325019,0.100393284902855,0.993840961934612,-0.00876495787554569,0.0460913814786211,0.100393737094088,0.990209161315596,-0.0138610418215041,0.096592390551159,0.0998178263332733,0.97361149977608,-0.0247394816019973,0.204755758330493,0.0976917856543806,0.990209161315596,-0.0138610418215041,0.096592390551159,0.0998178263332733,0.990209161315596,-0.0138610418215041,0.096592390551159,0.0998178263332733,0.990204728585401,-0.0138890831329819,0.0965952844598492,0.0998550943966247,0.990204728585401,-0.0138890831329819,0.0965952844598492,0.0998550943966247,0.990208305190804,-0.0138664455930505,0.0965929609113959,0.099825016504583,0.990209161315596,-0.0138610418215041,0.096592390551159,0.0998178263332733,0.990204728585401,-0.0138890831329819,0.0965952844598492,0.0998550943966247,0.990204728585401,-0.0138890831329819,0.0965952844598492,0.0998550943966247,0.990208305190804,-0.0138664455930505,0.0965929609113959,0.099825016504583,0.990402855711806,0.0245727352533906,-0.0701897861884038,0.116497888370963,0.965758583822807,0.0125418590383679,0.010509434978127,0.25892587997508,0.987999036875781,-0.0118306802824736,-0.0109501497833338,0.153616510689143,0.987999036875781,-0.0118306802824736,-0.0109501497833338,0.153616510689143,0.98893585258844,-0.0430414893859813,0.0324596439460138,0.138201596125046,0.982992689793096,-0.0390572913611522,0.101519688303256,0.147965038747922,0.994472664230992,-0.0177991334695252,-0.00487498247370543,0.103361237855056,0.994472664230992,-0.0177991334695252,-0.00487498247370543,0.103361237855056
340,1110,0.990290759750253,-0.0133664988167183,0.0966373204602189,0.0990291682127933,0.990290759750253,-0.0133664988167183,0.0966373204602189,0.0990291682127933,0.993922359859724,-0.00831631341413048,0.0461833641405919,0.0995805120429344,0.993924740471168,-0.00831117748129168,0.0461321019658393,0.099580940829104,0.990290759750253,-0.0133664988167183,0.0966373204602189,0.0990291682127933,0.973687670303032,-0.0241613172836169,0.204809377842711,0.0969622101370191,0.990290759750253,-0.0133664988167183,0.0966373204602189,0.0990291682127933,0.990290759750253,-0.0133664988167183,0.0966373204602189,0.0990291682127933,0.990286480873835,-0.0133926283428793,0.0966352208733319,0.0990704667968596,0.990286480873835,-0.0133926283428793,0.0966352208733319,0.0990704667968596,0.990289939577497,-0.0133714983442491,0.0966368772913992,0.0990371271341909,0.990290759750253,-0.0133664988167183,0.0966373204602189,0.0990291682127933,0.990286480873835,-0.0133926283428793,0.0966352208733319,0.0990704667968596,0.990286480873835,-0.0133926283428793,0.0966352208733319,0.0990704667968596,0.990289939577497,-0.0133714983442491,0.0966368772913992,0.0990371271341909,0.990809018175669,0.024633769576953,-0.0690744322360524,0.113663493301337,0.965997414824331,0.0124130284188458,0.0113770891870083,0.258002854867565,0.987946637661136,-0.0123102869586671,-0.010649324651181,0.153936642335493,0.987946637661136,-0.0123102869586671,-0.010649324651181,0.153936642335493,0.988871410251651,-0.0434634320805448,0.0332828746985586,0.138334790672815,0.982935998312921,-0.0394091243381838,0.102355334271781,0.147672372790549,0.99446677752776,-0.0178514857912897,-0.00458834168093197,0.103421951099451,0.99446677752776,-0.0178514857912897,-0.00458834168093197,0.103421951099451
341,1111,0.990366340145774,-0.0129482047546234,0.0968073891246824,0.0981589818139915,0.990366340145774,-0.0129482047546234,0.0968073891246824,0.0981589818139915,0.994006485900861,-0.00794278497884335,0.0463493718392754,0.0986901914270462,0.994008875074134,-0.00793769496529557,0.0462981053254534,0.0986906009494576,0.990366340145774,-0.0129482047546234,0.0968073891246824,0.0981589818139915,0.973744116092308,-0.0236499870194491,0.204986718248972,0.0961432256121411,0.990366340145774,-0.0129482047546234,0.0968073891246824,0.0981589818139915,0.990366340145774,-0.0129482047546234,0.0968073891246824,0.0981589818139915,0.99036237221595,-0.0129704262652728,0.0967987831576887,0.0982045585524618,0.99036237221595,-0.0129704262652728,0.0967987831576887,0.0982045585524618,0.990365580969863,-0.0129524377543615,0.0968056844781876,0.0981677637473449,0.990366340145774,-0.0129482047546234,0.0968073891246824,0.0981589818139915,0.99036237221595,-0.0129704262652728,0.0967987831576887,0.0982045585524618,0.99036237221595,-0.0129704262652728,0.0967987831576887,0.0982045585524618,0.990365580969863,-0.0129524377543615,0.0968056844781876,0.0981677637473449,0.991200561818859,0.0248277154390045,-0.0679690400416989,0.110838803637842,0.966135496470332,0.0122955820419981,0.0122116659125691,0.257452706992787,0.987875192777571,-0.0130459656570956,-0.0105354540662399,0.154341862378199,0.987875192777571,-0.0130459656570956,-0.0105354540662399,0.154341862378199,0.988861573174534,-0.0438011622581009,0.0340870497823627,0.1381025717384,0.982898631960831,-0.039782665937911,0.103164725547572,0.147257115899688,0.99446111524937,-0.0179227186709916,-0.00426487418746583,0.103477907113489,0.99446111524937,-0.0179227186709916,-0.00426487418746583,0.103477907113489
342,1112,0.990434369703141,-0.012494647760166,0.0971074462014026,0.0972305866501479,0.990434369703141,-0.012494647760166,0.0971074462014026,0.097230586650148,0.994089677200473,-0.00753699749758382,0.046645583718906,0.0977399451181755,0.994092081650933,-0.0075319564940718,0.0465943129140512,0.0977403337131297,0.990434369703141,-0.012494647760166,0.0971074462014026,0.097230586650148,0.973778781013164,-0.0230972144671502,0.205292431534956,0.0952702570944417,0.990434369703141,-0.012494647760166,0.0971074462014026,0.097230586650148,0.990434369703141,-0.012494647760166,0.0971074462014026,0.097230586650148,0.990430799830036,-0.0125184370689507,0.0970920159875016,0.0972792882008771,0.990430799830036,-0.0125184370689507,0.0970920159875016,0.0972792882008771,0.990433687618768,-0.0124992257342189,0.0971044291525415,0.0972399589926563,0.990434369703141,-0.012494647760166,0.0971074462014026,0.097230586650148,0.990430799830036,-0.0125184370689507,0.0970920159875016,0.0972792882008771,0.990430799830036,-0.0125184370689507,0.0970920159875016,0.0972792882008771,0.990433687618768,-0.0124992257342189,0.0971044291525415,0.0972399589926563,0.991555670772014,0.025177124321037,-0.0668743247581605,0.108218708451566,0.966188232831733,0.0122192169841875,0.0130544685704802,0.257216971298801,0.987810459229543,-0.0137441564266853,-0.0104468233073868,0.154701191603762,0.987810459229543,-0.0137441564266853,-0.0104468233073868,0.154701191603762,0.988914078622129,-0.044097086355469,0.0348790562958368,0.13743305100963,0.982866498146798,-0.0401730604540273,0.103969909453774,0.146798603408143,0.994455190593405,-0.018054257826084,-0.00391364366108147,0.103525847349736,0.994455190593405,-0.018054257826084,-0.00391364366108147,0.103525847349736
343,1113,0.990497668194773,-0.012026153777183,0.0975085321985406,0.0962383866995399,0.990497668194774,-0.012026153777183,0.0975085321985406,0.0962383866995399,0.994173278092635,-0.00711953505091209,0.0470429344040353,0.0967252173420224,0.994175703036572,-0.00711454638311985,0.0469916592868883,0.0967255844074621,0.990497668194774,-0.012026153777183,0.0975085321985406,0.0962383866995399,0.973797648196983,-0.022522588051092,0.205698043055401,0.0943355101575406,0.990497668194774,-0.012026153777183,0.0975085321985406,0.0962383866995399,0.990497668194774,-0.012026153777183,0.0975085321985406,0.0962383866995399,0.990494360151015,-0.0120507683774353,0.0974877098652688,0.096290435224742,0.990494360151015,-0.0120507683774353,0.0974877098652688,0.096290435224742,0.990497035225249,-0.0120308845808568,0.0975044918401425,0.0962484030890327,0.990497668194774,-0.012026153777183,0.0975085321985406,0.0962383866995399,0.990494360151015,-0.0120507683774353,0.0974877098652688,0.096290435224742,0.990494360151015,-0.0120507683774353,0.0974877098652688,0.096290435224742,0.990497035225249,-0.0120308845808568,0.0975044918401425,0.0962484030890327,0.991857437224764,0.0256466530970004,-0.0658976325831188,0.105917776726975,0.966186528526188,0.0122047040711629,0.013887297077066,0.257180443021903,0.987758790509575,-0.0144069345744494,-0.0103333940954051,0.154978169345553,0.987758790509575,-0.0144069345744494,-0.0103333940954051,0.154978169345553,0.98903252609395,-0.0443312089302011,0.0356500681571052,0.136302893892249,0.982843596687067,-0.0405424451450929,0.104770883010681,0.146279994073181,0.994449143458964,-0.0182207410984495,-0.00350197823646277,0.103569502344995,0.994449143458964,-0.0182207410984495,-0.00350197823646277,0.103569502344995
344,1114,0.990556066838653,-0.0115219769553087,0.0980032120536497,0.0951908237349903,0.990556066838653,-0.0115219769553087,0.0980032120536497,0.0951908237349903,0.994256742144836,-0.00666924956614171,0.0475340070184702,0.0956533846057167,0.994259192416013,-0.00666431617933385,0.0474827275959639,0.095653728448851,0.990556066838653,-0.0115219769553087,0.0980032120536497,0.0951908237349903,0.97380136642278,-0.0219064145089459,0.206196144185148,0.0933496538808093,0.990556066838653,-0.0115219769553087,0.0980032120536497,0.0951908237349903,0.990556066838653,-0.0115219769553087,0.0980032120536497,0.0951908237349903,0.990553022869009,-0.0115484170153018,0.097977441029312,0.0952458083007203,0.990553022869009,-0.0115484170153018,0.097977441029312,0.0952458083007203,0.990555484513033,-0.0115270661258924,0.0979982256407381,0.0952014002992937,0.990556066838653,-0.0115219769553087,0.0980032120536497,0.0951908237349903,0.990553022869009,-0.0115484170153018,0.097977441029312,0.0952458083007203,0.990553022869009,-0.0115484170153018,0.097977441029312,0.0952458083007203,0.990555484513033,-0.0115270661258924,0.0979982256407381,0.0952014002992937,0.992094451149037,0.0261828929986441,-0.0650460458942966,0.104077221460943,0.966182083912671,0.0122180525558012,0.014695327012695,0.257151603693038,0.987685576080272,-0.0153101853480759,-0.0102249017358929,0.155364900836969,0.987685576080272,-0.0153101853480759,-0.0102249017358929,0.155364900836969,0.989207324113803,-0.0445164041729986,0.0364204370642669,0.134761683883674,0.982827340909417,-0.0409029236202939,0.10557681006075,0.145708290696288,0.994440441364005,-0.0184452075758903,-0.00310923537231539,0.103625844038286,0.994440441364005,-0.0184452075758903,-0.00310923537231539,0.103625844038286
345,1115,0.990614934518671,-0.0110078173762664,0.0985459815333547,0.0940721477846015,0.990614934518671,-0.0110078173762664,0.0985459815333547,0.0940721477846015,0.99434311866295,-0.00621260836606099,0.0480730832737147,0.094510023433957,0.994345596737178,-0.00620773394936587,0.0480217993955732,0.0945103437270812,0.990614934518671,-0.0110078173762664,0.0985459815333547,0.0940721477846015,0.973800269505713,-0.0212725087595093,0.206742095564506,0.0922942111038051,0.990614934518671,-0.0110078173762664,0.0985459815333547,0.0940721477846015,0.990614934518671,-0.0110078173762664,0.0985459815333547,0.0940721477846015,0.99061188591406,-0.0110348478892257,0.0985175591721581,0.0941308352911637,0.99061188591406,-0.0110348478892257,0.0985175591721581,0.0941308352911637,0.990614349082151,-0.0110130099660792,0.0985405048743965,0.0940834411739485,0.990614934518671,-0.0110078173762664,0.0985459815333547,0.0940721477846015,0.99061188591406,-0.0110348478892257,0.0985175591721581,0.0941308352911637,0.99061188591406,-0.0110348478892257,0.0985175591721581,0.0941308352911637,0.990614349082151,-0.0110130099660792,0.0985405048743965,0.0940834411739485,0.992268747697572,0.0267488072894574,-0.064321476981148,0.10271310164846,0.966212003565204,0.0122647493912203,0.0154815337036134,0.25699078233094,0.98760048259756,-0.0164007663908946,-0.0100691838893881,0.155804085859968,0.98760048259756,-0.0164007663908946,-0.0100691838893881,0.155804085859968,0.989418696289362,-0.0446792291252128,0.0371789103839486,0.132936595941444,0.982807689640547,-0.0412682586103295,0.106437919914369,0.145110114116777,0.994428883516423,-0.0187329317000186,-0.00270675237721381,0.103696414546378,0.994428883516423,-0.0187329317000186,-0.00270675237721381,0.103696414546378
346,1116,0.990684212490971,-0.0104447479917788,0.0990526787709766,0.0928669219303975,0.990684212490971,-0.0104447479917788,0.0990526787709766,0.0928669219303975,0.994438058737887,-0.00571151925086257,0.0485756048257208,0.0932777384871939,0.994440562729825,-0.00570670839063378,0.0485243160503224,0.0932780329379998,0.990684212490971,-0.0104447479917788,0.0990526787709766,0.0928669219303975,0.973813481468978,-0.0205804838904933,0.207253336185042,0.0911581133650289,0.990684212490971,-0.0104447479917788,0.0990526787709766,0.0928669219303975,0.990684212490971,-0.0104447479917788,0.0990526787709766,0.0928669219303975,0.990680648801179,-0.0104742535526113,0.0990259280442872,0.092930122556462,0.990680648801179,-0.0104742535526113,0.0990259280442872,0.092930122556462,0.990683524007906,-0.0104504307205065,0.099047558045209,0.092879088078611,0.990684212490971,-0.0104447479917788,0.0990526787709766,0.0928669219303975,0.990680648801179,-0.0104742535526113,0.0990259280442872,0.092930122556462,0.990680648801179,-0.0104742535526113,0.0990259280442872,0.092930122556462,0.990683524007906,-0.0104504307205065,0.099047558045209,0.092879088078611,0.992393018646337,0.0272903154156398,-0.0636800975055177,0.101765320262916,0.966288455271823,0.01230849618914,0.0162045465246447,0.256656452874045,0.987507175273676,-0.0175236635525211,-0.00989006076865786,0.156283993731591,0.987507175273676,-0.0175236635525211,-0.00989006076865786,0.156283993731591,0.98963941687268,-0.044808623187864,0.037898315939892,0.131033314499906,0.982775982647825,-0.0416313439467572,0.107342583860052,0.144553688372299,0.994416079019355,-0.019057258978825,-0.00231518175297703,0.103769564909174,0.994416079019355,-0.019057258978825,-0.00231518175297703,0.103769564909174
347,1117,0.990762177683639,-0.0098986752296054,0.0995404655643361,0.0915642900671831,0.990762177683639,-0.0098986752296054,0.0995404655643361,0.0915642900671831,0.994540713730271,-0.00523235521210002,0.049058798864987,0.0919490372203149,0.99454324264308,-0.00522761288103517,0.0490075047944561,0.0919493069597291,0.990762177683639,-0.0098986752296054,0.0995404655643361,0.0915642900671831,0.973837404904874,-0.0198946554240578,0.207746734803057,0.0899233321911864,0.990762177683639,-0.0098986752296054,0.0995404655643361,0.0915642900671831,0.990762177683639,-0.0098986752296054,0.0995404655643361,0.0915642900671831,0.990758159315737,-0.00992745473781921,0.0995147445127803,0.0916325870871141,0.990758159315737,-0.00992745473781921,0.0995147445127803,0.0916325870871141,0.990761402339472,-0.00990419289844079,0.0995355376118038,0.0915774390867229,0.990762177683639,-0.0098986752296054,0.0995404655643361,0.0915642900671831,0.990758159315737,-0.00992745473781921,0.0995147445127803,0.0916325870871141,0.990758159315737,-0.00992745473781921,0.0995147445127803,0.0916325870871141,0.990761402339472,-0.00990419289844079,0.0995355376118038,0.0915774390867229,0.99248598759026,0.0278466591612073,-0.0630671170248796,0.101087421377319,0.966372244155212,0.0123396406137459,0.0168994134918364,0.256294418237258,0.987421539654398,-0.0185350516903311,-0.0096418822794912,0.156723287967946,0.987421539654398,-0.0185350516903311,-0.0096418822794912,0.156723287967946,0.989852472567188,-0.0448758369489093,0.0385237039142236,0.129205905621563,0.982726526642891,-0.0419685772367978,0.108302944300377,0.144075274120816,0.994399246573229,-0.0194373418831535,-0.00192904556888002,0.103868219096639,0.994399246573229,-0.0194373418831535,-0.00192904556888002,0.103868219096639
348,1118,0.990832093614217,-0.00948601801814772,0.100093184923332,0.0902393043974192,0.990832093614217,-0.00948601801814772,0.100093184923332,0.0902393043974192,0.994638629899239,-0.00488757038801293,0.0496072506413648,0.0906047915491942,0.994641187098631,-0.00488289738764482,0.049555951520022,0.090605043507922,0.990832093614217,-0.00948601801814772,0.100093184923332,0.0902393043974192,0.973846196684829,-0.0193389805407617,0.208303789227473,0.0886516803428719,0.990832093614217,-0.00948601801814772,0.100093184923332,0.0902393043974192,0.990832093614217,-0.00948601801814772,0.100093184923332,0.0902393043974192,0.990828455167504,-0.0095080904210796,0.100064268777267,0.0903089738674551,0.990828455167504,-0.0095080904210796,0.100064268777267,0.0903089738674551,0.990831397890811,-0.00949019987566753,0.100087609578463,0.0902526867684854,0.990832093614217,-0.00948601801814772,0.100093184923332,0.0902393043974192,0.990828455167504,-0.0095080904210796,0.100064268777267,0.0903089738674551,0.990828455167504,-0.0095080904210796,0.100064268777267,0.0903089738674551,0.990831397890811,-0.00949019987566753,0.100087609578463,0.0902526867684854,0.992555162628295,0.028269223330195,-0.0625040673087893,0.100639662768144,0.966415061971403,0.0123740315761594,0.0175460472563726,0.256087773161936,0.987338392132991,-0.0194752043909481,-0.00938776581298574,0.157147973856531,0.987338392132991,-0.0194752043909481,-0.00938776581298574,0.157147973856531,0.990039672042832,-0.044882763506218,0.0390487402330705,0.127601650489234,0.9826464015673,-0.042341546401563,0.10934624329689,0.143724187289468,0.994381929406772,-0.0198224595790483,-0.00151405699832459,0.103968053732436,0.994381929406772,-0.0198224595790483,-0.00151405699832459,0.103968053732436
349,1119,0.990879085054649,-0.00925917444095374,0.100809322153507,0.0889403567391352,0.990879085054649,-0.00925917444095374,0.100809322153507,0.0889403567391352,0.994721956511394,-0.00472703575400174,0.0503200741844833,0.0892959937577999,0.994724550474957,-0.00472243025584068,0.0502687707645748,0.089296237438603,0.990879085054649,-0.00925917444095374,0.100809322153507,0.0889403567391352,0.973814255616935,-0.0189708549067718,0.209020755402477,0.0873855024149822,0.990879085054649,-0.00925917444095374,0.100809322153507,0.0889403567391352,0.990879085054649,-0.00925917444095374,0.100809322153507,0.0889403567391352,0.990876612221859,-0.00927162079328499,0.100772075437431,0.0890087928894105,0.990876612221859,-0.00927162079328499,0.100772075437431,0.0890087928894105,0.990878619457741,-0.00926148480154325,0.100802106172071,0.0889534810564815,0.990879085054649,-0.00925917444095374,0.100809322153507,0.0889403567391352,0.990876612221859,-0.00927162079328499,0.100772075437431,0.0890087928894105,0.990876612221859,-0.00927162079328499,0.100772075437431,0.0890087928894105,0.990878619457741,-0.00926148480154325,0.100802106172071,0.0889534810564815,0.992609617980102,0.0285892541412793,-0.061959188707004,0.100348690952159,0.96639438793542,0.0124099797209905,0.0181412265434504,0.256122578602023,0.987240065393308,-0.0204920331985805,-0.00903475782511155,0.157656281221675,0.987240065393308,-0.0204920331985805,-0.00903475782511155,0.157656281221675,0.990189039072248,-0.0448181787952131,0.0394194901827278,0.126345168266903,0.982548592896691,-0.0426864915759272,0.110470583395563,0.143430736726531,0.994359150909255,-0.0202428554557007,-0.00104091479752344,0.104110625309872,0.994359150909255,-0.0202428554557007,-0.00104091479752344,0.104110625309872
350,1120,0.990876021299644,-0.00926647870070894,0.101731393705442,0.0879179522090031,0.990876021299644,-0.00926647870070894,0.101731393705442,0.0879179522090031,0.994765758715601,-0.00478629174918491,0.0512411098517563,0.088275281701204,0.994768400182047,-0.00478173889475228,0.0511898041714992,0.0882755284395265,0.990876021299644,-0.00926647870070894,0.101731393705442,0.0879179522090031,0.973709945825122,-0.0188658315570597,0.20993691303128,0.0863684800595443,0.990876021299644,-0.00926647870070894,0.101731393705442,0.0879179522090031,0.990876021299644,-0.00926647870070894,0.101731393705442,0.0879179522090031,0.990876100506982,-0.00926673626984992,0.101683432873838,0.087972498668474,0.990876100506982,-0.00926673626984992,0.101683432873838,0.087972498668474,0.990876056776642,-0.00926642885050037,0.101722101801986,0.0879283083433225,0.990876021299644,-0.00926647870070894,0.101731393705442,0.0879179522090031,0.990876100506982,-0.00926673626984992,0.101683432873838,0.087972498668474,0.990876100506982,-0.00926673626984992,0.101683432873838,0.087972498668474,0.990876056776642,-0.00926642885050037,0.101722101801986,0.0879283083433225,0.992614657532745,0.0289386086260071,-0.0615678055433426,0.100439553476301,0.966392803962311,0.0123276973159585,0.0187557680111545,0.256088261142638,0.987172017679538,-0.0210817047814697,-0.00867918856897209,0.158024178275986,0.987172017679538,-0.0210817047814697,-0.00867918856897209,0.158024178275986,0.990280034665206,-0.044657892939098,0.0396341166408481,0.125619514168056,0.982414132656677,-0.0430935622294574,0.111666034035122,0.1433042696282,0.994329815387343,-0.0207749911716975,-0.00049785805969852,0.104289837045331,0.994329815387343,-0.0207749911716975,-0.00049785805969852,0.104289837045331
351,1121,0.990848012432064,-0.0094727683509612,0.102765015570977,0.0870047958097439,0.990848012432064,-0.0094727683509612,0.102765015570977,0.0870047958097439,0.994790317311831,-0.00503872372086604,0.0522748194497213,0.0873737895331946,0.994793012092407,-0.00503421736107107,0.0522235125014657,0.0873740492920392,0.990848012432064,-0.0094727683509612,0.102765015570977,0.0870047958097439,0.973568591030856,-0.0189705879155516,0.210961206680441,0.0854381918597564,0.990848012432064,-0.0094727683509612,0.102765015570977,0.0870047958097439,0.990848012432064,-0.0094727683509612,0.102765015570977,0.0870047958097439,0.990849467419931,-0.00946246722681704,0.102710941663034,0.0870531854116388,0.990849467419931,-0.00946246722681704,0.102710941663034,0.0870531854116388,0.990848302606069,-0.00947070504830023,0.102754587439026,0.0870140317925499,0.990848012432064,-0.0094727683509612,0.102765015570977,0.0870047958097439,0.990849467419931,-0.00946246722681704,0.102710941663034,0.0870531854116388,0.990849467419931,-0.00946246722681704,0.102710941663034,0.0870531854116388,0.990848302606069,-0.00947070504830023,0.102754587439026,0.0870140317925499,0.992620136159769,0.0290571111209683,-0.0610906295738401,0.100642359678906,0.966223523827082,0.0123139488871245,0.0193159535012944,0.256685337731466,0.987201343319301,-0.0205419655576272,-0.00801747377773415,0.157947002231191,0.987201343319301,-0.0205419655576272,-0.00801747377773415,0.157947002231191,0.990325718743968,-0.044516840952792,0.0396580295695381,0.125301485851085,0.982249621989532,-0.0435208641299947,0.113002830115244,0.143254929662982,0.994289131337303,-0.0213467882523752,0.000145010527762311,0.104562980579974,0.994289131337303,-0.0213467882523752,0.000145010527762311,0.104562980579974
352,1122,0.990783049420214,-0.00984711631211185,0.103882480813422,0.0863736850086075,0.990783049420214,-0.00984711631211185,0.103882480813422,0.0863736850086075,0.99478223065131,-0.005444662553748,0.0533941421765981,0.0867625196228546,0.994784983161605,-0.00544018772000784,0.053342835643928,0.0867628003190393,0.990783049420214,-0.00984711631211185,0.103882480813422,0.0863736850086075,0.973381297699069,-0.0192733610936713,0.212064778141131,0.0847697865620964,0.990783049420214,-0.00984711631211185,0.103882480813422,0.0863736850086075,0.990783049420214,-0.00984711631211185,0.103882480813422,0.0863736850086075,0.99078641706798,-0.00982788431609743,0.103823908737893,0.0864076641152247,0.99078641706798,-0.00982788431609743,0.103823908737893,0.0864076641152247,0.990783710918116,-0.00984335228743599,0.1038712028163,0.0863800892600149,0.990783049420214,-0.00984711631211185,0.103882480813422,0.0863736850086075,0.99078641706798,-0.00982788431609743,0.103823908737893,0.0864076641152247,0.99078641706798,-0.00982788431609743,0.103823908737893,0.0864076641152247,0.990783710918116,-0.00984335228743599,0.1038712028163,0.0863800892600149,0.99261030696506,0.0291174507787641,-0.0606455895637903,0.100990420502821,0.966004065241255,0.0123100466959539,0.0198977497115832,0.257465897244911,0.987244815012942,-0.0197266405360809,-0.00724741343317093,0.157816380270714,0.987244815012942,-0.0197266405360809,-0.00724741343317093,0.157816380270714,0.990318898783758,-0.0443023406761476,0.0395047671855877,0.125479698325869,0.98205050731526,-0.0440593820816259,0.114434175857725,0.143319193858284,0.994232011364978,-0.0220063271057911,0.000950125059339647,0.104964405427913,0.994232011364978,-0.0220063271057911,0.000950125059339647,0.104964405427913
353,1123,0.99067771295091,-0.0104259483936737,0.105068104553245,0.0860793939804077,0.99067771295091,-0.0104259483936737,0.105068104553245,0.0860793939804077,0.994737286694523,-0.00603770322269884,0.0545835872005261,0.0864980266118043,0.994740100551184,-0.00603324202954801,0.0545322829842841,0.086498337894752,0.99067771295091,-0.0104259483936737,0.105068104553245,0.0860793939804077,0.973146389758319,-0.0198163720260076,0.213231661890085,0.0844137066338676,0.99067771295091,-0.0104259483936737,0.105068104553245,0.0860793939804077,0.99067771295091,-0.0104259483936737,0.105068104553245,0.0860793939804077,0.990683195810646,-0.0103960456812192,0.105005899795355,0.0860958116331333,0.990683195810646,-0.0103960456812192,0.105005899795355,0.0860958116331333,0.990678782119,-0.0104201225274881,0.105056136506598,0.08608240173249,0.99067771295091,-0.0104259483936737,0.105068104553245,0.0860793939804077,0.990683195810646,-0.0103960456812192,0.105005899795355,0.0860958116331333,0.990683195810646,-0.0103960456812192,0.105005899795355,0.0860958116331333,0.990678782119,-0.0104201225274881,0.105056136506598,0.08608240173249,0.992593925815573,0.0291170668469702,-0.060228646004026,0.101400222153498,0.965789517105768,0.0123002721852544,0.0204929187669038,0.258223454072609,0.987270894909265,-0.0189834025365062,-0.00650968523916428,0.15777653339861,0.987270894909265,-0.0189834025365062,-0.00650968523916428,0.15777653339861,0.990267532700267,-0.0438707617523437,0.0392866695022568,0.126103638101425,0.981822469412531,-0.0447024979277406,0.115885427883702,0.143516176230803,0.994150506275414,-0.0227647798122123,0.00193922914846535,0.105559343796516,0.994150506275414,-0.0227647798122123,0.00193922914846535,0.105559343796516
354,1124,0.990534995673794,-0.0112125851799613,0.106283420935778,0.0861309161293832,0.990534995673794,-0.0112125851799613,0.106283420935778,0.0861309161293832,0.994656519292044,-0.00682070495337735,0.055804586282236,0.0865894610425755,0.994659396122538,-0.00681623904340213,0.055753286229995,0.086589812709163,0.990534995673794,-0.0112125851799613,0.106283420935778,0.0861309161293832,0.972871066187816,-0.0206039088929361,0.214423953407443,0.0843785264035603,0.990534995673794,-0.0112125851799613,0.106283420935778,0.0861309161293832,0.990534995673794,-0.0112125851799613,0.106283420935778,0.0861309161293832,0.990542460308874,-0.011171758807608,0.106219550715347,0.0861291656537846,0.990542460308874,-0.011171758807608,0.106219550715347,0.0861291656537846,0.990536444116095,-0.0112046606703201,0.106271149222011,0.0861304319049805,0.990534995673794,-0.0112125851799613,0.106283420935778,0.0861309161293832,0.990542460308874,-0.011171758807608,0.106219550715347,0.0861291656537846,0.990542460308874,-0.011171758807608,0.106219550715347,0.0861291656537846,0.990536444116095,-0.0112046606703201,0.106271149222011,0.0861304319049805,0.992589391017265,0.0290739437579485,-0.0598361682197816,0.1016889355196,0.965631566582719,0.0123035045998973,0.0210831224371804,0.258765923842114,0.987321875673634,-0.0178945046303983,-0.00575344889853185,0.157614080418286,0.987321875673634,-0.0178945046303983,-0.00575344889853185,0.157614080418286,0.990184417715756,-0.0432214763404128,0.0390662317804549,0.127045473867982,0.981550066867919,-0.0453691106930136,0.117300048192197,0.144020167756523,0.994047623716565,-0.0236014675707154,0.00299344967615623,0.106317128304885,0.994047623716565,-0.0236014675707154,0.00299344967615623,0.106317128304885
355,1125,0.990357855965305,-0.0122170867476045,0.107516817410831,0.0864996756817784,0.990357855965305,-0.0122170867476045,0.107516817410831,0.0864996756817784,0.99454229281814,-0.00780516711461761,0.0570453915262837,0.0870087953483108,0.994545233644025,-0.00780067957592674,0.056994097363688,0.0870091977885387,0.990357855965305,-0.0122170867476045,0.107516817410831,0.0864996756817784,0.972559542793187,-0.0216428326451546,0.215630435282813,0.0846347381206155,0.990357855965305,-0.0122170867476045,0.107516817410831,0.0864996756817784,0.990357855965305,-0.0122170867476045,0.107516817410831,0.0864996756817784,0.990367155502668,-0.0121648211800779,0.107451961569436,0.0864811562254598,0.990367155502668,-0.0121648211800779,0.107451961569436,0.0864811562254598,0.99035965530403,-0.012206962648199,0.10750436218412,0.086495984417628,0.990357855965305,-0.0122170867476045,0.107516817410831,0.0864996756817784,0.990367155502668,-0.0121648211800779,0.107451961569436,0.0864811562254598,0.990367155502668,-0.0121648211800779,0.107451961569436,0.0864811562254598,0.99035965530403,-0.012206962648199,0.10750436218412,0.086495984417628,0.992614051018822,0.0290208445825056,-0.0593845041842605,0.101728152261359,0.965541324715877,0.0123281123156352,0.0216756041782156,0.259052380989159,0.987359117165427,-0.0169018192378673,-0.00503901546141792,0.157514794796991,0.987356732815186,-0.0168304527143168,-0.00548635498610452,0.157522436290577,0.990072239935266,-0.0424435968723656,0.0389261085632831,0.128219572867097,0.981214377547164,-0.0459427158217679,0.118658624092194,0.145009458609429,0.993932607389777,-0.0244620386161171,0.0040471471537766,0.107159699673062,0.993932607389777,-0.0244620386161171,0.0040471471537766,0.107159699673062
356,1126,0.990145600095027,-0.0134107593835795,0.108810485327007,0.0871327747068538,0.990145600095027,-0.0134107593835795,0.108810485327007,0.0871327747068538,0.994396058709563,-0.00896512148040579,0.0583481750145498,0.0877017416714239,0.994399066727445,-0.00896059820106981,0.0582968883923291,0.0877022039360391,0.990145600095027,-0.0134107593835795,0.108810485327007,0.0871327747068538,0.97220649646415,-0.0228988137289975,0.216892967469081,0.0851329150514904,0.990145600095027,-0.0134107593835795,0.108810485327007,0.0871327747068538,0.990145600095027,-0.0134107593835795,0.108810485327007,0.0871327747068538,0.990156768917976,-0.0133484636664467,0.108742569100701,0.087100201773808,0.990156768917976,-0.0133484636664467,0.108742569100701,0.087100201773808,0.990147758324205,-0.0133987216483959,0.108797426030182,0.0871264083556042,0.990145600095027,-0.0134107593835795,0.108810485327007,0.0871327747068538,0.990156768917976,-0.0133484636664467,0.108742569100701,0.087100201773808,0.990156768917976,-0.0133484636664467,0.108742569100701,0.087100201773808,0.990147758324205,-0.0133987216483959,0.108797426030182,0.0871264083556042,0.992668883809671,0.0289305871091257,-0.0588065132746113,0.101554429948015,0.965502077815943,0.0124064816513009,0.0222626527279538,0.259145116179424,0.987376638193376,-0.0160593234615713,-0.00442599036748753,0.157511533194149,0.987365904832003,-0.0157465691258851,-0.00638631474831133,0.157543106862784,0.989923093250924,-0.0416510769021731,0.038946336531551,0.129617283230987,0.980822963748239,-0.0463619374493399,0.119946131935081,0.146457536418842,0.993822155239486,-0.0254034816389105,0.00499496761121826,0.107922366422951,0.993822155239486,-0.0254034816389105,0.00499496761121826,0.107922366422951
357,1127,0.989899319652528,-0.0147092341502377,0.110193348496069,0.0879795506319447,0.989899319652528,-0.0147092341502378,0.110193348496069,0.0879795506319447,0.994220377126222,-0.0102188829426258,0.0597417677032435,0.0886134150684328,0.994223457019676,-0.0102143126415461,0.0596904901400473,0.0886139419952988,0.989899319652528,-0.0147092341502377,0.110193348496069,0.0879795506319447,0.971809835690635,-0.0242824296295585,0.218240418704362,0.0858319667138705,0.989899319652528,-0.0147092341502377,0.110193348496069,0.0879795506319447,0.989899319652528,-0.0147092341502377,0.110193348496069,0.0879795506319447,0.989912304880444,-0.0146411972472525,0.110120822020024,0.0879355931752827,0.989912304880444,-0.0146411972472525,0.110120822020024,0.0879355931752827,0.989901825873632,-0.0146961293399052,0.110179391691394,0.0879710211432632,0.989899319652528,-0.0147092341502377,0.110193348496069,0.0879795506319447,0.989912304880444,-0.0146411972472525,0.110120822020024,0.0879355931752827,0.989912304880444,-0.0146411972472525,0.110120822020024,0.0879355931752827,0.989901825873632,-0.0146961293399052,0.110179391691394,0.0879710211432632,0.992744480693928,0.0287445179368652,-0.0581583865174569,0.101241053026953,0.965516618092688,0.0124629973101271,0.0228837838632561,0.259034102621653,0.987409821222026,-0.0150203361537392,-0.00378119966362234,0.157422796904449,0.987391561846773,-0.0144917368086602,-0.00709620394287773,0.157472337404571,0.98973774693559,-0.040946282145717,0.0391270090352384,0.131193259862166,0.980417953004102,-0.0465549969706438,0.121104573107805,0.148145037232726,0.993747885902874,-0.0260977499027611,0.00630532632814415,0.108371073508934,0.993747885902874,-0.0260977499027611,0.00630532632814415,0.108371073508934
358,1128,0.989638261396969,-0.0159362883096998,0.111552135444696,0.0889846468320415,0.989638261396969,-0.0159362883096998,0.111552135444696,0.0889846468320415,0.994028713212982,-0.0113932698591009,0.0611120663308849,0.0896795743680284,0.994031863780625,-0.0113886445686846,0.0610607986510419,0.0896801618631523,0.989638261396969,-0.0159362883096998,0.111552135444696,0.0889846468320415,0.97140113061279,-0.025612444125159,0.219562316409897,0.0866962246170422,0.989638261396969,-0.0159362883096998,0.111552135444696,0.0889846468320415,0.989638261396969,-0.0159362883096998,0.111552135444696,0.0889846468320415,0.989652078787574,-0.0158715355589773,0.111480582701095,0.0889322044652964,0.989652078787574,-0.0158715355589773,0.111480582701095,0.0889322044652964,0.989640919182587,-0.015923887067167,0.111538410492319,0.0889745125581655,0.989638261396969,-0.0159362883096998,0.111552135444696,0.0889846468320415,0.989652078787574,-0.0158715355589773,0.111480582701095,0.0889322044652964,0.989652078787574,-0.0158715355589773,0.111480582701095,0.0889322044652964,0.989640919182587,-0.015923887067167,0.111538410492319,0.0889745125581655,0.992833454746916,0.0285512612013268,-0.0574255990899944,0.100840751624892,0.965571008991208,0.0125401813515081,0.0235095752219694,0.258771463496761,0.987440135734525,-0.0139504055966257,-0.0031288372413153,0.157345400002004,0.98741499767376,-0.0132203646151867,-0.00770932233255276,0.157408419970288,0.98950881203573,-0.0404542279358897,0.0394239304938174,0.132971876914515,0.980052354431543,-0.0465990787535438,0.122196842687975,0.149645715172875,0.993650702064641,-0.0271002175762336,0.00722788910609956,0.108956955321073,0.993650702064641,-0.0271002175762336,0.00722788910609956,0.108956955321073
359,1129,0.989382533980081,-0.0169084524757012,0.112814010237568,0.0900516784082788,0.989382533980081,-0.0169084524757012,0.112814010237568,0.0900516784082788,0.993837447929397,-0.0123099484643781,0.0623853071156269,0.0907946348529222,0.993840664165416,-0.0123052656628613,0.0623340492987067,0.0907952696247857,0.989382533980081,-0.0169084524757012,0.112814010237568,0.0900516784082788,0.971008367301974,-0.0266959123355808,0.220788473612833,0.0876500360173463,0.989382533980081,-0.0169084524757012,0.112814010237568,0.0900516784082788,0.989382533980081,-0.0169084524757012,0.112814010237568,0.0900516784082788,0.98939610942974,-0.0168566082720709,0.112747350011635,0.0899957136102067,0.98939610942974,-0.0168566082720709,0.112747350011635,0.0899957136102067,0.989385136559498,-0.0168986071353634,0.112801256367184,0.090040908447295,0.989382533980081,-0.0169084524757012,0.112814010237568,0.0900516784082788,0.98939610942974,-0.0168566082720709,0.112747350011635,0.0899957136102067,0.98939610942974,-0.0168566082720709,0.112747350011635,0.0899957136102067,0.989385136559498,-0.0168986071353634,0.112801256367184,0.090040908447295,0.992940439900538,0.0283645309599033,-0.0565733086106791,0.100320471222938,0.965678974443295,0.0125733528214568,0.0241299366792095,0.258309456413873,0.987456108816102,-0.0128906262177183,-0.00247593209448988,0.157347178804519,0.987424733639512,-0.0119700348877568,-0.00825181646140221,0.157419888155252,0.989240065312672,-0.0402413050916155,0.0397956304033018,0.134911223941925,0.979730828229547,-0.0466184938138161,0.12320764303776,0.1509108907543,0.993568676625538,-0.0280081285990921,0.0083183043840127,0.109396688126882,0.993568676625538,-0.0280081285990921,0.0083183043840127,0.109396688126882
360,1130,0.989145286683185,-0.0175998045817536,0.11395348296612,0.0910848638963331,0.989145286683185,-0.0175998045817536,0.11395348296612,0.0910848638963331,0.993658418102592,-0.0129478980464271,0.0635353648098807,0.0918616214123655,0.993661693653731,-0.0129431602136206,0.0634841162249965,0.0918622890854239,0.989145286683185,-0.0175998045817536,0.11395348296612,0.0910848638963331,0.970647414877356,-0.0274965499945936,0.221894998680855,0.0886010456525444,0.989145286683185,-0.0175998045817536,0.11395348296612,0.0910848638963331,0.989145286683185,-0.0175998045817536,0.11395348296612,0.0910848638963331,0.989157904324007,-0.0175626461072543,0.113893185098474,0.0910304133967003,0.989157904324007,-0.0175626461072543,0.113893185098474,0.0910304133967003,0.989147699708781,-0.017592792862277,0.113941962367847,0.0910744256742671,0.989145286683185,-0.0175998045817536,0.11395348296612,0.0910848638963331,0.989157904324007,-0.0175626461072543,0.113893185098474,0.0910304133967003,0.989157904324007,-0.0175626461072543,0.113893185098474,0.0910304133967003,0.989147699708781,-0.017592792862277,0.113941962367847,0.0910744256742671,0.993059261611298,0.0282034229452346,-0.0557092134600572,0.0996712265293117,0.96581808182282,0.0125657076659659,0.0247483691112292,0.257730584217855,0.987481127277161,-0.0117153877502258,-0.0017954192948141,0.157291288477289,0.987443266086461,-0.0105943282588695,-0.00883156382069554,0.157370772221932,0.988942015155028,-0.0402197758473899,0.0402064731171994,0.136965323390172,0.979441071024299,-0.0466333914494489,0.124174465075659,0.151990846487116,0.9934797511342,-0.029032206185401,0.0092734853062085,0.109859535592569,0.9934797511342,-0.029032206185401,0.0092734853062085,0.109859535592569
361,1131,0.988928570159217,-0.0180797101764233,0.115001828817583,0.092021663598284,0.988928570159217,-0.0180797101764233,0.115001828817583,0.092021663598284,0.993495261219274,-0.0133795729378152,0.0645933699646251,0.0928216005004271,0.99349859133785,-0.0133747855929649,0.0645421297932431,0.0928222904360877,0.988928570159216,-0.0180797101764233,0.115001828817583,0.092021663598284,0.970316876856164,-0.0280764347796626,0.222913202831596,0.0894794741911382,0.988928570159216,-0.0180797101764233,0.115001828817583,0.092021663598284,0.988928570159216,-0.0180797101764233,0.115001828817583,0.092021663598284,0.988940096332538,-0.0180538580491432,0.114946403522889,0.0919721066002335,0.988940096332538,-0.0180538580491432,0.114946403522889,0.0919721066002335,0.988930772742329,-0.018074841207757,0.114991231461544,0.0920121922656597,0.988928570159216,-0.0180797101764233,0.115001828817583,0.092021663598284,0.988940096332538,-0.0180538580491432,0.114946403522889,0.0919721066002335,0.988940096332538,-0.0180538580491432,0.114946403522889,0.0919721066002335,0.988930772742329,-0.018074841207757,0.114991231461544,0.0920121922656597,0.993188935352653,0.0280775396553857,-0.0548524173524038,0.0988868179817773,0.965971065663765,0.0125300364081004,0.025346999698367,0.257100035189247,0.987506232877079,-0.0105005924229342,-0.00109303945847836,0.157225897524649,0.987461829308276,-0.00917313377606139,-0.00942816872406383,0.157308928260256,0.988629857804599,-0.0403173878752609,0.0406291080278003,0.139049588539625,0.979172491352572,-0.0466410917770603,0.125057083798946,0.152992047270259,0.993389666089511,-0.0301195515713899,0.0102577928146062,0.110293071433716,0.993389666089511,-0.0301195515713899,0.0102577928146062,0.110293071433716
362,1132,0.988718782997599,-0.0184917420187544,0.116064773985236,0.0928557583815563,0.988718782997599,-0.0184917420187544,0.116064773985236,0.0928557583815563,0.993339766717538,-0.013748681512854,0.0656656034012178,0.0936755578801655,0.993343152137372,-0.0137438501241732,0.0656143712481274,0.0936762668516759,0.988718782997599,-0.0184917420187544,0.116064773985236,0.0928557583815563,0.969991622943604,-0.0285775770173904,0.223946678992415,0.0902632731475945,0.988718782997599,-0.0184917420187544,0.116064773985236,0.0928557583815563,0.988718782997599,-0.0184917420187544,0.116064773985236,0.0928557583815563,0.988729902027208,-0.0184698488099559,0.11600886170472,0.0928115807869923,0.988729902027208,-0.0184698488099559,0.11600886170472,0.0928115807869923,0.98872091308955,-0.0184875731998486,0.11605403975291,0.0928473236748193,0.988718782997599,-0.0184917420187544,0.116064773985236,0.0928557583815563,0.988729902027208,-0.0184698488099559,0.11600886170472,0.0928115807869923,0.988729902027208,-0.0184698488099559,0.11600886170472,0.0928115807869923,0.98872091308955,-0.0184875731998486,0.11605403975291,0.0928473236748193,0.993318899473305,0.0279860155781987,-0.053995423555559,0.0980756907508389,0.966118695324035,0.0124632000021729,0.0259681111964066,0.256485852225774,0.987523723837345,-0.00935775200085323,-0.000405523200757778,0.157191484778432,0.987472245829713,-0.0078155498745557,-0.0100912490141381,0.157275705655755,0.988319492585137,-0.0404675869825551,0.0410708289067792,0.141067863076524,0.978907809844924,-0.0466337438958202,0.125906276562217,0.153988321885498,0.993295005615745,-0.0312435361889411,0.0112233100606104,0.110738026786256,0.993295005615745,-0.0312435361889411,0.0112233100606104,0.110738026786256
363,1133,0.988500675681303,-0.01896018319323,0.117237353361797,0.0936073106525729,0.988500675681303,-0.01896018319323,0.117237353361797,0.0936073106525729,0.993181534700031,-0.0141783215407804,0.0668477522177346,0.0944499462816913,0.993184981090076,-0.0141734502120042,0.0667965282239787,0.0944506774111015,0.988500675681303,-0.01896018319323,0.117237353361797,0.0936073106525729,0.969646058857137,-0.0291257223190776,0.225088212460125,0.09095883384103,0.988500675681303,-0.01896018319323,0.117237353361797,0.0936073106525729,0.988500675681303,-0.01896018319323,0.117237353361797,0.0936073106525729,0.988512194177716,-0.0189356675607893,0.117175935535034,0.093567529557394,0.988512194177716,-0.0189356675607893,0.117175935535034,0.093567529557394,0.988502889064057,-0.018955457302663,0.117225521526815,0.0935997118223478,0.988500675681303,-0.01896018319323,0.117237353361797,0.0936073106525729,0.988512194177716,-0.0189356675607893,0.117175935535034,0.093567529557394,0.988512194177716,-0.0189356675607893,0.117175935535034,0.093567529557394,0.988502889064057,-0.018955457302663,0.117225521526815,0.0935997118223478,0.993436593594244,0.0278968518306947,-0.0531481406697373,0.0973692729209345,0.966244253738446,0.0123928189150624,0.0265950366646082,0.255951487945628,0.987535470706372,-0.00829884963595849,0.000221961033792322,0.157177523599159,0.987477246510048,-0.00655588084386008,-0.0107258004311645,0.157259865370684,0.98802623308404,-0.0405790039174981,0.0415394659681297,0.142940476933262,0.97864275385957,-0.0466570290791529,0.126748971560243,0.154971546304747,0.993195249894416,-0.032422521264277,0.0122072735611517,0.111188840151528,0.993195249894416,-0.032422521264277,0.0122072735611517,0.111188840151528
364,1134,0.988272289188815,-0.0194634500135864,0.118519087875253,0.0942988989558528,0.988272289188815,-0.0194634500135864,0.118519087875253,0.0942988989558528,0.993018584329236,-0.014645789729382,0.0681394375236792,0.0951662181339589,0.993022097338905,-0.0146408814578542,0.0680882219324637,0.0951669733723553,0.988272289188815,-0.0194634500135864,0.118519087875253,0.0942988989558528,0.969278290038111,-0.0297018971956427,0.22633711191512,0.0915909686251706,0.988272289188815,-0.0194634500135864,0.118519087875253,0.0942988989558528,0.988272289188815,-0.0194634500135864,0.118519087875253,0.0942988989558528,0.988284347231396,-0.0194370621157799,0.118451937758236,0.094262336460749,0.988284347231396,-0.0194370621157799,0.118451937758236,0.094262336460749,0.988274607288313,-0.0194583703226817,0.118506153657511,0.0942919082361732,0.988272289188815,-0.0194634500135864,0.118519087875253,0.0942988989558528,0.988284347231396,-0.0194370621157799,0.118451937758236,0.094262336460749,0.988284347231396,-0.0194370621157799,0.118451937758236,0.094262336460749,0.988274607288313,-0.0194583703226817,0.118506153657511,0.0942919082361732,0.993538169119149,0.0277817265727536,-0.0522973562354683,0.0968249384342032,0.966339651862677,0.0123042032922111,0.0272347881658495,0.255527983071965,0.9875491994765,-0.00731853347055664,0.000756713799343288,0.157138299167934,0.987485279549147,-0.00540570195515258,-0.0112612910535405,0.157215725625405,0.987761978896391,-0.0405479833468293,0.0420705355570724,0.14461052565817,0.978393913036961,-0.0467371222716929,0.127569214945629,0.155843151059457,0.993089196745434,-0.033606518534904,0.01332687186706,0.111655020960603,0.993089196745434,-0.033606518534904,0.01332687186706,0.111655020960603
365,1135,0.98805041380038,-0.0199327932288314,0.119787834374328,0.0949206946819475,0.98805041380038,-0.0199327932288314,0.119787834374328,0.0949206946819476,0.992861476564577,-0.0150829251869752,0.0694178206889292,0.0958110635188388,0.992865055507798,-0.015077983656597,0.0693666131989361,0.0958118413018884,0.98805041380038,-0.0199327932288314,0.119787834374328,0.0949206946819475,0.968918419319951,-0.0302366888421606,0.227573816986316,0.0921574585840409,0.98805041380038,-0.0199327932288314,0.119787834374328,0.0949206946819475,0.98805041380038,-0.0199327932288314,0.119787834374328,0.0949206946819475,0.988062169577164,-0.0199080078550826,0.119721046680678,0.0948877824347957,0.988062169577164,-0.0199080078550826,0.119721046680678,0.0948877824347957,0.988052667050706,-0.0199280492261996,0.11977501893396,0.0949144079020426,0.98805041380038,-0.0199327932288314,0.119787834374328,0.0949206946819475,0.988062169577164,-0.0199080078550826,0.119721046680678,0.0948877824347957,0.988062169577164,-0.0199080078550826,0.119721046680678,0.0948877824347957,0.988052667050706,-0.0199280492261996,0.11977501893396,0.0949144079020426,0.993630514039317,0.0276027677562833,-0.051408478166188,0.0964036158802805,0.966395895079263,0.0122217565343687,0.0278849143417994,0.255248965117029,0.987558352040588,-0.00656717709271751,0.00114001763849837,0.157111660482904,0.987490889915822,-0.00453995607397496,-0.0115991662887779,0.157183302145962,0.987542406464961,-0.0403729525849228,0.0426822951700828,0.145973428444988,0.978152436383546,-0.0468446767812052,0.128316979093781,0.156710370845212,0.992982465219182,-0.0347542107523774,0.0145328520172759,0.112101582568943,0.992982465219182,-0.0347542107523774,0.0145328520172759,0.112101582568943
366,1136,0.987847620613068,-0.020294447493572,0.121004360043308,0.0954104747946517,0.987847620613068,-0.020294447493572,0.121004360043308,0.0954104747946517,0.992720772346944,-0.0154192202265751,0.0706430807034752,0.0963185908701669,0.992724414483836,-0.0154142525197366,0.0705918804687529,0.0963193859971502,0.987847620613068,-0.020294447493572,0.121004360043308,0.0954104747946517,0.968583250420789,-0.0306499445930749,0.228760712764866,0.0926045581818285,0.987847620613068,-0.020294447493572,0.121004360043308,0.0954104747946517,0.987847620613068,-0.020294447493572,0.121004360043308,0.0954104747946517,0.987858397696849,-0.0202751265244932,0.120940200432155,0.0953843449611156,0.987858397696849,-0.0202751265244932,0.120940200432155,0.0953843449611156,0.987849680533376,-0.0202907837039677,0.120992067786457,0.0954055150373569,0.987847620613068,-0.020294447493572,0.121004360043308,0.0954104747946517,0.987858397696849,-0.0202751265244932,0.120940200432155,0.0953843449611156,0.987858397696849,-0.0202751265244932,0.120940200432155,0.0953843449611156,0.987849680533376,-0.0202907837039677,0.120992067786457,0.0954055150373569,0.993712624577128,0.0275070929736953,-0.0504794023357105,0.0960750203330864,0.966404274827223,0.0121767884364497,0.0285384866980609,0.255147130487544,0.987553272490685,-0.00622039792089394,0.00137602148735908,0.157155805516414,0.987484164365837,-0.00412885740837878,-0.0117636970761017,0.157224658035273,0.987365574098968,-0.0400676870002801,0.0433918345721833,0.147040648240963,0.977907190063322,-0.0469321304839216,0.129048461058777,0.157611539707785,0.992866657067133,-0.0358905422891766,0.0157092553784316,0.112609455881749,0.992866657067133,-0.0358905422891766,0.0157092553784316,0.112609455881749
367,1137,0.987663071069852,-0.0205183592051527,0.122155357235168,0.0958056557784886,0.987663071069852,-0.0205183592051527,0.122155357235168,0.0958056557784887,0.992594957874816,-0.0156227584837409,0.0718019697353398,0.0967246409193471,0.992598659782239,-0.0156177698343685,0.0717507759880295,0.0967254465433922,0.987663071069851,-0.0205183592051527,0.122155357235168,0.0958056557784886,0.968273411340232,-0.0309159018215387,0.229884480006661,0.0929727581508633,0.987663071069851,-0.0205183592051527,0.122155357235168,0.0958056557784886,0.987663071069851,-0.0205183592051527,0.122155357235168,0.0958056557784886,0.987672878487195,-0.0205061984210668,0.12209460445854,0.095784594216649,0.987672878487195,-0.0205061984210668,0.12209460445854,0.095784594216649,0.987664944987125,-0.0205160836120363,0.122143725305031,0.0958016551287766,0.987663071069851,-0.0205183592051527,0.122155357235168,0.0958056557784886,0.987672878487195,-0.0205061984210668,0.12209460445854,0.095784594216649,0.987672878487195,-0.0205061984210668,0.12209460445854,0.095784594216649,0.987664944987125,-0.0205160836120363,0.122143725305031,0.0958016551287766,0.993782899428237,0.0274928847140752,-0.0494986281731374,0.0958622757036554,0.966365654279494,0.0121617171528832,0.0291885021416005,0.255220583432427,0.987526940492289,-0.00622987341361958,0.00149977895314242,0.157319678178808,0.987456754711382,-0.00409964215632728,-0.0118686608272719,0.157389597493683,0.987232414498049,-0.0396635854219821,0.0442587897236866,0.147784029204852,0.977652159123696,-0.0470092926665646,0.129719811791082,0.158616369245584,0.992744519252445,-0.0369794213309938,0.0167791671867651,0.113178184473765,0.992744519252445,-0.0369794213309938,0.0167791671867651,0.113178184473765
368,1138,0.987498886885194,-0.0206299265234171,0.123224889701692,0.0961040118317009,0.987498886885194,-0.0206299265234171,0.123224889701692,0.0961040118317009,0.992485342200472,-0.0157190184171468,0.0728784642998304,0.0970282815395114,0.992489099628864,-0.015714014107208,0.0728272762045793,0.0970290921278137,0.987498886885194,-0.0206299265234171,0.123224889701692,0.0961040118317009,0.967992761123799,-0.0310595606142855,0.230929511871944,0.0932570568533922,0.987498886885194,-0.0206299265234171,0.123224889701692,0.0961040118317009,0.987498886885194,-0.0206299265234171,0.123224889701692,0.0961040118317009,0.987507619891642,-0.0206237408151036,0.123168379596988,0.0960880442000369,0.987507619891642,-0.0206237408151036,0.123168379596988,0.0960880442000369,0.98750055382539,-0.0206287882268991,0.123214078848865,0.0961009888828603,0.987498886885194,-0.0206299265234171,0.123224889701692,0.0961040118317009,0.987507619891642,-0.0206237408151036,0.123168379596988,0.0960880442000369,0.987507619891642,-0.0206237408151036,0.123168379596988,0.0960880442000369,0.98750055382539,-0.0206287882268991,0.123214078848865,0.0961009888828603,0.993834417692675,0.0275383417864079,-0.048493410134238,0.0958289054235228,0.966291660080342,0.0121847901600505,0.0298242432682715,0.255426061828874,0.987496224175823,-0.0064711911999956,0.00161059301572837,0.157501545748245,0.987424912349356,-0.0043035667579388,-0.0119761948562009,0.157575672430084,0.987139050581865,-0.0392527284848917,0.0452270447477431,0.148223589708962,0.977391344102246,-0.0470335453316094,0.130353253851197,0.159693566864637,0.992615408965582,-0.0380494391294741,0.0177499758872266,0.113806100109038,0.992615408965582,-0.0380494391294741,0.0177499758872266,0.113806100109038
369,1139,0.98735245838005,-0.0206382456069211,0.124214284636817,0.0963327423117632,0.98735245838005,-0.0206382456069211,0.124214284636817,0.0963327423117632,0.992389386468696,-0.0157157020904993,0.0738740225062194,0.0972571392281248,0.992393195243698,-0.0157106859770989,0.0738228393586158,0.0972579496450812,0.98735245838005,-0.0206382456069211,0.124214284636817,0.0963327423117632,0.967738560121665,-0.0310929492209987,0.231896840924171,0.0934834901561584,0.98735245838005,-0.0206382456069211,0.124214284636817,0.0963327423117632,0.98735245838005,-0.0206382456069211,0.124214284636817,0.0963327423117632,0.987360244082684,-0.0206375209446341,0.124161992850025,0.0963205100991135,0.987360244082684,-0.0206375209446341,0.124161992850025,0.0963205100991135,0.987353944594305,-0.020638151143042,0.124204283238822,0.0963304252902142,0.98735245838005,-0.0206382456069211,0.124214284636817,0.0963327423117632,0.987360244082684,-0.0206375209446341,0.124161992850025,0.0963205100991135,0.987360244082684,-0.0206375209446341,0.124161992850025,0.0963205100991135,0.987353944594305,-0.020638151143042,0.124204283238822,0.0963304252902142,0.99386229070879,0.0275949298174801,-0.0474997469563555,0.0960210445398696,0.966179800779119,0.0122507753868609,0.0304557592795857,0.255771299788593,0.987443999145099,-0.00703579701305801,0.00168141351711291,0.157803735574645,0.987370131850657,-0.00481764427283462,-0.0121943154090573,0.15788702196375,0.987078127390505,-0.0389078555167833,0.0462763247828831,0.148396263332094,0.97714193727321,-0.0470092273132093,0.130930801952543,0.160751025096069,0.992481401169189,-0.0390802702835234,0.0186540955872329,0.11447893048782,0.992481401169189,-0.0390802702835234,0.0186540955872329,0.11447893048782
370,1140,0.987179399836544,-0.0206353396513845,0.125157586512815,0.0968844354585392,0.987179399836544,-0.0206353396513845,0.125157586512815,0.0968844354585392,0.992264492547116,-0.0156847614543211,0.0748249006251673,0.0978079717342554,0.992268350364366,-0.0156797169314609,0.0747737239177744,0.0978087805546982,0.987179399836544,-0.0206353396513845,0.125157586512815,0.0968844354585392,0.967462952234982,-0.0311506493826406,0.232815431138325,0.0940321653461604,0.987179399836544,-0.0206353396513845,0.125157586512815,0.0968844354585392,0.987179399836544,-0.0206353396513845,0.125157586512815,0.0968844354585392,0.987188473513062,-0.0206354493737361,0.125107810807441,0.0968562422720616,0.987188473513062,-0.0206354493737361,0.125107810807441,0.0968562422720616,0.987181151374031,-0.0206353678935988,0.125148054250146,0.0968788959533499,0.987179399836544,-0.0206353396513845,0.125157586512815,0.0968844354585392,0.987188473513062,-0.0206354493737361,0.125107810807441,0.0968562422720616,0.987188473513062,-0.0206354493737361,0.125107810807441,0.0968562422720616,0.987181151374031,-0.0206353678935988,0.125148054250146,0.0968788959533499,0.993840561197419,0.027787928436307,-0.0466492990297542,0.0966054493910724,0.966140618011366,0.0121947701404911,0.0311000310510032,0.255844448598096,0.987372959667193,-0.00770488648660338,0.00172644484675196,0.158215968316939,0.987296439323114,-0.00543842708898582,-0.0124130171055529,0.158310079960298,0.987022887150964,-0.0386830540901461,0.0473888870355969,0.148471327036441,0.976903279855689,-0.0469627115039783,0.131473875191593,0.16176867953191,0.992348278846529,-0.040090663219516,0.0195043946190323,0.115139961713983,0.992348278846529,-0.040090663219516,0.0195043946190323,0.115139961713983
371,1141,0.98706855780473,-0.0204951959224736,0.125932177764939,0.0970396606587755,0.98706855780473,-0.0204951959224736,0.125932177764939,0.0970396606587755,0.992193160435812,-0.0155369098972024,0.0756041241449492,0.0979558738796051,0.992197058442055,-0.0155318577464012,0.0755529511155142,0.0979566750743227,0.98706855780473,-0.0204951959224736,0.125932177764939,0.0970396606587755,0.967267712812425,-0.0310284006402654,0.233573164027782,0.0942018426060662,0.98706855780473,-0.0204951959224736,0.125932177764939,0.0970396606587755,0.98706855780473,-0.0204951959224736,0.125932177764939,0.0970396606587755,0.987074571109147,-0.0205022089596517,0.125890961646957,0.097030491460537,0.987074571109147,-0.0205022089596517,0.125890961646957,0.097030491460537,0.98706968702892,-0.0204965977106208,0.125924336948449,0.0970380533348239,0.98706855780473,-0.0204951959224736,0.125932177764939,0.0970396606587755,0.987074571109147,-0.0205022089596517,0.125890961646957,0.097030491460537,0.987074571109147,-0.0205022089596517,0.125890961646957,0.097030491460537,0.98706968702892,-0.0204965977106208,0.125924336948449,0.0970380533348239,0.993824099475516,0.0278320225759468,-0.0457545723913171,0.0971882550841439,0.965972697077009,0.0122981785346869,0.0317817231585768,0.256389206831273,0.987323006034499,-0.00829130255965589,0.00177883306384464,0.158497229659687,0.987242844203615,-0.00596511558819792,-0.0127062606940478,0.158601812423285,0.986994168631291,-0.0386609516759745,0.0484712163301891,0.148318519041981,0.97668539308081,-0.0469200187625734,0.132037241055481,0.162635548870349,0.992200752558623,-0.0411057731701504,0.020285369987199,0.115915856545466,0.992200752558623,-0.0411057731701504,0.020285369987199,0.115915856545466
372,1142,0.986981606207573,-0.0202833739916994,0.126579012222571,0.0971269654225314,0.986981606207573,-0.0202833739916994,0.126579012222571,0.0971269654225314,0.992139194963326,-0.0153209246556538,0.0762545417981589,0.0980323004951558,0.992143126515302,-0.0153158685633935,0.076203371551159,0.0980330905502096,0.986981606207573,-0.0202833739916994,0.126579012222571,0.0971269654225313,0.967110249936648,-0.0308274480460874,0.234206536618426,0.0943118821763331,0.986981606207573,-0.0202833739916994,0.126579012222571,0.0971269654225313,0.986981606207573,-0.0202833739916994,0.126579012222571,0.0971269654225313,0.986986267093576,-0.0202943160008519,0.126544611311833,0.0971221429679273,0.986986267093576,-0.0202943160008519,0.126544611311833,0.0971221429679273,0.986982489408452,-0.0202855062782326,0.126572465776142,0.0971260765370323,0.986981606207573,-0.0202833739916994,0.126579012222571,0.0971269654225313,0.986986267093576,-0.0202943160008519,0.126544611311833,0.0971221429679273,0.986986267093576,-0.0202943160008519,0.126544611311833,0.0971221429679273,0.986982489408452,-0.0202855062782326,0.126572465776142,0.0971260765370323,0.99380635009812,0.0278257236529011,-0.0448791061894642,0.0977779803201168,0.965792072981131,0.0124087894713961,0.0325016653459875,0.256973413917476,0.987280163593398,-0.0087866286262984,0.0019055262724023,0.158735763777422,0.987195216835338,-0.00637460617171124,-0.0130903137018091,0.158850911047981,0.986972820067326,-0.0387820813855013,0.0495018965324221,0.148088368386756,0.976496130411819,-0.0468874608509512,0.132595204671947,0.163326008350473,0.992053504440367,-0.0420641310969523,0.0211016970271039,0.116684067400922,0.992053504440367,-0.0420641310969523,0.0211016970271039,0.116684067400922
373,1143,0.986916117433436,-0.0200134334505048,0.127101863196851,0.0971656112187994,0.986916117433436,-0.0200134334505048,0.127101863196851,0.0971656112187994,0.992100363424401,-0.0150493688816738,0.0767800453970321,0.0980571772909253,0.992104322079578,-0.0150443115067397,0.076728877152092,0.0980579533403019,0.986916117433436,-0.0200134334505048,0.127101863196851,0.0971656112187994,0.966987736284257,-0.0305633845222288,0.234719032789945,0.0943799398630187,0.986916117433436,-0.0200134334505048,0.127101863196851,0.0971656112187994,0.986916117433436,-0.0200134334505048,0.127101863196851,0.0971656112187994,0.986919634204133,-0.0200274777672854,0.127074001796867,0.0971634387204979,0.986919634204133,-0.0200274777672854,0.127074001796867,0.0971634387204979,0.986916782913149,-0.0200161542146344,0.127096569448981,0.097165216045229,0.986916117433436,-0.0200134334505048,0.127101863196851,0.0971656112187994,0.986919634204133,-0.0200274777672854,0.127074001796867,0.0971634387204979,0.986919634204133,-0.0200274777672854,0.127074001796867,0.0971634387204979,0.986916782913149,-0.0200161542146344,0.127096569448981,0.097165216045229,0.993793761178966,0.0278017268526443,-0.0440523646235499,0.0982874020251281,0.9656238383156,0.0125247825590006,0.0332543362638325,0.257503168559439,0.987220032839575,-0.00934376244246189,0.00203781625930689,0.159075919511852,0.98712778053567,-0.00681495146636619,-0.0136488398627572,0.159204304281114,0.986951088965528,-0.0390236099192412,0.050410042326233,0.147863225621845,0.976317720280871,-0.0469170569689017,0.133192808541166,0.163896841287,0.991897054858753,-0.04300328616469,0.0218230845964827,0.11753596436949,0.991897054858753,-0.04300328616469,0.0218230845964827,0.11753596436949
374,1144,0.986863637162423,-0.0197510163356664,0.127539016312899,0.09717951593932,0.986863637162423,-0.0197510163356664,0.127539016312899,0.09717951593932,0.992070168196604,-0.0147865842153494,0.0772193007600436,0.0980577273433089,0.992074149506667,-0.0147815268123956,0.0771681340718555,0.0980584898394155,0.986863637162423,-0.0197510163356664,0.127539016312899,0.09717951593932,0.966887564035831,-0.0303040817802009,0.235147778106376,0.0944225798840045,0.986863637162423,-0.0197510163356664,0.127539016312899,0.09717951593932,0.986863637162423,-0.0197510163356664,0.127539016312899,0.09717951593932,0.986866443953788,-0.0197648395468072,0.127515766482745,0.0971787127616581,0.986866443953788,-0.0197648395468072,0.127515766482745,0.0971787127616581,0.986864169934433,-0.0197536677408829,0.12753459201394,0.0971793730698136,0.986863637162423,-0.0197510163356664,0.127539016312899,0.09717951593932,0.986866443953788,-0.0197648395468072,0.127515766482745,0.0971787127616581,0.986866443953788,-0.0197648395468072,0.127515766482745,0.0971787127616581,0.986864169934433,-0.0197536677408829,0.12753459201394,0.0971793730698136,0.993802589638669,0.0276705517731937,-0.04322154024628,0.0986035083086867,0.965514091788623,0.0126080682851296,0.0340290514492674,0.257809229526739,0.987155494380638,-0.00986423788603543,0.00222464158467785,0.159442082571903,0.987078860087926,-0.0074849499039268,-0.0124997233402482,0.159571477428999,0.986920803463975,-0.0393211322346464,0.0512251337794146,0.147706336760102,0.976149392330823,-0.0470042643016988,0.13383795147055,0.164348306154301,0.991730314098783,-0.0439665649724265,0.0225398867392905,0.118447789206199,0.991730314098783,-0.0439665649724265,0.0225398867392905,0.118447789206199
375,1145,0.986814845957281,-0.0195304149994892,0.127927544030377,0.097208879052333,0.986814845957281,-0.0195304149994892,0.127927544030377,0.097208879052333,0.992041186002008,-0.0145647756547229,0.0776098060754288,0.0980758409945638,0.992045187452644,-0.0145597173178422,0.0775586408814944,0.0980765920507432,0.986814845957281,-0.0195304149994892,0.127927544030377,0.097208879052333,0.966796398720881,-0.0300880395658046,0.235528597294834,0.0944759924623708,0.986814845957281,-0.0195304149994892,0.127927544030377,0.097208879052333,0.986814845957281,-0.0195304149994892,0.127927544030377,0.097208879052333,0.986817431202869,-0.0195421363330976,0.127906955845209,0.0972073712643312,0.986817431202869,-0.0195421363330976,0.127906955845209,0.0972073712643312,0.986815340210928,-0.019532647547046,0.12792361464151,0.0972085840923704,0.986814845957281,-0.0195304149994892,0.127927544030377,0.097208879052333,0.986817431202869,-0.0195421363330976,0.127906955845209,0.0972073712643312,0.986817431202869,-0.0195421363330976,0.127906955845209,0.0972073712643312,0.986815340210928,-0.019532647547046,0.12792361464151,0.0972085840923704,0.993835551092139,0.0274185750240118,-0.0424464829910568,0.0986783421563532,0.965499682118892,0.0126309678890835,0.034839055536205,0.257753880063614,0.987107157096879,-0.0101147748391558,0.00248904375597569,0.159721496359295,0.987048040924154,-0.00791730716685058,-0.0110860199571936,0.159845492011895,0.986881996196169,-0.0395772624720073,0.0519795935718354,0.147633626695252,0.975967445670075,-0.0471474413853352,0.134569755921341,0.164789697961723,0.991558653999776,-0.0449686021346768,0.023337158254115,0.119350900896597,0.991558653999776,-0.0449686021346768,0.023337158254115,0.119350900896597
376,1146,0.986761247684952,-0.0193593981501462,0.128314912781348,0.097276600107196,0.986761247684952,-0.0193593981501462,0.128314912781348,0.097276600107196,0.992007344050796,-0.0143905380556653,0.0779993982293076,0.0981347830263035,0.992011365594915,-0.0143854766790474,0.0779482347802731,0.0981355250960008,0.986761247684952,-0.0193593981501462,0.128314912781348,0.097276600107196,0.966700582696928,-0.0299254944904768,0.235907736601131,0.0945620854499924,0.986761247684952,-0.0193593981501462,0.128314912781348,0.097276600107196,0.986761247684952,-0.0193593981501462,0.128314912781348,0.097276600107196,0.986764061730187,-0.0193685351551397,0.128294515567015,0.0972731391449513,0.986764061730187,-0.0193685351551397,0.128294515567015,0.0972731391449513,0.986761789541608,-0.0193611306624431,0.128310999920939,0.0972759200388431,0.986761247684952,-0.0193593981501462,0.128314912781348,0.097276600107196,0.986764061730187,-0.0193685351551397,0.128294515567015,0.0972731391449513,0.986764061730187,-0.0193685351551397,0.128294515567015,0.0972731391449513,0.986761789541608,-0.0193611306624431,0.128310999920939,0.0972759200388431,0.993890099618683,0.0270485732104974,-0.0417092696362525,0.0985453265946698,0.965579994031139,0.0126143507722795,0.0356644153144344,0.257340635659623,0.9870558416869,-0.010330942121495,0.00275215264139913,0.160020194608326,0.987008853945174,-0.00826007047332828,-0.0100165456236668,0.160140445495133,0.986833617407755,-0.0397428835071175,0.0526660384395881,0.147669235657073,0.975764100284901,-0.0473464345572704,0.135374640026009,0.165276866402227,0.99137471721321,-0.0460356186673373,0.0242319418226191,0.120290086373943,0.99137471721321,-0.0460356186673373,0.0242319418226191,0.120290086373943
377,1147,0.986704550739006,-0.0192212613501133,0.12869031588548,0.0973831364269057,0.986704550739006,-0.0192212613501133,0.12869031588548,0.0973831364269057,0.991969799306055,-0.014247165325478,0.078377197681946,0.0982341612089154,0.991973840335446,-0.0142420988235642,0.0783260361688006,0.0982348958839501,0.986704550739006,-0.0192212613501133,0.12869031588548,0.0973831364269057,0.966603000844702,-0.0297998933835071,0.236274642333422,0.0946831479333165,0.986704550739006,-0.0192212613501133,0.12869031588548,0.0973831364269057,0.986704550739006,-0.0192212613501133,0.12869031588548,0.0973831364269057,0.986707530834632,-0.0192286251291588,0.128670526461824,0.0973776370112967,0.986707530834632,-0.0192286251291588,0.128670526461824,0.0973776370112967,0.986705123997488,-0.0192226600602346,0.128686522839248,0.0973820643489015,0.986704550739006,-0.0192212613501133,0.12869031588548,0.0973831364269057,0.986707530834632,-0.0192286251291588,0.128670526461824,0.0973776370112967,0.986707530834632,-0.0192286251291588,0.128670526461824,0.0973776370112967,0.986705123997488,-0.0192226600602346,0.128686522839248,0.0973820643489015,0.993958121842655,0.026624046831016,-0.0409855527671267,0.0982781594136549,0.965733044824373,0.0125714308111781,0.0365115541230495,0.256648693114002,0.986992719997152,-0.0106781640259918,0.00302341662945524,0.160381440439794,0.986954252657278,-0.00868731120890128,-0.00922353170996421,0.160501589551222,0.986776700449325,-0.0398052008521718,0.0532864743632359,0.147810152172973,0.975526548736638,-0.0475936291598233,0.136262246717781,0.165877663634389,0.99117557812739,-0.047196429940665,0.0251983726137031,0.121278655757366,0.99117557812739,-0.047196429940665,0.0251983726137031,0.121278655757366
378,1148,0.986643219706784,-0.0190910166347888,0.129057497277759,0.0975441053415401,0.986643219706784,-0.0190910166347888,0.129057497277759,0.0975441053415401,0.991927208615548,-0.0141089080794174,0.0787470215635861,0.0983883027388816,0.991931268718874,-0.0141038336277501,0.078695862246588,0.0983890302830148,0.986643219706784,-0.0190910166347888,0.129057497277759,0.0975441053415401,0.966501715869206,-0.0296881145686366,0.236632867156805,0.0948574470265291,0.986643219706784,-0.0190910166347888,0.129057497277759,0.0975441053415401,0.986643219706784,-0.0190910166347888,0.129057497277759,0.0975441053415401,0.986646439962262,-0.0190978971506594,0.129038149350965,0.0975357823893131,0.986646439962262,-0.0190978971506594,0.129038149350965,0.0975357823893131,0.986643839653431,-0.0190923330865704,0.12905378765147,0.0975424850209098,0.986643219706784,-0.0190910166347888,0.129057497277759,0.0975441053415401,0.986646439962262,-0.0190978971506594,0.129038149350965,0.0975357823893131,0.986646439962262,-0.0190978971506594,0.129038149350965,0.0975357823893131,0.986643839653431,-0.0190923330865704,0.12905378765147,0.0975424850209098,0.994035495662873,0.026189055696774,-0.0402482088312996,0.0979165379792938,0.965928797314789,0.0125158902418382,0.0373572845269077,0.255791603267652,0.986923106240697,-0.0110930314927791,0.00328705749699228,0.160776000303299,0.986891998453912,-0.00917251677371063,-0.00849739762621818,0.160896993624064,0.986713319960603,-0.0397502813504864,0.0538006171623903,0.148061584949736,0.975238497847981,-0.0478980993656534,0.137238631091437,0.166676940602234,0.990956140762803,-0.0484752663373884,0.0262357315073189,0.122342805388338,0.990956140762803,-0.0484752663373884,0.0262357315073189,0.122342805388338
379,1149,0.986574049757426,-0.0189822099397959,0.129463028729008,0.0977273976085806,0.986574049757426,-0.0189822099397959,0.129463028729008,0.0977273976085805,0.991878738184772,-0.0139909266203252,0.0791555443379664,0.098565828307019,0.991882819357958,-0.0139858430128322,0.0791043875203151,0.098566549765955,0.986574049757426,-0.0189822099397959,0.129463028729008,0.0977273976085805,0.966388427678268,-0.0296000957144182,0.237028349173641,0.0950515800565218,0.986574049757426,-0.0189822099397959,0.129463028729008,0.0977273976085805,0.986574049757426,-0.0189822099397959,0.129463028729008,0.0977273976085805,0.986577674794342,-0.0189879944068993,0.129441785484492,0.097717817394685,0.986577674794342,-0.0189879944068993,0.129441785484492,0.097717817394685,0.986574748724289,-0.0189833111918503,0.129458936458216,0.0977255485884175,0.986574049757426,-0.0189822099397959,0.129463028729008,0.0977273976085805,0.986577674794342,-0.0189879944068993,0.129441785484492,0.097717817394685,0.986577674794342,-0.0189879944068993,0.129441785484492,0.097717817394685,0.986574748724289,-0.0189833111918503,0.129458936458216,0.0977255485884175,0.994120609742718,0.0258041671286713,-0.039485492124151,0.0974641172702846,0.966137621689282,0.0124484273930047,0.0382042243656478,0.254879520269164,0.986859183278776,-0.011437657160822,0.00356554051686212,0.161137889082121,0.986834329129067,-0.00957145182478599,-0.00785923362760825,0.161259500833707,0.986645180759302,-0.0395785730210043,0.0541851796513985,0.148420989581029,0.97489630631265,-0.0482567294234617,0.138289022947602,0.167703983660199,0.990715509878682,-0.0498720847438602,0.0273692872294378,0.123476620320119,0.990715509878682,-0.0498720847438602,0.0273692872294378,0.123476620320119
380,1150,0.986489992262275,-0.0188709792450652,0.129950048388715,0.0979508357926525,0.986489992262275,-0.0188709792450652,0.129950048388715,0.0979508357926525,0.991819540883477,-0.0138684839773554,0.0796462066362442,0.0987833247178728,0.991823647362929,-0.0138633891525237,0.079595052871075,0.0987840398614702,0.986489992262275,-0.0188709792450652,0.129950048388715,0.0979508357926525,0.966251392722637,-0.0295140764637256,0.237503191497331,0.0952858823784521,0.986489992262275,-0.0188709792450652,0.129950048388715,0.0979508357926525,0.986489992262275,-0.0188709792450652,0.129950048388715,0.0979508357926525,0.986494384214678,-0.0188768301531801,0.129924636272951,0.0979391856491244,0.986494384214678,-0.0188768301531801,0.129924636272951,0.0979391856491244,0.986490841349241,-0.0188721025937121,0.129945137469688,0.0979485830716459,0.986489992262275,-0.0188709792450652,0.129950048388715,0.0979508357926525,0.986494384214678,-0.0188768301531801,0.129924636272951,0.0979391856491244,0.986494384214678,-0.0188768301531801,0.129924636272951,0.0979391856491244,0.986490841349241,-0.0188721025937121,0.129945137469688,0.0979485830716459,0.994213892615824,0.0254197103253776,-0.0386483608710243,0.0969478120364118,0.966346836866262,0.0123512747392884,0.039056039077638,0.253960356556787,0.986789853427431,-0.0118923553573844,0.00385565469793563,0.161522416350093,0.986769764229626,-0.0100519778289396,-0.00738331244693988,0.16164738426973,0.986573769959258,-0.0393190193915707,0.0544704992318745,0.148859584360201,0.974503009094788,-0.0486541037281639,0.139444125559142,0.16891417732878,0.990458341793805,-0.0513871098469498,0.0286513378974486,0.124622385426262,0.990458341793805,-0.0513871098469498,0.0286513378974486,0.124622385426262
381,1151,0.986404361553074,-0.0187226359277238,0.130447590837746,0.0981800614056563,0.986404361553074,-0.0187226359277238,0.130447590837746,0.0981800614056563,0.991759307195865,-0.0137086825406681,0.0801474580799555,0.0990047149215618,0.991763439527727,-0.0137035762977227,0.0800963074207064,0.0990054218230145,0.986404361553074,-0.0187226359277238,0.130447590837746,0.0981800614056563,0.966111638425851,-0.0293918046705224,0.237988320184873,0.0955300129378741,0.986404361553074,-0.0187226359277238,0.130447590837746,0.0981800614056563,0.986404361553074,-0.0187226359277238,0.130447590837746,0.0981800614056563,0.986408871199427,-0.018730345801045,0.130421444233733,0.098168018464429,0.986408871199427,-0.018730345801045,0.130421444233733,0.098168018464429,0.986405227990991,-0.0187241306255939,0.130442566520655,0.098177746785412,0.986404361553074,-0.0187226359277238,0.130447590837746,0.0981800614056563,0.986408871199427,-0.018730345801045,0.130421444233733,0.098168018464429,0.986408871199427,-0.018730345801045,0.130421444233733,0.098168018464429,0.986405227990991,-0.0187241306255939,0.130442566520655,0.098177746785412,0.994318266102276,0.0250723280484072,-0.037749815856657,0.0963198601763132,0.966542399429417,0.0122322439110649,0.0398957029953625,0.253089895485046,0.986724576102845,-0.0123943102215322,0.00413423327830912,0.161876187575546,0.986709338848355,-0.0105887142397498,-0.0068674303477188,0.162004315253051,0.986502685490568,-0.0390021288775638,0.0545871821764825,0.14937042881691,0.974056269357394,-0.0491448124662136,0.140719612119101,0.170285531676258,0.990170581602834,-0.0530733710107589,0.0300533046320952,0.125865942568088,0.990170581602834,-0.0530733710107589,0.0300533046320952,0.125865942568088
382,1152,0.986310944736038,-0.0185344126969047,0.130971505931244,0.0984563886905683,0.986310944736038,-0.0185344126969047,0.130971505931244,0.0984563886905683,0.991692637786651,-0.0135066589016226,0.0806754437964052,0.0992711191300001,0.991696797349767,-0.0135015389189967,0.0806242965749668,0.0992718156116138,0.986310944736038,-0.0185344126969047,0.130971505931244,0.0984563886905682,0.965961248797848,-0.0292350670326542,0.23849880690036,0.0958253399868931,0.986310944736038,-0.0185344126969047,0.130971505931244,0.0984563886905682,0.986310944736038,-0.0185344126969047,0.130971505931244,0.0984563886905682,0.986315851219042,-0.0185442095437315,0.130944004193455,0.0984419711923703,0.986315851219042,-0.0185442095437315,0.130944004193455,0.0984419711923703,0.986311889532777,-0.018536309913228,0.130966216797598,0.0984536024673947,0.986310944736038,-0.0185344126969047,0.130971505931244,0.0984563886905682,0.986315851219042,-0.0185442095437315,0.130944004193455,0.0984419711923703,0.986315851219042,-0.0185442095437315,0.130944004193455,0.0984419711923703,0.986311889532777,-0.018536309913228,0.130966216797598,0.0984536024673947,0.994435280371097,0.0247486747068211,-0.036778779544128,0.0955682877776829,0.966712225822935,0.0120981214740406,0.0407430292685336,0.252311540495651,0.986658845891492,-0.0128962593969404,0.00441280996115256,0.162229884503079,0.986646785278454,-0.01108833098039,-0.00657815835748735,0.162363474489753,0.986430207405941,-0.0386770886575897,0.0545664817160041,0.149940080709536,0.973568519323173,-0.0497435670150816,0.142118777763462,0.171732841153113,0.989858917460335,-0.0549241082691614,0.0315827800810291,0.127142415650509,0.989858917460335,-0.0549241082691614,0.0315827800810291,0.127142415650509
383,1153,0.986215293146505,-0.0182913391079587,0.131452267436928,0.0988186412742086,0.986215293146505,-0.0182913391079587,0.131452267436928,0.0988186412742086,0.991621543318855,-0.0132454888473128,0.0811604452691624,0.0996205499625392,0.991625727896294,-0.0132403508429396,0.0811093017138167,0.0996212329736936,0.986215293146505,-0.0182913391079587,0.131452267436928,0.0988186412742086,0.965813377167128,-0.0290332473822877,0.238966155627496,0.0962120964124676,0.986215293146505,-0.0182913391079587,0.131452267436928,0.0988186412742086,0.986215293146505,-0.0182913391079587,0.131452267436928,0.0988186412742086,0.986220332159108,-0.0183039828367751,0.131426855753409,0.0987998088817099,0.986220332159108,-0.0183039828367751,0.131426855753409,0.0987998088817099,0.986216261252754,-0.0182937888559241,0.131447407215728,0.0988149911005331,0.986215293146505,-0.0182913391079587,0.131452267436928,0.0988186412742086,0.986220332159108,-0.0183039828367751,0.131426855753409,0.0987998088817099,0.986220332159108,-0.0183039828367751,0.131426855753409,0.0987998088817099,0.986216261252754,-0.0182937888559241,0.131447407215728,0.0988149911005331,0.994556639547381,0.0244781822165106,-0.0357687428319124,0.094754980680813,0.966839784130899,0.0119212316424044,0.0416141219352143,0.251688261373877,0.98659128508818,-0.0134496284057453,0.00471245253238704,0.162587012011821,0.986583779382706,-0.0116696194498327,-0.00608418275127338,0.162724457169415,0.986358990299311,-0.0382989706162363,0.0543803208257432,0.150571948955805,0.973038611416136,-0.0504591177052689,0.143660879106692,0.173237668963928,0.989516719517064,-0.0569322339383106,0.0332455499373228,0.1284916960132,0.989516719517064,-0.0569322339383106,0.0332455499373228,0.1284916960132
384,1154,0.986114710255738,-0.0179905491410754,0.131907738783852,0.0992696671082147,0.986114710255738,-0.0179905491410754,0.131907738783852,0.0992696671082147,0.991544238612941,-0.0129221653216046,0.0816204398867697,0.100055706032062,0.991548446914967,-0.0129170048742386,0.0815693003178466,0.100056372367042,0.986114710255738,-0.0179905491410754,0.131907738783852,0.0992696671082147,0.965663381502265,-0.0287838098059736,0.239407825601919,0.0966934276940618,0.986114710255738,-0.0179905491410754,0.131907738783852,0.0992696671082147,0.986114710255738,-0.0179905491410754,0.131907738783852,0.0992696671082147,0.986120004499793,-0.0180062210672007,0.131883696388882,0.0992461755183122,0.986120004499793,-0.0180062210672007,0.131883696388882,0.0992461755183122,0.98611572830846,-0.0179935815848751,0.131903135807891,0.0992651206037067,0.986114710255738,-0.0179905491410754,0.131907738783852,0.0992696671082147,0.986120004499793,-0.0180062210672007,0.131883696388882,0.0992461755183122,0.986120004499793,-0.0180062210672007,0.131883696388882,0.0992461755183122,0.98611572830846,-0.0179935815848751,0.131903135807891,0.0992651206037067,0.994673571498819,0.0242676046263419,-0.0347442385946169,0.0939596052139666,0.966922059185655,0.0116657431533341,0.0424822211475817,0.251238736629568,0.98657907213309,-0.0134098892527611,0.00500338232594054,0.162655696071613,0.986576071375748,-0.0116669890652129,-0.00556370330658126,0.162789993428541,0.986291564914039,-0.0378507451032616,0.053967649437281,0.151273801065345,0.972475198652574,-0.0513259422647798,0.14531472823788,0.174760594567024,0.989156467450404,-0.0590913996167995,0.0350761220804943,0.129797361499228,0.989156467450404,-0.0590913996167995,0.0350761220804943,0.129797361499228
385,1155,0.986010293655507,-0.0176579013090764,0.132322592693558,0.0998129790638186,0.986010293655507,-0.0176579013090764,0.132322592693558,0.0998129790638186,0.991461040871347,-0.0125623348874133,0.08204006439582,0.100581409864904,0.991465270815857,-0.0125571473270504,0.0819889291173098,0.100582057640725,0.986010293655507,-0.0176579013090764,0.132322592693558,0.0998129790638186,0.965514036042007,-0.0285128421965193,0.239808702797956,0.0972699855973658,0.986010293655507,-0.0176579013090764,0.132322592693558,0.0998129790638186,0.986010293655507,-0.0176579013090764,0.132322592693558,0.0998129790638186,0.986015794355667,-0.0176753175703012,0.13230064991008,0.0997846404178598,0.986015794355667,-0.0176753175703012,0.13230064991008,0.0997846404178598,0.986011350930059,-0.0176612581646044,0.132318398517209,0.0998075007750603,0.986010293655507,-0.0176579013090764,0.132322592693558,0.0998129790638186,0.986015794355667,-0.0176753175703012,0.13230064991008,0.0997846404178598,0.986015794355667,-0.0176753175703012,0.13230064991008,0.0997846404178598,0.986011350930059,-0.0176612581646044,0.132318398517209,0.0998075007750603,0.994777774098096,0.0240762891399656,-0.0337610523882017,0.0932614808124305,0.966961412949793,0.0113274669371352,0.0433726650554834,0.250950445875104,0.986585442716137,-0.0131681422401586,0.00541431564401328,0.162623643535176,0.986584496827703,-0.0113544716855296,-0.00558401401451762,0.162760331098998,0.986228729649088,-0.0372947682260762,0.0533589258317042,0.152035581729397,0.9718785617248,-0.0523198184186804,0.147096229464647,0.176287824700555,0.988783272041131,-0.061348347906868,0.0370681784521688,0.131034237079375,0.988783272041131,-0.061348347906868,0.0370681784521688,0.131034237079375
386,1156,0.985904985963419,-0.0172922702251958,0.132680336298042,0.100440352462387,0.985904985963419,-0.0172922702251958,0.132680336298042,0.100440352462387,0.991374050699821,-0.0121652916112039,0.0824026976907888,0.101189390216189,0.991378299347466,-0.0121600726944352,0.082351566898364,0.101190017513467,0.985904985963419,-0.0172922702251958,0.132680336298042,0.100440352462387,0.965370076899114,-0.0282183227163973,0.240152717276924,0.097933718786652,0.985904985963419,-0.0172922702251958,0.132680336298042,0.100440352462387,0.985904985963419,-0.0172922702251958,0.132680336298042,0.100440352462387,0.985910543549981,-0.0173114228958731,0.132661354286519,0.100407568605001,0.985910543549981,-0.0173114228958731,0.132661354286519,0.100407568605001,0.985906052926715,-0.0172959601631246,0.132676717365747,0.100434024282366,0.985904985963419,-0.0172922702251958,0.132680336298042,0.100440352462387,0.985910543549981,-0.0173114228958731,0.132661354286519,0.100407568605001,0.985910543549981,-0.0173114228958731,0.132661354286519,0.100407568605001,0.985906052926715,-0.0172959601631246,0.132676717365747,0.100434024282366,0.994859340186296,0.0238884962593848,-0.0328905219186718,0.0927493749761742,0.966966664494577,0.0109481396546688,0.0442998904520708,0.250785022878698,0.986572338294258,-0.0131060805420491,0.00580440337203981,0.162694686043893,0.986573030786306,-0.0112104707447645,-0.00568548247966088,0.16283628453074,0.986171654400542,-0.0366191174382336,0.0525736954657577,0.152841469634442,0.971259773414391,-0.0534225463121792,0.148970459141198,0.177787194127727,0.988394950189623,-0.0637548671282726,0.0391476630224472,0.132205143005074,0.988394950189623,-0.0637548671282726,0.0391476630224472,0.132205143005074
387,1157,0.985802008254606,-0.0168985452562227,0.132975030693429,0.101126064402264,0.985802008254606,-0.0168985452562227,0.132975030693429,0.101126064402264,0.991286183180842,-0.0117372258439254,0.0827022448394875,0.101854205915888,0.99129044727792,-0.0117319726394767,0.0826511185784818,0.101854811134546,0.985802008254606,-0.0168985452562227,0.132975030693429,0.101126064402264,0.965235357892614,-0.0279022861938801,0.240434319806161,0.0986585229892596,0.985802008254606,-0.0168985452562227,0.132975030693429,0.101126064402264,0.985802008254606,-0.0168985452562227,0.132975030693429,0.101126064402264,0.985807453677215,-0.0169191894607592,0.132959349387669,0.101090141521536,0.985807453677215,-0.0169191894607592,0.132959349387669,0.101090141521536,0.985803052296219,-0.0169025194674008,0.132972048044685,0.101119144368975,0.985802008254606,-0.0168985452562227,0.132975030693429,0.101126064402264,0.985807453677215,-0.0169191894607592,0.132959349387669,0.101090141521536,0.985807453677215,-0.0169191894607592,0.132959349387669,0.101090141521536,0.985803052296219,-0.0169025194674008,0.132972048044685,0.101119144368975,0.994915229342341,0.0237272888272419,-0.0321351366285602,0.0924555849121594,0.966946980038652,0.0105228408136453,0.0452474836647263,0.250709937651765,0.986561868058413,-0.0129858530340511,0.00622017188773092,0.162752442610731,0.986564748987418,-0.0110110717270065,-0.00574509361214844,0.162897962707346,0.986124884004154,-0.0358054310851638,0.0516420440469869,0.153651500283104,0.970623744946138,-0.054612547408756,0.150934240504839,0.179236911531886,0.988002313381823,-0.0662235520310902,0.0413385831548073,0.133255361810721,0.988002313381823,-0.0662235520310902,0.0413385831548073,0.133255361810721
388,1158,0.98569898941577,-0.0165008768632433,0.133237231660267,0.10184823723061,0.98569898941577,-0.0165008768632433,0.133237231660267,0.10184823723061,0.991196623187069,-0.0113033687144897,0.0829693426412025,0.102555234970931,0.991200901059987,-0.0112980793546442,0.0829182209989494,0.102555817812227,0.98569898941577,-0.0165008768632433,0.133237231660267,0.10184823723061,0.965104166527331,-0.0275863343408455,0.240683620937006,0.099420000612923,0.98569898941577,-0.0165008768632433,0.133237231660267,0.10184823723061,0.98569898941577,-0.0165008768632433,0.133237231660267,0.10184823723061,0.985704432263338,-0.0165217928247096,0.133223340198598,0.101810334468545,0.985704432263338,-0.0165217928247096,0.133223340198598,0.101810334468545,0.985700033821435,-0.0165048933530264,0.13323458033427,0.101840946691287,0.98569898941577,-0.0165008768632433,0.133237231660267,0.10184823723061,0.985704432263338,-0.0165217928247096,0.133223340198598,0.101810334468545,0.985704432263338,-0.0165217928247096,0.133223340198598,0.101810334468545,0.985700033821435,-0.0165048933530264,0.13323458033427,0.101840946691287,0.994945731619813,0.0235767711735085,-0.031472343243883,0.0923938234044168,0.966920731914129,0.0100578982846483,0.0462274229265384,0.250651475651575,0.986564152363989,-0.0127406799932026,0.00669423687939527,0.162739164113122,0.986569508643752,-0.0106701932729715,-0.00585185026284176,0.162888021163142,0.986090688610512,-0.0348358993369425,0.0505793851136347,0.154445264590919,0.969974919370519,-0.0558913895471339,0.152984728690267,0.180611409258138,0.987590164779719,-0.0688793551181231,0.0435371644800853,0.134260255391966,0.987590164779719,-0.0688793551181231,0.0435371644800853,0.134260255391966
389,1159,0.98560218818035,-0.016148270733516,0.133466422884155,0.102539133841337,0.98560218818035,-0.016148270733516,0.133466422884155,0.102539133841337,0.991111595123385,-0.0109161051505719,0.0832031573641612,0.103227318404365,0.991115885055544,-0.0109107811281546,0.083152040106968,0.103227881271428,0.98560218818035,-0.016148270733516,0.133466422884155,0.102539133841337,0.964982780381842,-0.0273117373323395,0.240900794830395,0.100145442335155,0.98560218818035,-0.016148270733516,0.133466422884155,0.102539133841337,0.98560218818035,-0.016148270733516,0.133466422884155,0.102539133841337,0.985607317712012,-0.0161669471242605,0.133454271094721,0.102502695670851,0.985607317712012,-0.0161669471242605,0.133454271094721,0.102502695670851,0.985603169944503,-0.0161518370143068,0.133464104906301,0.102532152313164,0.98560218818035,-0.016148270733516,0.133466422884155,0.102539133841337,0.985607317712012,-0.0161669471242605,0.133454271094721,0.102502695670851,0.985607317712012,-0.0161669471242605,0.133454271094721,0.102502695670851,0.985603169944503,-0.0161518370143068,0.133464104906301,0.102532152313164,0.994947720136968,0.0233978955520364,-0.0309626284347782,0.0925898931762855,0.966916980554563,0.00954819914720216,0.0472179148557084,0.250501203839365,0.986558365105154,-0.0125178949115884,0.00718100788724728,0.162770782617,0.986566226516836,-0.010341407619082,-0.00600460902669989,0.162923542360287,0.986072027916405,-0.0336976373898027,0.0494332871652923,0.155186259427848,0.96930675998488,-0.0572415244975314,0.155079681399134,0.181983805152977,0.987174267849325,-0.0716371105677054,0.0457850410437347,0.135125198620706,0.987174267849325,-0.0716371105677054,0.0457850410437347,0.135125198620706
390,1160,0.985460072604772,-0.0159027142233007,0.133687955996663,0.103648827313984,0.985460072604772,-0.0159027142233007,0.133687955996663,0.103648827313984,0.990980922074714,-0.010614468554113,0.0834316268612725,0.104323098020265,0.990985223790491,-0.0106090880166374,0.0833805163433126,0.10432364532879,0.985460072604772,-0.0159027142233007,0.133687955996663,0.103648827313984,0.964817195030844,-0.0271895359031242,0.2411053803829,0.101275391189591,0.985460072604772,-0.0159027142233007,0.133687955996663,0.103648827313984,0.985460072604772,-0.0159027142233007,0.133687955996663,0.103648827313984,0.985467469026357,-0.0159159264228784,0.133676276383493,0.103591524311271,0.985467469026357,-0.0159159264228784,0.133676276383493,0.103591524311271,0.985461510308282,-0.0159052055603844,0.13368571839821,0.103637661269234,0.985460072604772,-0.0159027142233007,0.133687955996663,0.103648827313984,0.985467469026357,-0.0159159264228784,0.133676276383493,0.103591524311271,0.985467469026357,-0.0159159264228784,0.133676276383493,0.103591524311271,0.985461510308282,-0.0159052055603844,0.13368571839821,0.103637661269234,0.994909236299883,0.0233340166453665,-0.0306300660379997,0.0931285898469698,0.967048641936857,0.00883333631282986,0.0482249262459232,0.249826445330036,0.986520524958139,-0.0122269920587291,0.00769473277958095,0.162998606095153,0.98653130666869,-0.00993688127380492,-0.00615922387975334,0.163154231677629,0.986038357054671,-0.032407161888249,0.0482718647344218,0.156038332951667,0.968627207241965,-0.0585404450751737,0.157214275092306,0.183352178575094,0.986755944188981,-0.0745033893101811,0.0480909802375284,0.135827866098243,0.986755944188981,-0.0745033893101811,0.0480909802375284,0.135827866098243
391,1161,0.985384314006485,-0.0155980876069472,0.133788777315988,0.104283346883705,0.985384314006486,-0.0155980876069472,0.133788777315988,0.104283346883705,0.990910385372731,-0.0102779877229741,0.0835361681321578,0.104941315708483,0.990914692480379,-0.0102725753010157,0.0834850612520295,0.104941845661996,0.985384314006485,-0.0155980876069472,0.133788777315988,0.104283346883705,0.964730822193973,-0.0269564366981849,0.241197271822631,0.101939527636722,0.985384314006485,-0.0155980876069472,0.133788777315988,0.104283346883705,0.985384314006485,-0.0155980876069472,0.133788777315988,0.104283346883705,0.985388485781161,-0.0156139797713075,0.133783154172787,0.104248757235722,0.985388485781161,-0.0156139797713075,0.133783154172787,0.104248757235722,0.985385088544054,-0.0156011588275044,0.133787747076266,0.10427689029945,0.985384314006485,-0.0155980876069472,0.133788777315988,0.104283346883705,0.985388485781161,-0.0156139797713075,0.133783154172787,0.104248757235722,0.985388485781161,-0.0156139797713075,0.133783154172787,0.104248757235722,0.985385088544054,-0.0156011588275044,0.133787747076266,0.10427689029945,0.994884544367138,0.023136435411072,-0.0302425191510666,0.0935672954148961,0.967105034803109,0.00823577497329957,0.0492344677738106,0.249431334944302,0.986525288007454,-0.0118809849661527,0.00820757409628582,0.162970347135596,0.986539318347235,-0.00948336059661853,-0.00629932581398784,0.163127427862567,0.986034743553237,-0.0310444930821743,0.0471344193394933,0.156684621034428,0.967922371439446,-0.0598437518330917,0.159468308794099,0.184702102651616,0.986319686917977,-0.0775345521542047,0.0503913794420089,0.136464564258282,0.986319686917977,-0.0775345521542047,0.0503913794420089,0.136464564258282
392,1162,0.985339515720767,-0.0153284741743781,0.133773143800611,0.104765560354306,0.985339515720767,-0.0153284741743781,0.133773143800611,0.104765560354306,0.990864850445157,-0.00998421540788124,0.0835228315817348,0.10540920358088,0.990869156865025,-0.00997877885472932,0.0834717270501142,0.105409718382295,0.985339515720767,-0.0153284741743781,0.133773143800611,0.104765560354306,0.964688011803348,-0.0267414121912726,0.241176812994195,0.102448434008933,0.985339515720767,-0.0153284741743781,0.133773143800611,0.104765560354306,0.985339515720767,-0.0153284741743781,0.133773143800611,0.104765560354306,0.985341972440241,-0.0153427495828752,0.133773645434724,0.104739721070462,0.985341972440241,-0.0153427495828752,0.133773645434724,0.104739721070462,0.985339972987587,-0.0153312010449875,0.133773290042256,0.104760673817087,0.985339515720767,-0.0153284741743781,0.133773143800611,0.104765560354306,0.985341972440241,-0.0153427495828752,0.133773645434724,0.104739721070462,0.985341972440241,-0.0153427495828752,0.133773645434724,0.104739721070462,0.985339972987587,-0.0153312010449875,0.133773290042256,0.104760673817087,0.994870816796168,0.0229246154653672,-0.029849264829361,0.0938911139684562,0.967165860261616,0.00761843767091365,0.0502755882293665,0.249007074959836,0.986520951239526,-0.0116077807618965,0.00868944011954682,0.162991305969526,0.986537902890787,-0.00909942455394526,-0.00648534995045458,0.163150565027079,0.986042697380039,-0.0296386580177235,0.0460241464429892,0.157235895515623,0.967203660256136,-0.0611059514434659,0.161771212398994,0.186046276835311,0.985858862778295,-0.080722041523356,0.0527462323478684,0.137055060712452,0.985858862778295,-0.080722041523356,0.0527462323478684,0.137055060712452
393,1163,0.985320010270308,-0.0150951708080915,0.133665358404878,0.105119860833666,0.985320010270308,-0.0150951708080915,0.133665358404878,0.105119860833666,0.990839892276144,-0.00973320709615816,0.0834161767931385,0.105751189132974,0.990844193195264,-0.00972775290523994,0.0833650735488915,0.105751690988037,0.985320010270308,-0.0150951708080915,0.133665358404878,0.105119860833666,0.964680461642412,-0.026548430342036,0.241067537428762,0.102826213436987,0.985320010270308,-0.0150951708080915,0.133665358404878,0.105119860833666,0.985320010270308,-0.0150951708080915,0.133665358404878,0.105119860833666,0.985321113480571,-0.0151075498254381,0.13367077344865,0.1051008543891,0.985321113480571,-0.0151075498254381,0.13367077344865,0.1051008543891,0.985320210857217,-0.015097531125241,0.133666437851481,0.105116269065772,0.985320010270308,-0.0150951708080915,0.133665358404878,0.105119860833666,0.985321113480571,-0.0151075498254381,0.13367077344865,0.1051008543891,0.985321113480571,-0.0151075498254381,0.13367077344865,0.1051008543891,0.985320210857217,-0.015097531125241,0.133666437851481,0.105116269065772,0.994873739072895,0.0226855922746951,-0.0294264845700371,0.0940515242413088,0.967222432756573,0.00700235194124955,0.0513314536622394,0.248589650839832,0.986516636438103,-0.0113544958373424,0.00914409649098068,0.163010389099878,0.986536783769476,-0.00874792692539041,-0.00662289510441382,0.163171030837959,0.986065484967906,-0.028230208610136,0.0449205387552373,0.157670732460962,0.966463844949949,-0.062350540566469,0.164124623174498,0.187411724722492,0.985376676183067,-0.0840469470572172,0.0551498702782167,0.13757691860581,0.985376676183067,-0.0840469470572172,0.0551498702782167,0.13757691860581
394,1164,0.985321712364582,-0.0148997802288445,0.133480449264792,0.105366452707343,0.985321712364582,-0.0148997802288445,0.133480449264792,0.105366452707343,0.990832194622326,-0.00952553659957728,0.0832314201062833,0.105987532094519,0.990836486012524,-0.00952007021941205,0.083180317259293,0.105988023238544,0.985321712364582,-0.0148997802288445,0.133480449264792,0.105366452707343,0.964702460698428,-0.0263813030808004,0.240883933701277,0.103092772078141,0.985321712364582,-0.0148997802288445,0.133480449264792,0.105366452707343,0.985321712364582,-0.0148997802288445,0.133480449264792,0.105366452707343,0.985321685929053,-0.0149101687619903,0.133489965949538,0.105353173166304,0.985321685929053,-0.0149101687619903,0.133489965949538,0.105353173166304,0.985321698014248,-0.0149017577479054,0.133482309240753,0.105363950941955,0.985321712364582,-0.0148997802288445,0.133480449264792,0.105366452707343,0.985321685929053,-0.0149101687619903,0.133489965949538,0.105353173166304,0.985321685929053,-0.0149101687619903,0.133489965949538,0.105353173166304,0.985321698014248,-0.0149017577479054,0.133482309240753,0.105363950941955,0.994900579660145,0.0224484225853446,-0.0289480653202253,0.0939729451999567,0.967277326612909,0.00636997597688227,0.0523989439882917,0.248169997170388,0.986513381378044,-0.0110838704205334,0.00957012305745749,0.163024258695516,0.986536903808085,-0.00839036342071441,-0.00672133305502197,0.16318505724603,0.986113452767065,-0.0268737070815977,0.0437683475642766,0.157931611436731,0.965714249649881,-0.0636286531569987,0.166538696639789,0.188712069147988,0.984868957098688,-0.0874754550648779,0.0576477478047208,0.138050422953284,0.984868957098688,-0.0874754550648779,0.0576477478047208,0.138050422953284
395,1165,0.985339698740254,-0.014756904353727,0.133249272303476,0.105510868117722,0.985339698740254,-0.014756904353727,0.133249272303476,0.105510868117722,0.990838408758468,-0.00937550580776432,0.0829996277818526,0.10612449956494,0.990842688193837,-0.00937003236362313,0.082948524614673,0.106124982970859,0.985339698740254,-0.014756904353727,0.133249272303476,0.105510868117722,0.964745726801175,-0.0262551515560661,0.240656130405633,0.103252004986966,0.985339698740254,-0.014756904353727,0.133249272303476,0.105510868117722,0.985339698740254,-0.014756904353727,0.133249272303476,0.105510868117722,0.985338800594676,-0.0147645676116423,0.133261307323396,0.105502983637178,0.985338800594676,-0.0147645676116423,0.133261307323396,0.105502983637178,0.985339519207064,-0.0147583528947922,0.133251602736997,0.105509398996705,0.985339698740254,-0.014756904353727,0.133249272303476,0.105510868117722,0.985338800594676,-0.0147645676116423,0.133261307323396,0.105502983637178,0.985338800594676,-0.0147645676116423,0.133261307323396,0.105502983637178,0.985339519207064,-0.0147583528947922,0.133251602736997,0.105509398996705,0.9949541787196,0.022222487621145,-0.0283852583529647,0.093630232300094,0.967351434798937,0.00574587537988684,0.0534674291298996,0.247667964280397,0.986507445740761,-0.0109080256486214,0.00995563758560568,0.16304894895323,0.98653388396094,-0.00812871869679553,-0.00685208133625333,0.163211116994684,0.986192742264545,-0.0256111504325621,0.0425134157388771,0.157989093169342,0.964964903597764,-0.0649925394677096,0.169019670161211,0.189871155620572,0.98433967381399,-0.090931628258989,0.0603067449021064,0.138455559863991,0.984392140951565,-0.0908102687583998,0.0594441734546959,0.138535187454702
396,1166,0.98536531524526,-0.0146673208914329,0.133028388655859,0.105562839205391,0.98536531524526,-0.0146673208914329,0.133028388655859,0.105562839205391,0.990852766295677,-0.00928339681247058,0.0827777276866776,0.106171850633102,0.990857034286402,-0.00927792092629351,0.0827266237792949,0.106172329288383,0.98536531524526,-0.0146673208914329,0.133028388655859,0.105562839205391,0.964795446438384,-0.0261718175841719,0.240439396124106,0.103313500025777,0.98536531524526,-0.0146673208914329,0.133028388655859,0.105562839205391,0.98536531524526,-0.0146673208914329,0.133028388655859,0.105562839205391,0.985363991103934,-0.0146721832511839,0.133040034804189,0.105559846597414,0.985363991103934,-0.0146721832511839,0.133040034804189,0.105559846597414,0.985365057585492,-0.0146682312159506,0.133030620837278,0.105562304835504,0.98536531524526,-0.0146673208914329,0.133028388655859,0.105562839205391,0.985363991103934,-0.0146721832511839,0.133040034804189,0.105559846597414,0.985363991103934,-0.0146721832511839,0.133040034804189,0.105559846597414,0.985365057585492,-0.0146682312159506,0.133030620837278,0.105562304835504,0.995032052117524,0.0219838230483054,-0.0277674438954788,0.0930424410819157,0.96744954104434,0.00509377761552394,0.0545132201189008,0.247070329653254,0.986499001965401,-0.010773719847852,0.0103030400451012,0.163087379792972,0.986528624008267,-0.00792717647559676,-0.00690706343232149,0.163250501868208,0.986308724005895,-0.0244447988869493,0.0410890503716033,0.15782662226887,0.964222562747135,-0.0664237778306383,0.171568630974145,0.190858418975192,0.983771901774572,-0.0944963013805439,0.063046038973257,0.138883012906628,0.983984253019502,-0.0940149656367511,0.0596401505785091,0.139209297408419
397,1167,0.985395810275017,-0.014650853202477,0.132841366935337,0.105515974258088,0.985395810275017,-0.014650853202477,0.132841366935337,0.105515974258088,0.99087371700159,-0.00926933219942067,0.0825893978199313,0.106124209319886,0.990877975279067,-0.00926385877039024,0.0825382928322544,0.10612468724984,0.985395810275017,-0.014650853202477,0.132841366935337,0.105515974258088,0.964846296276057,-0.0261503026611688,0.240256854718404,0.103268727085809,0.985395810275017,-0.014650853202477,0.132841366935337,0.105515974258088,0.985395810275017,-0.014650853202477,0.132841366935337,0.105515974258088,0.985394220319537,-0.0146519197198338,0.132851300464077,0.105518167982481,0.985394220319537,-0.0146519197198338,0.132851300464077,0.105518167982481,0.985395502939381,-0.0146510269854565,0.132843259500153,0.105516437584346,0.985395810275017,-0.014650853202477,0.132841366935337,0.105515974258088,0.985394220319537,-0.0146519197198338,0.132851300464077,0.105518167982481,0.985394220319537,-0.0146519197198338,0.132851300464077,0.105518167982481,0.985395502939381,-0.0146510269854565,0.132843259500153,0.105516437584346,0.995134277251424,0.0217314615548738,-0.0270531515410357,0.09221518752176,0.967570607957068,0.00446343714930006,0.0555279355208093,0.24638150239659,0.986487088538166,-0.0106982003181822,0.0106085862123916,0.16314481467708,0.986519735628754,-0.00779501836520807,-0.00693751893024029,0.163309276327932,0.986454900442048,-0.0233778245997644,0.0395701251383227,0.157462414268895,0.963496523814644,-0.0679364305919341,0.174185508937363,0.191620715142587,0.983187168953117,-0.0979841518930858,0.0659826365408192,0.139242193529372,0.983594832000026,-0.0970780733963999,0.059598019948335,0.139875409371059
398,1168,0.985432729417697,-0.0147038116704305,0.132666073586793,0.105384280771906,0.985432729417697,-0.0147038116704305,0.132666073586793,0.105384280771906,0.99090167958397,-0.00932891522402378,0.0824124546789885,0.1059953775039,0.990905928735466,-0.00932344843948859,0.0823613482493608,0.105995858507055,0.985432729417697,-0.0147038116704305,0.132666073586793,0.105384280771906,0.964902243324511,-0.0261884778322831,0.240086676256461,0.103132014138576,0.985432729417697,-0.0147038116704305,0.132666073586793,0.105384280771906,0.985432729417697,-0.0147038116704305,0.132666073586793,0.105384280771906,0.985430805283004,-0.0147012170925757,0.132675335108483,0.105390975273686,0.985430805283004,-0.0147012170925757,0.132675335108483,0.105390975273686,0.985432357411597,-0.014703283827436,0.132667845480769,0.105385602367706,0.985432729417697,-0.0147038116704305,0.132666073586793,0.105384280771906,0.985430805283004,-0.0147012170925757,0.132675335108483,0.105390975273686,0.985430805283004,-0.0147012170925757,0.132675335108483,0.105390975273686,0.985432357411597,-0.014703283827436,0.132667845480769,0.105385602367706,0.995255767575191,0.0214627493610339,-0.0262920859310533,0.0911813232826638,0.967711254683712,0.00383824384209034,0.0565342182032348,0.245609604076946,0.986476128199656,-0.0106318241166766,0.0108600545971524,0.163198872613489,0.986511896960073,-0.00769512649983927,-0.00688254675805652,0.163363682422114,0.986627131112231,-0.0223401473428147,0.0379505450640095,0.156931762557151,0.962797822488536,-0.0695784581584974,0.176856382141576,0.192096359328886,0.982585490332004,-0.101327833378458,0.0692908401340184,0.139489081455744,0.983242360015006,-0.0998968838966442,0.0592446437206051,0.140517423297896
399,1169,0.985478208322446,-0.0147920174113713,0.132488965875999,0.105169249610289,0.985478208322446,-0.0147920174113713,0.132488965875999,0.105169249610289,0.990938098656182,-0.00942793540226781,0.0822332644918153,0.105785107064937,0.990942338565794,-0.0094224794624189,0.0821821561840915,0.105785593175394,0.985478208322446,-0.0147920174113713,0.132488965875999,0.105169249610289,0.964966897617019,-0.0262525346867422,0.2399156344649,0.102908596653589,0.985478208322446,-0.0147920174113713,0.132488965875999,0.105169249610289,0.985478208322446,-0.0147920174113713,0.132488965875999,0.105169249610289,0.985475840379587,-0.0147874774285196,0.13249828463477,0.105180336129391,0.985475840379587,-0.0147874774285196,0.13249828463477,0.105180336129391,0.985477750246422,-0.0147911300820195,0.132490754730298,0.105171413184114,0.985478208322446,-0.0147920174113713,0.132488965875999,0.105169249610289,0.985475840379587,-0.0147874774285196,0.13249828463477,0.105180336129391,0.985475840379587,-0.0147874774285196,0.13249828463477,0.105180336129391,0.985477750246422,-0.0147911300820195,0.132490754730298,0.105171413184114,0.995390910249916,0.0211557073621255,-0.0254860487772659,0.0899990730817516,0.967863419572338,0.00322747868878288,0.0574799276856247,0.244797962304241,0.986469733602587,-0.010568737476418,0.0110645339131183,0.163227885373428,0.986508427356624,-0.00761324555693048,-0.00678837086744647,0.163392408842689,0.986826452866844,-0.0213507328493557,0.0361931250574399,0.156229817344879,0.962122160274993,-0.0713763990991469,0.179570292574491,0.192304103919111,0.98197569676827,-0.104466502048172,0.0728600233833392,0.139649195840402,0.982922738520596,-0.102445505777671,0.0587174773821195,0.141138464973263
400,1170,0.985532349556326,-0.0149323247296684,0.132317745442167,0.104857178568077,0.985532349556326,-0.0149323247296684,0.132317745442167,0.104857178568077,0.990983468069455,-0.00958392163831264,0.0820595137320854,0.105480570083407,0.990987699017711,-0.009578481404925,0.0820084030846392,0.105481064239348,0.985532349556326,-0.0149323247296684,0.132317745442167,0.104857178568077,0.965039515283904,-0.0263577207642548,0.239751395661252,0.102583004319446,0.985532349556326,-0.0149323247296684,0.132317745442167,0.104857178568077,0.985532349556326,-0.0149323247296684,0.132317745442167,0.104857178568077,0.985529527870506,-0.014925082421585,0.132326772908616,0.10487333684802,0.985529527870506,-0.014925082421585,0.132326772908616,0.10487333684802,0.98553180430274,-0.0149309127943612,0.132319475634381,0.104860320993,0.985532349556326,-0.0149323247296684,0.132317745442167,0.104857178568077,0.985529527870506,-0.014925082421585,0.132326772908616,0.10487333684802,0.985529527870506,-0.014925082421585,0.132326772908616,0.10487333684802,0.98553180430274,-0.0149309127943612,0.132319475634381,0.104860320993,0.995533074085476,0.0208269806077606,-0.0246342298714442,0.0887315614611168,0.968020493865709,0.00264589407683128,0.0584091041732953,0.243962495581178,0.986460529109264,-0.0105607064399796,0.0112505371551363,0.163271312246459,0.986501757441741,-0.00758400422046531,-0.00672552162769732,0.163436632378351,0.987056301380031,-0.0203621801140552,0.034356339356313,0.155321864117744,0.961455260702849,-0.0732868945850304,0.182322483171276,0.192331289391924,0.981334153940349,-0.10747980732347,0.0767384353901517,0.139794784816041,0.98262785729044,-0.104772941109162,0.0578619325009542,0.141834839356871
401,1171,0.985595012377898,-0.0151036194295924,0.132148980851585,0.104455728018263,0.985595012377898,-0.0151036194295924,0.132148980851585,0.104455728018263,0.991037472870121,-0.00977539770282902,0.0818877825533587,0.105088343956172,0.991041694961171,-0.00976997769847322,0.0818366691208126,0.105088847988122,0.985595012377898,-0.0151036194295924,0.132148980851585,0.104455728018263,0.965120333285038,-0.026483890869593,0.239590533711325,0.102165169994998,0.985595012377898,-0.0151036194295924,0.132148980851585,0.104455728018263,0.985595012377898,-0.0151036194295924,0.132148980851585,0.104455728018263,0.985591743821103,-0.015094692665702,0.132157871214857,0.104476609061374,0.985591743821103,-0.015094692665702,0.132157871214857,0.104476609061374,0.98559438140257,-0.0151018923801152,0.132150685947696,0.104459774065321,0.985595012377898,-0.0151036194295924,0.132148980851585,0.104455728018263,0.985591743821103,-0.015094692665702,0.132157871214857,0.104476609061374,0.985591743821103,-0.015094692665702,0.132157871214857,0.104476609061374,0.98559438140257,-0.0151018923801152,0.132150685947696,0.104459774065321,0.995678088300721,0.0204746130304372,-0.0237316164562213,0.0874227949647581,0.968170628781405,0.00208527313546525,0.0593048890731831,0.243154714807234,0.986453451662974,-0.0105544975622114,0.0114292280395054,0.163302060702964,0.986497401608994,-0.00756394720013634,-0.00662692764996722,0.163467878041464,0.987324728337973,-0.0192764705026803,0.0324352769622016,0.154163067255723,0.960777408000093,-0.0753027731441027,0.185140859319001,0.192247566549103,0.980641998411813,-0.110489753585848,0.0807295288674015,0.140057232845267,0.982310384168944,-0.107063188142881,0.05694115413414,0.142693685439885
402,1172,0.985671359058926,-0.0152941114330915,0.131950170577168,0.103957753780359,0.985671359058926,-0.0152941114330915,0.131950170577168,0.103957753780359,0.991103616849233,-0.00999095183933049,0.0816853490705917,0.104600694533687,0.991107828499573,-0.00998555698548546,0.0816342322269013,0.104601209683613,0.985671359058926,-0.0152941114330915,0.131950170577168,0.103957753780359,0.965218052078347,-0.0266185416462685,0.239401310619837,0.101649287534205,0.985671359058926,-0.0152941114330915,0.131950170577168,0.103957753780359,0.985671359058926,-0.0152941114330915,0.131950170577168,0.103957753780359,0.985667386688163,-0.0152841406243319,0.131960556733009,0.103983697430984,0.985667386688163,-0.0152841406243319,0.131960556733009,0.103983697430984,0.985670590917319,-0.0152921892678237,0.13195217594986,0.103962774155931,0.985671359058926,-0.0152941114330915,0.131950170577168,0.103957753780359,0.985667386688163,-0.0152841406243319,0.131960556733009,0.103983697430984,0.985667386688163,-0.0152841406243319,0.131960556733009,0.103983697430984,0.985670590917319,-0.0152921892678237,0.13195217594986,0.103962774155931,0.995823726941085,0.020115012989751,-0.0228032624032184,0.0860842746229517,0.968300447719839,0.00155103640293598,0.0601796307253472,0.242425760342002,0.986446315479632,-0.0105284212359185,0.0116027566379396,0.163334610726991,0.98649313405129,-0.00752949122805914,-0.00650028880939477,0.163500304210436,0.987648397577993,-0.0180476953350302,0.0304035784842817,0.152645163271121,0.960067786499003,-0.0774669538534187,0.188052027173494,0.192107135378979,0.979909370980823,-0.11341812809008,0.0848419661621793,0.140412939796332,0.98198528435023,-0.109227738120346,0.0559055979119401,0.143696787252949
403,1173,0.985760640317589,-0.0154902703331215,0.131735603656022,0.103352514507619,0.985760640317589,-0.0154902703331215,0.131735603656022,0.103352514507619,0.991181877898139,-0.0102176170284188,0.0814665219355686,0.104006206700857,0.99118607826224,-0.0102122528353217,0.081415401055811,0.10400673354196,0.985760640317589,-0.0154902703331215,0.131735603656022,0.103352514507619,0.965330357650836,-0.0267470448845333,0.23919784670366,0.101026166511382,0.985760640317589,-0.0154902703331215,0.131735603656022,0.103352514507619,0.985760640317589,-0.0154902703331215,0.131735603656022,0.103352514507619,0.985755989345887,-0.0154799640308387,0.131746852875735,0.103384074884168,0.985755989345887,-0.0154799640308387,0.131746852875735,0.103384074884168,0.985759742100617,-0.0154882895580969,0.131737769683437,0.10335861734332,0.985760640317589,-0.0154902703331215,0.131735603656022,0.103352514507619,0.985755989345887,-0.0154799640308387,0.131746852875735,0.103384074884168,0.985755989345887,-0.0154799640308387,0.131746852875735,0.103384074884168,0.985759742100617,-0.0154882895580969,0.131737769683437,0.10335861734332,0.995968630140623,0.0197894882249229,-0.0218584235590459,0.0847176088609705,0.968407707448479,0.00102442736391122,0.0610461577517617,0.241782607576938,0.986440936057278,-0.0105143596402807,0.0117634813272982,0.163356507121259,0.986490414727627,-0.00750757445929091,-0.00638447123976169,0.163522281366306,0.988033898868347,-0.0166890782169727,0.0282175824553115,0.15071249913547,0.959317600178515,-0.0797751161888404,0.191020069467528,0.191981785295931,0.979165405987797,-0.116087695087795,0.0888677652858342,0.140930036042924,0.98164223132787,-0.111172838008773,0.0551443710979066,0.144838627786001
404,1174,0.985854451964018,-0.0157269353885149,0.131557588120294,0.102646305603189,0.985854451964018,-0.0157269353885149,0.131557588120294,0.102646305603189,0.991266521113712,-0.0104898675579241,0.0812839687049104,0.103312938344213,0.991270712062414,-0.0104845391201764,0.0812328434598734,0.103313479227714,0.985854451964018,-0.0157269353885149,0.131557588120294,0.102646305603189,0.965443152028523,-0.0269047204859283,0.239031210620147,0.100298238101534,0.985854451964018,-0.0157269353885149,0.131557588120294,0.102646305603189,0.985854451964018,-0.0157269353885149,0.131557588120294,0.102646305603189,0.985849544070777,-0.0157145870623838,0.131567053392555,0.102683195657818,0.985849544070777,-0.0157145870623838,0.131567053392555,0.102683195657818,0.985853507821459,-0.0157245489771284,0.131559390330594,0.102653429029104,0.985854451964018,-0.0157269353885149,0.131557588120294,0.102646305603189,0.985849544070777,-0.0157145870623838,0.131567053392555,0.102683195657818,0.985849544070777,-0.0157145870623838,0.131567053392555,0.102683195657818,0.985853507821459,-0.0157245489771284,0.131559390330594,0.102653429029104,0.996108230910747,0.0194325815746141,-0.0209379145126226,0.0833808780300964,0.968493643093889,0.000553580554650024,0.0619245755876506,0.241215886238005,0.986435159273122,-0.0105105416974961,0.0119187127109124,0.163380382391367,0.986487190477163,-0.00749536746013042,-0.00627711616498549,0.163546446931022,0.988462997392285,-0.0152235413189532,0.0259334193081,0.148447311659594,0.95855467834661,-0.0820968332217418,0.193929564206072,0.191896750159122,0.978377818358552,-0.118844130180953,0.0919976697327401,0.142089218553837,0.981148053331894,-0.113409664391065,0.0550928682800942,0.146463378803076
405,1175,0.985956408439688,-0.0160018710471545,0.131402466620671,0.10181990250292,0.985956408439688,-0.0160018710471545,0.131402466620671,0.10181990250292,0.991360462165579,-0.0108064478055285,0.0811238659836644,0.102501576127103,0.991364644856767,-0.0108011612138295,0.0810727358937769,0.102502133339491,0.985956408439688,-0.0160018710471545,0.131402466620671,0.10181990250292,0.96556152767941,-0.0270872351234821,0.238888224579383,0.0994466395414099,0.985956408439688,-0.0160018710471545,0.131402466620671,0.10181990250292,0.985956408439688,-0.0160018710471545,0.131402466620671,0.10181990250292,0.985951085506533,-0.0159875071750857,0.131410698664057,0.101863069261827,0.985951085506533,-0.0159875071750857,0.131410698664057,0.101863069261827,0.98595538337137,-0.0159990978899943,0.131404036382815,0.101828238175981,0.985956408439688,-0.0160018710471545,0.131402466620671,0.10181990250292,0.985951085506533,-0.0159875071750857,0.131410698664057,0.101863069261827,0.985951085506533,-0.0159875071750857,0.131410698664057,0.101863069261827,0.98595538337137,-0.0159990978899943,0.131404036382815,0.101828238175981,0.996235695800797,0.0191067505972406,-0.0200630730009166,0.0821391721146313,0.968554789682033,8.62468999702364e-05,0.0627637059222634,0.24075366905692,0.986426229811687,-0.0105422134146786,0.0120826650192456,0.163420207079336,0.98648057982489,-0.0075075623029447,-0.00622601660902152,0.163587709971749,0.98891315508584,-0.0135965574147547,0.0236118700466286,0.145973918620892,0.957808887807271,-0.0841599845661945,0.196606992375155,0.192002400986062,0.977636820068639,-0.121205275149362,0.0951470965693127,0.143117292234307,0.980740044736938,-0.115170040358521,0.0545498541599895,0.14801736338798
406,1176,0.986063783757697,-0.0163045020243708,0.131290116071263,0.100872607764378,0.986063783757697,-0.0163045020243708,0.131290116071263,0.100872607764378,0.991461988784492,-0.0111568315987775,0.0810062035405408,0.101570886045782,0.991466165407037,-0.0111515930074849,0.0809550682145165,0.101571461330652,0.986063783757697,-0.0163045020243708,0.131290116071263,0.100872607764378,0.965680592165334,-0.0272840008854601,0.238788345887654,0.0984718390156847,0.986063783757697,-0.0163045020243708,0.131290116071263,0.100872607764378,0.986063783757697,-0.0163045020243708,0.131290116071263,0.100872607764378,0.986058174809721,-0.0162886527083249,0.131296148659224,0.100922133504616,0.986058174809721,-0.0162886527083249,0.131296148659224,0.100922133504616,0.986062704787096,-0.0163014480657299,0.131291255944757,0.100882164585049,0.986063783757697,-0.0163045020243708,0.131290116071263,0.100872607764378,0.986058174809721,-0.0162886527083249,0.131296148659224,0.100922133504616,0.986058174809721,-0.0162886527083249,0.131296148659224,0.100922133504616,0.986062704787096,-0.0163014480657299,0.131291255944757,0.100882164585049,0.996344629839655,0.0187649814226615,-0.0192383789478709,0.0810872298043688,0.96861054866106,-0.000358116000294055,0.0635803254335547,0.240314416948328,0.986419500070628,-0.0106155309214399,0.0122496244730789,0.163443651097058,0.986476154421565,-0.00755917987883628,-0.00618709762006897,0.163613493881893,0.989363590301259,-0.0118578909925167,0.0213682548637994,0.143396214355496,0.957112232249648,-0.0858142579802013,0.19894864462537,0.19233180914017,0.977030469681092,-0.122843843273805,0.0979692082181205,0.143954457123015,0.980431932670373,-0.116289527701127,0.054219275579589,0.149299167120617
407,1177,0.986175567535097,-0.0166112458728006,0.131210950092595,0.0998273664041113,0.986175567535097,-0.0166112458728006,0.131210950092595,0.0998273664041113,0.991569604689259,-0.0115163008423245,0.0809214587347442,0.100542584945566,0.9915737769409,-0.0115111152857702,0.0808703178584808,0.100543178771635,0.986175567535097,-0.0166112458728006,0.131210950092595,0.0998273664041113,0.965800394018945,-0.0274740978588645,0.238721935188669,0.0973992326431213,0.986175567535097,-0.0166112458728006,0.131210950092595,0.0998273664041113,0.986175567535097,-0.0166112458728006,0.131210950092595,0.0998273664041113,0.986169728898962,-0.0165951167332188,0.131215214146613,0.099882107909356,0.986169728898962,-0.0165951167332188,0.131215214146613,0.099882107909356,0.986174444900787,-0.0166081479950495,0.131211753948705,0.0998379149947715,0.986175567535097,-0.0166112458728006,0.131210950092595,0.0998273664041113,0.986169728898962,-0.0165951167332188,0.131215214146613,0.099882107909356,0.986169728898962,-0.0165951167332188,0.131215214146613,0.099882107909356,0.986174444900787,-0.0166081479950495,0.131211753948705,0.0998379149947715,0.99643567233121,0.0183941705934825,-0.0184542372765371,0.0802312066503333,0.968669692310014,-0.000784467743998898,0.0644059423605769,0.239854719359506,0.986412715382175,-0.0106689745429875,0.0124114240369626,0.163468909790025,0.986471855079886,-0.00759759260448025,-0.00611290843298118,0.163640423100023,0.98980667543519,-0.0100585018918756,0.0192622254898369,0.140749914645822,0.956517424413168,-0.0869882280298107,0.200885741963368,0.192749536067041,0.976508066411912,-0.124179914708583,0.10050530817598,0.144603001503745,0.980161729066341,-0.117221311741618,0.0543351231963039,0.150299179420572
408,1178,0.986291838896404,-0.0169273134463385,0.131148834273645,0.0987008503231018,0.986291838896404,-0.0169273134463385,0.131148834273645,0.0987008503231018,0.991682568910715,-0.0118892123480596,0.0808535139844325,0.0994335880110774,0.991686737657916,-0.0118840839881596,0.0808023672820653,0.0994342010717454,0.986291838896404,-0.0169273134463385,0.131148834273645,0.0987008503231018,0.965922783813905,-0.0276645363344901,0.238672964355374,0.0962448192081611,0.986291838896404,-0.0169273134463385,0.131148834273645,0.0987008503231018,0.986291838896404,-0.0169273134463385,0.131148834273645,0.0987008503231018,0.986285769118218,-0.0169107042195742,0.131152158018311,0.0987599167923083,0.986285769118218,-0.0169107042195742,0.131152158018311,0.0987599167923083,0.986290671852314,-0.0169241219094299,0.131149464387535,0.0987122216626104,0.986291838896404,-0.0169273134463385,0.131148834273645,0.0987008503231018,0.986285769118218,-0.0169107042195742,0.131152158018311,0.0987599167923083,0.986285769118218,-0.0169107042195742,0.131152158018311,0.0987599167923083,0.986290671852314,-0.0169241219094299,0.131149464387535,0.0987122216626104,0.996514223794304,0.0180141991670323,-0.017692501022638,0.0795101616874824,0.968750201378589,-0.0012037068643588,0.0651891778235324,0.239315627390734,0.986407338770265,-0.0107348223089656,0.0125927818773651,0.163483171778467,0.986469073656636,-0.00764102885060357,-0.00606488699535951,0.163656953848154,0.990221019186093,-0.00829143413839824,0.0173172473609806,0.138179948711172,0.956059674290975,-0.0877605550989756,0.202395401397151,0.193090874089481,0.976136150889458,-0.124906919907609,0.102443571737723,0.145126809706301,0.979951099235846,-0.117734534939422,0.0550664468630578,0.151003671541233
409,1179,0.986370962207106,-0.0173023238350504,0.131171555910603,0.0978109269178378,0.986370962207106,-0.0173023238350504,0.131171555910603,0.0978109269178378,0.991762744741268,-0.012308966261207,0.080872185012192,0.0985638736261925,0.991766914451332,-0.0123038827567648,0.0808210341746857,0.098564508337065,0.986370962207106,-0.0173023238350504,0.131171555910603,0.0978109269178378,0.965998933165279,-0.0279395443833335,0.238704238104237,0.0953190940697157,0.986370962207106,-0.0173023238350504,0.131171555910603,0.0978109269178378,0.986370962207106,-0.0173023238350504,0.131171555910603,0.0978109269178378,0.98636672742086,-0.0172827432870569,0.13117058932299,0.0978583788860008,0.98636672742086,-0.0172827432870569,0.13117058932299,0.0978583788860008,0.986370164001912,-0.0172985418976056,0.13117133562016,0.0978199403326438,0.986370962207106,-0.0173023238350504,0.131171555910603,0.0978109269178378,0.98636672742086,-0.0172827432870569,0.13117058932299,0.0978583788860008,0.98636672742086,-0.0172827432870569,0.13117058932299,0.0978583788860008,0.986370164001912,-0.0172985418976056,0.13117133562016,0.0978199403326438,0.996561365249149,0.0177769285877847,-0.0170405659146158,0.0791141277904724,0.968934300694237,-0.00177601254209265,0.0659395356927595,0.238359275779744,0.986346840848914,-0.0108967626792551,0.0127987380550165,0.163821129329152,0.986411254589063,-0.00776277927045293,-0.00606093791947392,0.163999515577227,0.990570113911741,-0.00653640157283322,0.0155057600641933,0.135969468205883,0.955765515701723,-0.0881155286702995,0.203381610537546,0.193349044729285,0.975906688943606,-0.125284109820542,0.103947248679021,0.145275585676547,0.979843638043249,-0.117972294629472,0.0557255867531376,0.151273400394936
410,1180,0.986487090747775,-0.0175981920487314,0.131167096959096,0.0965852788986571,0.986487090747775,-0.0175981920487314,0.131167096959096,0.0965852788986571,0.991878496593954,-0.0126667426456175,0.0808618298778997,0.0973548462792947,0.991882665769791,-0.0126617214969754,0.0808106730704393,0.0973554994442966,0.986487090747774,-0.0175981920487314,0.131167096959096,0.0965852788986571,0.966114848959292,-0.0280990187249453,0.238712559696906,0.0940683666808911,0.986487090747774,-0.0175981920487314,0.131167096959096,0.0965852788986571,0.986487090747774,-0.0175981920487314,0.131167096959096,0.0965852788986571,0.986481113224243,-0.0175824203311672,0.131167276981595,0.0966489378958219,0.986481113224243,-0.0175824203311672,0.131167276981595,0.0966489378958219,0.986485929429066,-0.0175951956882127,0.131167140402656,0.0965976262946261,0.986487090747774,-0.0175981920487314,0.131167096959096,0.0965852788986571,0.986481113224243,-0.0175824203311672,0.131167276981595,0.0966489378958219,0.986481113224243,-0.0175824203311672,0.131167276981595,0.0966489378958219,0.986485929429066,-0.0175951956882127,0.131167140402656,0.0965976262946261,0.996631876068495,0.0174051579025366,-0.0162867541146323,0.0784646781869999,0.96904207718472,-0.00219262682139797,0.0666642507572749,0.237715213446924,0.98633710007898,-0.0110288534944429,0.0129722915568747,0.163857282566722,0.986404902119683,-0.00789606418056399,-0.00587574801239753,0.164038095666857,0.990934965222817,-0.00484544154272998,0.013734035018721,0.13355071200565,0.955664769165039,-0.0881332418515157,0.203942442917803,0.193248184038539,0.975794272722848,-0.125231055274237,0.104964648451401,0.145344909410902,0.979808705541018,-0.117843013263221,0.0562755777337964,0.151396777118295
411,1181,0.986604203480154,-0.0178721382551509,0.131213875996994,0.0952662117191898,0.986604203480154,-0.0178721382551509,0.131213875996994,0.0952662117191898,0.991997835410223,-0.0130073731497064,0.0809025964990928,0.0960514063659717,0.992002006688464,-0.0130024192262692,0.0808514335366105,0.09605207710092,0.986604203480154,-0.0178721382551509,0.131213875996994,0.0952662117191898,0.966226115887384,-0.0282264440989539,0.238771917435955,0.0927271927466014,0.986604203480154,-0.0178721382551509,0.131213875996994,0.0952662117191898,0.986604203480154,-0.0178721382551509,0.131213875996994,0.0952662117191898,0.9865980961381,-0.0178576532086293,0.131211552319212,0.0953353526061527,0.9865980961381,-0.0178576532086293,0.131211552319212,0.0953353526061527,0.986603029849974,-0.0178693689936591,0.131213409852587,0.0952795267488098,0.986604203480154,-0.0178721382551509,0.131213875996994,0.0952662117191898,0.9865980961381,-0.0178576532086293,0.131211552319212,0.0953353526061527,0.9865980961381,-0.0178576532086293,0.131211552319212,0.0953353526061527,0.986603029849974,-0.0178693689936591,0.131213409852587,0.0952795267488098,0.996711222659511,0.0169911099815933,-0.0154890719764358,0.0777054017136843,0.969155878832425,-0.0025864976644599,0.0673392123828206,0.237056160076136,0.986329989586979,-0.0111392534050064,0.0131567657518316,0.163877906350676,0.986401298001545,-0.00800548441027509,-0.0056945714997447,0.164060852660404,0.991275223693077,-0.00319743525305187,0.0120104100568734,0.131221024802843,0.955756500877468,-0.087770682985964,0.204031203555123,0.192865461434868,0.975916778570075,-0.124500136955924,0.10496081305646,0.14515297077873,0.979881817734599,-0.117253307861691,0.0571135206864635,0.151067305607223
412,1182,0.986720073634316,-0.0180938172711313,0.131306118060219,0.0938872378100741,0.986720073634316,-0.0180938172711313,0.131306118060219,0.0938872378100742,0.992118243799574,-0.0132988486191771,0.0809888305447331,0.0946854807900911,0.992122419525224,-0.0132939651437438,0.0809376613720046,0.0946861665598699,0.986720073634316,-0.0180938172711313,0.131306118060219,0.0938872378100741,0.966331154872261,-0.0282953393072036,0.238876326738747,0.0913322145824612,0.986720073634316,-0.0180938172711313,0.131306118060219,0.0938872378100741,0.986720073634316,-0.0180938172711313,0.131306118060219,0.0938872378100741,0.9867140257658,-0.0180820099990933,0.131301396559328,0.0939596484295807,0.9867140257658,-0.0180820099990933,0.131301396559328,0.0939596484295807,0.986718913019021,-0.0180915729677309,0.131305192285003,0.0939011616387889,0.986720073634316,-0.0180938172711313,0.131306118060219,0.0938872378100741,0.9867140257658,-0.0180820099990933,0.131301396559328,0.0939596484295807,0.9867140257658,-0.0180820099990933,0.131301396559328,0.0939596484295807,0.986718913019021,-0.0180915729677309,0.131305192285003,0.0939011616387889,0.99679826587917,0.0165287564767991,-0.0146619667253905,0.0768442846368812,0.969284054432977,-0.00298099885121382,0.0679940168920046,0.236339478578398,0.986327722009494,-0.0112793392439067,0.0133172927248006,0.163869005660816,0.986402257714905,-0.00815044572503565,-0.00550558488215078,0.164054395687914,0.991576282109886,-0.00162835630018663,0.0103924662440187,0.129096172903236,0.956050443909061,-0.0869662784132156,0.203593723904962,0.192234259971401,0.976154878838437,-0.123467082409537,0.104663274876673,0.144648300969224,0.980138906597504,-0.116156062382413,0.0562180786032614,0.150582271811191
413,1183,0.986831841750271,-0.018294284774111,0.131447128595789,0.0924656024491982,0.986831841750271,-0.018294284774111,0.131447128595789,0.0924656024491982,0.992237033988442,-0.0135713081497572,0.0811239785151764,0.0932758708712697,0.992241216684267,-0.0135664973753981,0.0810728032155964,0.0932765706951792,0.986831841750271,-0.018294284774111,0.131447128595789,0.0924656024491982,0.966426760736548,-0.0283384661030407,0.239028759024041,0.0898971625281702,0.986831841750271,-0.018294284774111,0.131447128595789,0.0924656024491982,0.986831841750271,-0.018294284774111,0.131447128595789,0.0924656024491982,0.986826005144,-0.0182836720359726,0.13143984921003,0.0925403098549972,0.986826005144,-0.0182836720359726,0.13143984921003,0.0925403098549972,0.986830722890772,-0.0182922578486485,0.131445710621227,0.0924799590233195,0.986831841750271,-0.018294284774111,0.131447128595789,0.0924656024491982,0.986826005144,-0.0182836720359726,0.13143984921003,0.0925403098549972,0.986826005144,-0.0182836720359726,0.13143984921003,0.0925403098549972,0.986830722890772,-0.0182922578486485,0.131445710621227,0.0924799590233195,0.99689447993892,0.0160534853516613,-0.01374562783431,0.0758599973030255,0.969424842430402,-0.00337863789885183,0.0686152472782838,0.235575906080562,0.986317864180581,-0.0114116210929494,0.0134908405034557,0.163904981391044,0.986395641273298,-0.00827980603523441,-0.00534517130426378,0.164093000560006,0.99184783094595,-0.000185453224194629,0.00881491705633448,0.127122551469857,0.956541059934445,-0.0857571052496396,0.202637087594069,0.191345578182734,0.976506935657847,-0.122239910925112,0.103889244590601,0.143870197217964,0.980510576456779,-0.114809689732291,0.0543854758725088,0.149866489296608
414,1184,0.986944839053484,-0.0184263863629275,0.131587193917934,0.0910228726645196,0.986944839053484,-0.0184263863629275,0.131587193917934,0.0910228726645196,0.99235700373796,-0.0137765621871728,0.0812581200232982,0.0918417192609121,0.992361193352052,-0.013771825379729,0.0812069385360314,0.0918424296728232,0.986944839053484,-0.0184263863629275,0.131587193917934,0.0910228726645196,0.966523692159026,-0.0283113238676752,0.239180386806249,0.0884486517893678,0.986944839053484,-0.0184263863629275,0.131587193917934,0.0910228726645196,0.986944839053484,-0.0184263863629275,0.131587193917934,0.0910228726645196,0.986938952646183,-0.0184192516760622,0.131579834051412,0.0910987496530691,0.986938952646183,-0.0184192516760622,0.131579834051412,0.0910987496530691,0.986943708512897,-0.0184250452756026,0.13158578050059,0.0910374445129708,0.986944839053484,-0.0184263863629275,0.131587193917934,0.0910228726645196,0.986938952646183,-0.0184192516760622,0.131579834051412,0.0910987496530691,0.986938952646183,-0.0184192516760622,0.131579834051412,0.0910987496530691,0.986943708512897,-0.0184250452756026,0.13158578050059,0.0910374445129708,0.997000264212246,0.0155758646526774,-0.0127502581627913,0.0747348413915179,0.969559499413384,-0.00376261608743582,0.0691811333275896,0.23484929339676,0.986314885327686,-0.0115589269368936,0.0136531051465349,0.163899148591319,0.98639575884522,-0.00842711627651587,-0.00518336100139407,0.164089985715624,0.992082057076982,0.00116193828355627,0.0072969942729035,0.125373824221446,0.957186435326931,-0.0841624294256573,0.201232330988165,0.190305970648226,0.976997156065025,-0.120640374842218,0.102532436283269,0.142862019125447,0.980988067214446,-0.113102935309262,0.0519495469873919,0.148900579498871
415,1185,0.987051952860359,-0.0184951404364347,0.131748098244346,0.0896036313091507,0.987051952860359,-0.0184951404364347,0.131748098244346,0.0896036313091507,0.992472156685092,-0.0139173568320589,0.0814133726195672,0.0904278062454177,0.992476354306272,-0.0139126929477992,0.081362185193015,0.0904285239207736,0.987051952860359,-0.0184951404364347,0.131748098244346,0.0896036313091507,0.966612487073612,-0.0282237968626057,0.239352081398549,0.087030444410034,0.987051952860359,-0.0184951404364347,0.131748098244346,0.0896036313091507,0.987051952860359,-0.0184951404364347,0.131748098244346,0.0896036313091507,0.98704635634843,-0.0184913469994637,0.131739692172615,0.089678392111473,0.98704635634843,-0.0184913469994637,0.131739692172615,0.089678392111473,0.987050880671039,-0.0184944396767282,0.131746476435079,0.0896179703771006,0.987051952860359,-0.0184951404364347,0.131748098244346,0.0896036313091507,0.98704635634843,-0.0184913469994637,0.131739692172615,0.089678392111473,0.98704635634843,-0.0184913469994637,0.131739692172615,0.089678392111473,0.987050880671039,-0.0184944396767282,0.131746476435079,0.0896179703771006,0.997114897737343,0.0150965173912096,-0.0116767604551854,0.0734685588410288,0.969681119524408,-0.00414224009168585,0.0697311247489959,0.234177152015633,0.986311623384418,-0.0117129367860498,0.0137847470116885,0.163896825589954,0.986395270185862,-0.00858959617560606,-0.00500086275974689,0.164090161692156,0.992291607318982,0.00241656711808956,0.00580211714971458,0.123765349287492,0.957981674379842,-0.0821749632880061,0.199377591846728,0.189121555700054,0.977603171697366,-0.118716951883862,0.100711510840996,0.141617497530425,0.981561240790267,-0.111061410289157,0.0488702394806487,0.14769764187677
416,1186,0.987145268525082,-0.0185839557809534,0.131967897681586,0.0882231794800956,0.987145268525082,-0.0185839557809534,0.131967897681586,0.0882231794800956,0.992576522519351,-0.014076215441312,0.0816281454729108,0.0890536521929076,0.992580731217424,-0.0140716224296209,0.0815769526633454,0.0890543780633147,0.987145268525082,-0.0185839557809534,0.131967897681586,0.0882231794800956,0.966681099276958,-0.0281604697595071,0.239580799503311,0.0856485887389248,0.987145268525082,-0.0185839557809534,0.131967897681586,0.0882231794800956,0.987145268525082,-0.0185839557809534,0.131967897681586,0.0882231794800956,0.987140374213386,-0.0185793263059461,0.131956494259957,0.0882959447228227,0.987140374213386,-0.0185793263059461,0.131956494259957,0.0882959447228227,0.987144334474629,-0.0185830608046402,0.131965684782303,0.0882371282721253,0.987145268525082,-0.0185839557809534,0.131967897681586,0.0882231794800956,0.987140374213386,-0.0185793263059461,0.131956494259957,0.0882959447228227,0.987140374213386,-0.0185793263059461,0.131956494259957,0.0882959447228227,0.987144334474629,-0.0185830608046402,0.131965684782303,0.0882371282721253,0.997232101237435,0.0146398783018283,-0.0105420309008128,0.0721295765228461,0.969794170135718,-0.00453096325650062,0.0702391800446263,0.233549128727557,0.986307050568919,-0.0118812103575398,0.013919866943007,0.163900811903936,0.986393234392441,-0.00875651634678811,-0.0048731758115686,0.164097418394678,0.992479183067628,0.00366574565899174,0.00424333923070778,0.122285025895861,0.958916949836182,-0.0798154578852444,0.197054446665912,0.187822578644406,0.978294102121791,-0.116572776937773,0.0984841987889293,0.14018666134707,0.982196858549644,-0.108793915646577,0.0452528309897697,0.146305831260778
417,1187,0.987226200149204,-0.0186754772876398,0.132210360455909,0.0869256974384571,0.987226200149204,-0.0186754772876398,0.132210360455909,0.0869256974384571,0.992669672124798,-0.014233559981878,0.0818661817636733,0.0877624982399978,0.992673893099605,-0.0142290335619802,0.0818149841495472,0.0877632322272567,0.987226200149203,-0.0186754772876398,0.132210360455909,0.0869256974384571,0.966734913395311,-0.0281089444318706,0.239830683807302,0.0843489037866489,0.987226200149203,-0.0186754772876398,0.132210360455909,0.0869256974384571,0.987226200149203,-0.0186754772876398,0.132210360455909,0.0869256974384571,0.987221954774447,-0.0186706706057288,0.132197673292092,0.0869942138685628,0.987221954774447,-0.0186706706057288,0.132197673292092,0.0869942138685628,0.987225390263771,-0.018674553288466,0.132207914873137,0.0869388125230562,0.987226200149203,-0.0186754772876398,0.132210360455909,0.0869256974384571,0.987221954774447,-0.0186706706057288,0.132197673292092,0.0869942138685628,0.987221954774447,-0.0186706706057288,0.132197673292092,0.0869942138685628,0.987225390263771,-0.018674553288466,0.132207914873137,0.0869388125230562,0.997347782980661,0.0142214020883723,-0.0093340690341726,0.07076741242597,0.96988106537512,-0.00492912576619965,0.0707355591072691,0.233029833763371,0.986302698685041,-0.0120725945550244,0.0140528946596743,0.163901663136774,0.986391384888639,-0.00894671583481263,-0.00474690416820255,0.164101977422765,0.992651496845282,0.00492574787719465,0.00260945815225856,0.120879831017515,0.95998108287255,-0.0771257443702646,0.194272116576558,0.186403553622357,0.979068634130603,-0.114145963742585,0.0958609590154772,0.138585660006889,0.9828838741958,-0.106264490900012,0.0412795790626113,0.144717463258689
418,1188,0.987296545028016,-0.0187715702143944,0.132444169237825,0.085742068801324,0.987296545028016,-0.0187715702143944,0.132444169237825,0.085742068801324,0.992751808848477,-0.0143896837179375,0.0820961132906537,0.0865852828900076,0.992756041682025,-0.014385218013386,0.0820449114399734,0.086586024931003,0.987296545028016,-0.0187715702143944,0.132444169237825,0.085742068801324,0.966779155212276,-0.0280744665832654,0.240070803798364,0.0831618815125658,0.987296545028016,-0.0187715702143944,0.132444169237825,0.085742068801324,0.987296545028016,-0.0187715702143944,0.132444169237825,0.085742068801324,0.987292854072044,-0.0187665259656839,0.132431849609623,0.0858046794203588,0.987292854072044,-0.0187665259656839,0.132431849609623,0.0858046794203588,0.987295840823028,-0.0187706001845022,0.132441807678615,0.0857540368792284,0.987296545028016,-0.0187715702143944,0.132444169237825,0.085742068801324,0.987292854072044,-0.0187665259656839,0.132431849609623,0.0858046794203588,0.987292854072044,-0.0187665259656839,0.132431849609623,0.0858046794203588,0.987295840823028,-0.0187706001845022,0.132441807678615,0.0857540368792284,0.997456982119957,0.0138041205173884,-0.00808511781443269,0.0694524725752444,0.96994462635493,-0.00534985827696889,0.0712046643782569,0.232612761026542,0.986298165099686,-0.0122276944689145,0.0142007495286728,0.163904703171665,0.986389426284896,-0.0090930823089445,-0.00465096544145797,0.164108452213588,0.992815582919497,0.00622181737342095,0.000910831282378548,0.119489236700075,0.961156784820116,-0.0741334129126411,0.19105040503205,0.184882705576456,0.979923704879831,-0.111405635740712,0.0927663241179045,0.136867549292909,0.983602865645376,-0.103482388033484,0.0371680100350609,0.142952219608953
419,1189,0.987355615945191,-0.0189216550311692,0.132641130292867,0.0847182931072463,0.987355615945191,-0.0189216550311692,0.132641130292867,0.0847182931072463,0.992820813485514,-0.0145916054409349,0.0822898176801926,0.0855704579091403,0.992825056309384,-0.0145871920762928,0.082238612270301,0.0855712103657136,0.987355615945191,-0.0189216550311692,0.132641130292867,0.0847182931072463,0.966816237985972,-0.0281112095502738,0.240273060809007,0.082127815712732,0.987355615945191,-0.0189216550311692,0.132641130292867,0.0847182931072463,0.987355615945191,-0.0189216550311692,0.132641130292867,0.0847182931072463,0.98735250721079,-0.0189138991389329,0.13263067020073,0.0847726149533834,0.98735250721079,-0.0189138991389329,0.13263067020073,0.0847726149533834,0.987355023760056,-0.0189201445890863,0.132639137814108,0.0847286510245299,0.987355615945191,-0.0189216550311692,0.132641130292867,0.0847182931072463,0.98735250721079,-0.0189138991389329,0.13263067020073,0.0847726149533834,0.98735250721079,-0.0189138991389329,0.13263067020073,0.0847726149533834,0.987355023760056,-0.0189201445890863,0.132639137814108,0.0847286510245299,0.997555648297201,0.0133514685069272,-0.00683069044832285,0.0682481392204866,0.969986332627461,-0.0058120865736915,0.0716433201746388,0.232292851461133,0.986289224548754,-0.0123993613332549,0.014368366881232,0.163930995881533,0.986383086516847,-0.00924241369576635,-0.00461422380424201,0.164139249910739,0.992975449563993,0.00760621271593613,-0.000841092477472735,0.118072836227268,0.962415171244429,-0.0708723334189873,0.187447131916092,0.183296817350264,0.980832848471193,-0.108400572048456,0.0892662557333078,0.135084325244677,0.984339102416091,-0.100470120307392,0.0328340144886636,0.141082294681723
420,1190,0.987390369699421,-0.0191903390335555,0.132829283543683,0.0839545719177383,0.987390369699421,-0.0191903390335555,0.132829283543683,0.0839545719177383,0.992865084749851,-0.0148987564586314,0.0824759615073255,0.084821378874078,0.992869337174137,-0.0148943817277598,0.0824247538138707,0.0848221471731368,0.987390369699421,-0.0191903390335555,0.132829283543683,0.0839545719177383,0.966830117985646,-0.0282943942557908,0.240463892711043,0.0813392064862411,0.987390369699421,-0.0191903390335555,0.132829283543683,0.0839545719177383,0.987390369699421,-0.0191903390335555,0.132829283543683,0.0839545719177383,0.987388495018444,-0.019176517395478,0.132819355356387,0.0839954756430764,0.987388495018444,-0.019176517395478,0.132819355356387,0.0839954756430764,0.987390019708254,-0.0191876371561985,0.132827382552733,0.0839623130046172,0.987390369699421,-0.0191903390335555,0.132829283543683,0.0839545719177383,0.987388495018444,-0.019176517395478,0.132819355356387,0.0839954756430764,0.987388495018444,-0.019176517395478,0.132819355356387,0.0839954756430764,0.987390019708254,-0.0191876371561985,0.132827382552733,0.0839623130046172,0.997639909418788,0.0128732694025594,-0.00558301129097456,0.0672139870464993,0.97000269527466,-0.00630738922711034,0.0720689781912209,0.232079836227765,0.986285754733742,-0.0125239778167644,0.0145327184561543,0.163927911239099,0.98638246477943,-0.0093555257138055,-0.00451918931749462,0.164139222132271,0.993129656016306,0.00909916225976295,-0.00255300393260861,0.116636931364061,0.963727892931593,-0.067371754841158,0.183443931853591,0.181763359622753,0.981779584856618,-0.105157486347479,0.0853985312869366,0.13325854823568,0.985077155871452,-0.0972651999195329,0.0284087903193758,0.139123752455915
421,1191,0.987401005907192,-0.0195404627369479,0.133013314904337,0.0834558680240771,0.987401005907192,-0.0195404627369479,0.133013314904337,0.0834558680240771,0.992885060149972,-0.0152737730860382,0.0826592144854999,0.0843411136240354,0.992889322025608,-0.0152694231246223,0.0826080057615587,0.0843419012654296,0.987401005907192,-0.0195404627369479,0.133013314904337,0.0834558680240771,0.966820478999682,-0.028587631014675,0.240647978996707,0.0808050675675419,0.987401005907192,-0.0195404627369479,0.133013314904337,0.0834558680240771,0.987401005907192,-0.0195404627369479,0.133013314904337,0.0834558680240771,0.987400391183115,-0.0195222656826121,0.133003618383818,0.0834828493216458,0.987400391183115,-0.0195222656826121,0.133003618383818,0.0834828493216458,0.987400898076808,-0.0195369345211012,0.133011455854372,0.0834609326459469,0.987401005907192,-0.0195404627369479,0.133013314904337,0.0834558680240771,0.987400391183115,-0.0195222656826121,0.133003618383818,0.0834828493216458,0.987400391183115,-0.0195222656826121,0.133003618383818,0.0834828493216458,0.987400898076808,-0.0195369345211012,0.133011455854372,0.0834609326459469,0.997705103646909,0.012339691721696,-0.00437838104400564,0.0664310766475947,0.969996600792909,-0.00680521904287716,0.0724812409549685,0.23196282709436,0.98628044692524,-0.0127063423038737,0.0146874527128651,0.163932021310704,0.986379636478322,-0.00951884100119516,-0.00447816872575172,0.164147952810111,0.993287875190649,0.0107921168258863,-0.0042406641774063,0.115085811380013,0.965077666977894,-0.0636061873300093,0.179089689217842,0.180294849759225,0.982738571691521,-0.10164209310389,0.0811679587145352,0.131550549589443,0.985792945403723,-0.0938353925002745,0.0239918028590864,0.137228208842584
422,1192,0.987384802639015,-0.0198907654829171,0.133229063593945,0.0832203435459057,0.987384802639015,-0.0198907654829171,0.133229063593945,0.0832203435459057,0.992879842713368,-0.0156355930835283,0.082875507854151,0.0841236967823056,0.992884115744465,-0.015631254335029,0.0828242993990144,0.084124503085062,0.987384802639015,-0.0198907654829171,0.133229063593945,0.0832203435459057,0.966780679596211,-0.0289099488589389,0.240860643169643,0.0805324964742092,0.987384802639015,-0.0198907654829171,0.133229063593945,0.0832203435459057,0.987384802639015,-0.0198907654829171,0.133229063593945,0.0832203435459057,0.987385588064157,-0.0198723406129456,0.133217792142264,0.0832334693407758,0.987385588064157,-0.0198723406129456,0.133217792142264,0.0832334693407758,0.987384964720917,-0.0198872271958766,0.133226887668603,0.0832227495320298,0.987384802639015,-0.0198907654829171,0.133229063593945,0.0832203435459057,0.987385588064157,-0.0198723406129456,0.133217792142264,0.0832334693407758,0.987385588064157,-0.0198723406129456,0.133217792142264,0.0832334693407758,0.987384964720917,-0.0198872271958766,0.133226887668603,0.0832227495320298,0.997749764720174,0.0117784273713108,-0.00318653630500046,0.0659281551074592,0.969973149984207,-0.00736353992896655,0.0729021839869091,0.231911918967887,0.98627379919587,-0.0129030043537747,0.0148456617189912,0.163942403991514,0.986375593237848,-0.00969759484473132,-0.0044260272043876,0.164163199292952,0.993445196428274,0.0126548825749553,-0.00585654296492261,0.113455703008279,0.966433583121733,-0.0596410661529937,0.174400277447576,0.178979372746781,0.983694892133387,-0.0978750939131585,0.0765474327322994,0.130020443485896,0.98647015957854,-0.0902280559043042,0.0197932950342213,0.135439092069123
423,1193,0.987359145060954,-0.0201652139423528,0.1334356799959,0.0831276254634607,0.987359145060954,-0.0201652139423528,0.1334356799959,0.0831276254634607,0.992864719058805,-0.0159143990400175,0.0830831612286514,0.0840450466817013,0.992869002799763,-0.0159100643475712,0.0830319535532498,0.0840458673641388,0.987359145060954,-0.0201652139423528,0.1334356799959,0.0831276254634607,0.96673248600464,-0.0291725546583069,0.241063191994868,0.0804101985026922,0.987359145060954,-0.0201652139423528,0.1334356799959,0.0831276254634607,0.987359145060954,-0.0201652139423528,0.1334356799959,0.0831276254634607,0.98736047061493,-0.0201505703450459,0.133424786062956,0.0831329179440252,0.98736047061493,-0.0201505703450459,0.133424786062956,0.0831329179440252,0.987359403895789,-0.0201624340878624,0.133433592158834,0.0831285767579009,0.987359145060954,-0.0201652139423528,0.1334356799959,0.0831276254634607,0.98736047061493,-0.0201505703450459,0.133424786062956,0.0831329179440252,0.98736047061493,-0.0201505703450459,0.133424786062956,0.0831329179440252,0.987359403895789,-0.0201624340878624,0.133433592158834,0.0831285767579009,0.997773196864278,0.0111977941537051,-0.00199637906866121,0.0657211647488372,0.969933626393578,-0.00792899265068358,0.0732859364954243,0.231937627345233,0.986267361242273,-0.0131028292980019,0.0149966304750804,0.163951544936257,0.986371652149108,-0.00987998190496924,-0.00437842597761942,0.164177279731867,0.993596090658628,0.0145939643149845,-0.00741408029769888,0.111798283738188,0.96776787345549,-0.05549894478247,0.169397001004742,0.177904092943559,0.984627041973397,-0.0938901144347836,0.0715398473264411,0.128748921823252,0.987093459618676,-0.0864889117674399,0.0159644454588035,0.133833129682118
424,1194,0.987341684308848,-0.0202737240924122,0.133600001821849,0.083044650946301,0.987341684308848,-0.0202737240924122,0.133600001821849,0.083044650946301,0.992855632120509,-0.0160269859365479,0.0832481581010459,0.0839676941517267,0.992859924371287,-0.0160226552334528,0.0831969508940888,0.0839685206410005,0.987341684308848,-0.0202737240924122,0.133600001821849,0.083044650946301,0.966697084570688,-0.0292712959472389,0.241224602275897,0.0803158089851393,0.987341684308848,-0.0202737240924122,0.133600001821849,0.083044650946301,0.987341684308848,-0.0202737240924122,0.133600001821849,0.083044650946301,0.987342624890694,-0.0202675664309952,0.133591241205204,0.0830490644027541,0.987342624890694,-0.0202675664309952,0.133591241205204,0.0830490644027541,0.987341861736551,-0.0202726111971183,0.133598337756576,0.0830454902239228,0.987341684308848,-0.0202737240924122,0.133600001821849,0.083044650946301,0.987342624890694,-0.0202675664309952,0.133591241205204,0.0830490644027541,0.987342624890694,-0.0202675664309952,0.133591241205204,0.0830490644027541,0.987341861736551,-0.0202726111971183,0.133598337756576,0.0830454902239228,0.997782255473743,0.0106119464026461,-0.000826482698902097,0.0657059676256778,0.969884930257548,-0.00854369216855086,0.0736807194030145,0.231994351163332,0.986262908402001,-0.0133377225170785,0.0151326938114646,0.163946888492869,0.986369514580239,-0.0101011950066818,-0.00432476800628048,0.164178083031423,0.993733772108062,0.0165984358073031,-0.00890067324180196,0.110174680015309,0.969059500820778,-0.0511953981906382,0.164106646111329,0.177120647512306,0.98551627362004,-0.0896790944372478,0.0661904692028938,0.127805149495966,0.987655558644776,-0.0826163416281774,0.0126491604979862,0.132480324247592
425,1195,0.987333839494942,-0.0202726211241268,0.133749163249506,0.0828979586660116,0.987333839494942,-0.0202726211241268,0.133749163249506,0.0828979586660116,0.992855378204095,-0.0160333396649817,0.0833975254607075,0.0838211353861392,0.992859678158581,-0.0160290165207302,0.0833463182666476,0.0838219622033051,0.987333839494942,-0.0202726211241268,0.133749163249506,0.0828979586660116,0.966672905868631,-0.0292540894794524,0.24137199991147,0.0801701251524678,0.987333839494942,-0.0202726211241268,0.133749163249506,0.0828979586660116,0.987333839494942,-0.0202726211241268,0.133749163249506,0.0828979586660116,0.987334279887363,-0.0202723684125188,0.133741267299305,0.0829055140471665,0.987334279887363,-0.0202723684125188,0.133741267299305,0.0829055140471665,0.987333919935226,-0.0202726210293301,0.133747655024079,0.0828994339998941,0.987333839494942,-0.0202726211241268,0.133749163249506,0.0828979586660116,0.987334279887363,-0.0202723684125188,0.133741267299305,0.0829055140471665,0.987334279887363,-0.0202723684125188,0.133741267299305,0.0829055140471665,0.987333919935226,-0.0202726210293301,0.133747655024079,0.0828994339998941,0.997782576935917,0.0100333506034809,0.000337631795173559,0.0657962540237546,0.9698308375064,-0.00918033655435676,0.0740984848352977,0.232063100443599,0.986256457429731,-0.0136237269866442,0.0152412495844147,0.163952122743982,0.986364962530818,-0.0103776154063165,-0.00427272773703133,0.164189553832583,0.993842623179843,0.0186290417413865,-0.01025109195085,0.108741502052444,0.970297939406992,-0.0467536245207404,0.15856394585015,0.176616767191424,0.986347563170831,-0.0852824911182506,0.0605199023449421,0.127211331082521,0.988151070553908,-0.0786762892796515,0.0100814540640134,0.131399648219871
426,1196,0.987314979420619,-0.0203017153622797,0.13398780931918,0.0827299142925836,0.98731497942062,-0.0203017153622797,0.13398780931918,0.0827299142925836,0.992848671097291,-0.0160709367432068,0.08363682164474,0.0836547868188372,0.992852983393623,-0.0160666221784276,0.0835856147962846,0.0836556155753151,0.987314979420619,-0.0203017153622797,0.13398780931918,0.0827299142925836,0.966627951072971,-0.029264552611659,0.241607131184,0.0799999020371194,0.987314979420619,-0.0203017153622797,0.13398780931918,0.0827299142925836,0.987314979420619,-0.0203017153622797,0.13398780931918,0.0827299142925836,0.987315946621233,-0.020300248059539,0.13397548251347,0.0827386944628872,0.987315946621233,-0.020300248059539,0.13397548251347,0.0827386944628872,0.987315169253967,-0.0203014244277508,0.133985407834304,0.0827316095255615,0.987314979420619,-0.0203017153622797,0.13398780931918,0.0827299142925836,0.987315946621233,-0.020300248059539,0.13397548251347,0.0827386944628872,0.987315946621233,-0.020300248059539,0.13397548251347,0.0827386944628872,0.987315169253967,-0.0203014244277508,0.133985407834304,0.0827316095255615,0.997777323609927,0.00944866052425933,0.00148368750560503,0.0659464477852606,0.969774008255608,-0.00986122899531018,0.0745302197895042,0.232134390844359,0.986254949691668,-0.0139061359729087,0.0153334503799923,0.16392888363688,0.986365088589343,-0.0106529877253104,-0.00422522236186552,0.164172389154374,0.993921455281389,0.0206428770635267,-0.0115019121014202,0.107525431298261,0.971471581644883,-0.0421776106524247,0.152782064837018,0.176413309815836,0.987112248541415,-0.0807168107677125,0.0545240051435515,0.126969831464432,0.988580812006978,-0.0747105673456753,0.00845201094451873,0.130594306037837
427,1197,0.987273114038632,-0.0203850292600961,0.134341238937893,0.0826358299961941,0.987273114038632,-0.0203850292600961,0.134341238937893,0.0826358299961941,0.992824822001785,-0.0161589245755705,0.0839919222308231,0.0835650583297582,0.992829152612664,-0.0161546146384724,0.0839407166119262,0.0835658916243782,0.987273114038632,-0.0203850292600961,0.134341238937893,0.0826358299961941,0.966547524262938,-0.0293370299480182,0.241953825190035,0.0798972370668971,0.987273114038632,-0.0203850292600961,0.134341238937893,0.0826358299961941,0.987273114038632,-0.0203850292600961,0.134341238937893,0.0826358299961941,0.987275259264262,-0.0203807902742189,0.134322951605585,0.0826409735206863,0.987275259264262,-0.0203807902742189,0.134322951605585,0.0826409735206863,0.987273535297201,-0.0203841932263382,0.134337680722895,0.0826367878506378,0.987273114038632,-0.0203850292600961,0.134341238937893,0.0826358299961941,0.987275259264262,-0.0203807902742189,0.134322951605585,0.0826409735206863,0.987275259264262,-0.0203807902742189,0.134322951605585,0.0826409735206863,0.987273535297201,-0.0203841932263382,0.134337680722895,0.0826367878506378,0.997766377053299,0.00885108123581871,0.00260920031785413,0.0661597102214931,0.969719307732871,-0.010586119880974,0.0749684682702138,0.232189851288046,0.986254424325328,-0.0142773626104038,0.0153921405175933,0.163894629033095,0.986365515243187,-0.0110165259665895,-0.00421637641078577,0.164146058937253,0.993960438700896,0.0225636510525107,-0.0126764443253191,0.106643498198294,0.972583471192347,-0.037492681988626,0.146747068348945,0.176468094259943,0.987800492333965,-0.0760030467744404,0.0482512320768851,0.127065112555891,0.988948278497932,-0.0707280995889433,0.00770042259476634,0.1300751393479
428,1198,0.987210240582147,-0.0204784208882344,0.134777370284031,0.0826537090939307,0.987210240582147,-0.0204784208882344,0.134777370284031,0.0826537090939307,0.992784195090702,-0.0162512868529712,0.0844306853522332,0.0835876607202417,0.992788548331094,-0.016246975750019,0.0843794818281089,0.0835884987784688,0.987210240582147,-0.0204784208882344,0.134777370284031,0.0826537090939307,0.966437133909369,-0.0294318202005212,0.24238041350733,0.0799047514778939,0.987210240582147,-0.0204784208882344,0.134777370284031,0.0826537090939307,0.987210240582147,-0.0204784208882344,0.134777370284031,0.0826537090939307,0.987213496684339,-0.0204735394645577,0.134754650054825,0.0826530727479307,0.987213496684339,-0.0204735394645577,0.134754650054825,0.0826530727479307,0.987210874538413,-0.0204774786325154,0.134772973526033,0.0826535399659778,0.987210240582147,-0.0204784208882344,0.134777370284031,0.0826537090939307,0.987213496684339,-0.0204735394645577,0.134754650054825,0.0826530727479307,0.987213496684339,-0.0204735394645577,0.134754650054825,0.0826530727479307,0.987210874538413,-0.0204774786325154,0.134772973526033,0.0826535399659778,0.997751719760222,0.00823716271373212,0.00369461327797637,0.0664078662409236,0.969656240437965,-0.0113290050576603,0.0754506937836864,0.232261968112897,0.986252944018951,-0.0146721108304201,0.0153840791501728,0.16386942877314,0.986364370374138,-0.0114312153419693,-0.00410710771407995,0.164127352499395,0.993961236962736,0.0243333388465744,-0.0137752458918049,0.10610933340996,0.973626988350225,-0.0326834845590365,0.14049275457103,0.176759902993281,0.988407669566779,-0.0711923199723977,0.0417484186782444,0.127432342269864,0.989258583751878,-0.066770491930729,0.00775281844186892,0.129803889336046
429,1199,0.987138748664736,-0.020544508724768,0.135226310392594,0.082757833607967,0.987138748664736,-0.020544508724768,0.135226310392594,0.082757833607967,0.992735611829906,-0.0163119974140396,0.0848826786952176,0.0836950094246389,0.992739988382178,-0.016307680774436,0.0848314776762016,0.0836958506139051,0.987138748664736,-0.020544508724768,0.135226310392594,0.082757833607967,0.96631677053107,-0.0295089435388303,0.242818786604698,0.0800009882029475,0.987138748664736,-0.020544508724768,0.135226310392594,0.082757833607967,0.987138748664736,-0.020544508724768,0.135226310392594,0.082757833607967,0.987142491787795,-0.0205409603806993,0.135202728158585,0.0827525960444566,0.987142491787795,-0.0205409603806993,0.135202728158585,0.0827525960444566,0.987139471028235,-0.0205438384468122,0.135221777175093,0.0827567907641245,0.987138748664736,-0.020544508724768,0.135226310392594,0.082757833607967,0.987142491787795,-0.0205409603806993,0.135202728158585,0.0827525960444566,0.987142491787795,-0.0205409603806993,0.135202728158585,0.0827525960444566,0.987139471028235,-0.0205438384468122,0.135221777175093,0.0827567907641245,0.997735284222583,0.00762518857534552,0.00480557902082422,0.0666563239816493,0.969594481600708,-0.0121154834814702,0.0759334001274717,0.23232278203944,0.986253191131051,-0.0150856342910339,0.0153810860355224,0.163830671164546,0.98636465054077,-0.0118491168250288,-0.0040879074594157,0.164096506991024,0.993918472770968,0.0260286770438853,-0.01481774969958,0.10596703142871,0.97459477544978,-0.0278373940496317,0.134014432250314,0.177285744229886,0.988928819830763,-0.0663342552969467,0.0350753227123761,0.128020614039135,0.989513466881132,-0.0628819552006313,0.00857833411137967,0.12975118787473
430,1200,0.987019677214359,-0.0206494254498491,0.135736162011548,0.0833153787882471,0.987019677214359,-0.0206494254498491,0.135736162011548,0.0833153787882471,0.9926426061996,-0.0163884427042156,0.085397922944459,0.0842571662220408,0.992647009326011,-0.0163840970709524,0.0853467267215761,0.0842580113532689,0.987019677214359,-0.0206494254498491,0.135736162011548,0.0833153787882471,0.966142425941718,-0.0296744568674584,0.243312477447037,0.0805436386293749,0.987019677214359,-0.0206494254498491,0.135736162011548,0.0833153787882471,0.987019677214359,-0.0206494254498491,0.135736162011548,0.0833153787882471,0.987025832667983,-0.0206440025038724,0.13570949234102,0.0832872408910139,0.987025832667983,-0.0206440025038724,0.13570949234102,0.0832872408910139,0.987020878094383,-0.0206483696412575,0.135731018567222,0.0833097931557629,0.987019677214359,-0.0206494254498491,0.135736162011548,0.0833153787882471,0.987025832667983,-0.0206440025038724,0.13570949234102,0.0832872408910139,0.987025832667983,-0.0206440025038724,0.13570949234102,0.0832872408910139,0.987020878094383,-0.0206483696412575,0.135731018567222,0.0833097931557629,0.997689686802227,0.00713562031500348,0.0058205572928967,0.0673089361377375,0.969578345330962,-0.0131081831970875,0.0764333411487034,0.23217224674666,0.986207718856485,-0.015566996869977,0.0153944176963771,0.164057964695802,0.986319087126908,-0.01231140548366,-0.00416067271770626,0.164334343539918,0.993808478077324,0.0276326865482577,-0.0157753876038267,0.10645318539954,0.975494959299099,-0.0228750638896495,0.127302938258457,0.177989543920019,0.989329332508548,-0.0614807371643012,0.0281881901484938,0.129046568075553,0.989676640007608,-0.0591453720814519,0.0103561792620729,0.130133480456379
431,1201,0.986942084796448,-0.0207083430308062,0.136174864352014,0.0835038448532155,0.986942084796448,-0.0207083430308062,0.136174864352014,0.0835038448532155,0.992587410012804,-0.0164377058256617,0.0858400017924156,0.084448383072386,0.992591835939758,-0.0164333503302147,0.0857888084157197,0.0844492307441333,0.986942084796448,-0.0207083430308062,0.136174864352014,0.0835038448532155,0.966017123305151,-0.0297537159552856,0.243740004728174,0.0807244941960222,0.986942084796448,-0.0207083430308062,0.136174864352014,0.0835038448532155,0.986942084796448,-0.0207083430308062,0.136174864352014,0.0835038448532155,0.986946278627786,-0.0207051261393879,0.136151596638635,0.0834930151992851,0.986946278627786,-0.0207051261393879,0.136151596638635,0.0834930151992851,0.986942873923737,-0.020707743321945,0.136170426058767,0.0835019044372082,0.986942084796448,-0.0207083430308062,0.136174864352014,0.0835038448532155,0.986946278627786,-0.0207051261393879,0.136151596638635,0.0834930151992851,0.986946278627786,-0.0207051261393879,0.136151596638635,0.0834930151992851,0.986942873923737,-0.020707743321945,0.136170426058767,0.0835019044372082,0.997670435136682,0.00651597971531004,0.0069123847883715,0.0675534144146059,0.969509712212517,-0.0139524338084218,0.0769652253016607,0.232233937250111,0.986207420640337,-0.0160141621188581,0.0153836943890994,0.164017718654134,0.986318634329957,-0.012761567261313,-0.00415766191668162,0.164302793104411,0.993680126984996,0.0291432410574599,-0.0166667891086711,0.107110666492911,0.976290621999854,-0.0179407276777283,0.12048474631503,0.178936238897926,0.98969553782625,-0.0565872471249646,0.0213000404927307,0.129795740086635,0.989841912137787,-0.0554710127176912,0.0128038390176914,0.130276695651574
432,1202,0.986867513420051,-0.0208594367180327,0.136597681434352,0.0836568483908598,0.986867513420051,-0.0208594367180327,0.136597681434352,0.0836568483908598,0.992534423634583,-0.0165808282292658,0.0862660623738095,0.0846088678456135,0.992538871535925,-0.0165764644565347,0.0862148717293496,0.0846097228987671,0.986867513420051,-0.0208594367180327,0.136597681434352,0.0836568483908598,0.9658965680014,-0.0299206989944432,0.244152074617916,0.0808599786950803,0.986867513420051,-0.0208594367180327,0.136597681434352,0.0836568483908598,0.986867513420051,-0.0208594367180327,0.136597681434352,0.0836568483908598,0.986871457677213,-0.0208517213155226,0.13657537802364,0.0836486572392656,0.986871457677213,-0.0208517213155226,0.13657537802364,0.0836486572392656,0.986868268174287,-0.0208579198083023,0.136593409039491,0.0836552990486778,0.986867513420051,-0.0208594367180327,0.136597681434352,0.0836568483908598,0.986871457677213,-0.0208517213155226,0.13657537802364,0.0836486572392656,0.986871457677213,-0.0208517213155226,0.13657537802364,0.0836486572392656,0.986868268174287,-0.0208579198083023,0.136593409039491,0.0836552990486778,0.997654254313249,0.00585365482748641,0.00799219793470169,0.0677336574238331,0.969435811874586,-0.0148094132654816,0.0775098704022859,0.23230821751289,0.986208361629024,-0.016427182973026,0.0153643657250149,0.163973020276004,0.986319511802106,-0.0131880768824397,-0.00410084376575849,0.164265268231014,0.993520899987896,0.0306182542811383,-0.0174557118854438,0.108046480343363,0.977003689427209,-0.0129717502134232,0.113541517771634,0.180010689360759,0.989993656804495,-0.0517057136519306,0.0145015014335174,0.130494387307591,0.989993656804495,-0.0517057136519306,0.0145015014335174,0.130494387307591
433,1203,0.986791170678994,-0.0211232906586253,0.137011305452525,0.0838146421571283,0.986791170678994,-0.0211232906586253,0.137011305452525,0.0838146421571283,0.992479200966146,-0.0168363217147506,0.0866830317964444,0.0847798674172923,0.992483670372998,-0.0168319491222791,0.0866318439995706,0.0847807356474409,0.986791170678994,-0.0211232906586253,0.137011305452525,0.0838146421571283,0.965775261656607,-0.030200286296317,0.244554812514364,0.0809878407898169,0.986791170678994,-0.0211232906586253,0.137011305452525,0.0838146421571283,0.986791170678994,-0.0211232906586253,0.137011305452525,0.0838146421571283,0.986795192007954,-0.0211097123401875,0.136989510048982,0.0838063435035838,0.986795192007954,-0.0211097123401875,0.136989510048982,0.0838063435035838,0.986791943004058,-0.0211206369788996,0.137007126675654,0.0838130488406412,0.986791170678994,-0.0211232906586253,0.137011305452525,0.0838146421571283,0.986795192007954,-0.0211097123401875,0.136989510048982,0.0838063435035838,0.986795192007954,-0.0211097123401875,0.136989510048982,0.0838063435035838,0.986791943004058,-0.0211206369788996,0.137007126675654,0.0838130488406412,0.997637821479276,0.00518260054414349,0.00905758084123003,0.0678960826188759,0.969366729421152,-0.0156746629529089,0.0780773840538446,0.232349673836571,0.986211162292331,-0.0168189297885633,0.0153398326200841,0.163918749708402,0.986322035336909,-0.0135891310280788,-0.00407550041834342,0.164218051453243,0.993335916520755,0.0320616919219304,-0.0181143520826229,0.109213896137816,0.97763597206096,-0.00801885256563928,0.106524398589014,0.181152302334805,0.99023368355313,-0.0468218364426838,0.00800287102538882,0.131076014755888,0.99023368355313,-0.0468218364426838,0.00800287102538882,0.131076014755888
434,1204,0.986720551072852,-0.0214521665726874,0.137358073836026,0.0839947509781554,0.986720551072852,-0.0214521665726874,0.137358073836026,0.0839947509781554,0.99242629626479,-0.0171556190385371,0.0870329411177579,0.0849764577865496,0.992430783718485,-0.0171512363063803,0.0869817560490089,0.0849773424843785,0.986720551072852,-0.0214521665726874,0.137358073836026,0.0839947509781554,0.965666986107939,-0.0305469529688509,0.244891727705663,0.0811307420578875,0.986720551072852,-0.0214521665726874,0.137358073836026,0.0839947509781554,0.986720551072852,-0.0214521665726874,0.137358073836026,0.0839947509781554,0.98672429001385,-0.0214350440101079,0.137339646605472,0.0839853311908241,0.98672429001385,-0.0214350440101079,0.137339646605472,0.0839853311908241,0.986721266316752,-0.0214488513053967,0.137354564548651,0.0839929340694512,0.986720551072852,-0.0214521665726874,0.137358073836026,0.0839947509781554,0.98672429001385,-0.0214350440101079,0.137339646605472,0.0839853311908241,0.98672429001385,-0.0214350440101079,0.137339646605472,0.0839853311908241,0.986721266316752,-0.0214488513053967,0.137354564548651,0.0839929340694512,0.997621409601854,0.0045092105240938,0.0101191495821892,0.0680352330501835,0.969310705691344,-0.0165508055674771,0.0786508139259745,0.232329240811394,0.986211479286586,-0.0172224139666098,0.0153098563765333,0.16387774369406,0.986321956635917,-0.0140011637678494,-0.00405850179296755,0.164184328832684,0.993130170428573,0.0334404925699214,-0.0186567406841569,0.110571805032926,0.97817456188945,-0.00310679617577906,0.099495347526144,0.18238845936779,0.990427951558574,-0.0418546102509838,0.00204463366880653,0.131516097286176,0.990427951558574,-0.0418546102509838,0.00204463366880653,0.131516097286176
435,1205,0.986674787996747,-0.0217501759630876,0.137538112722853,0.0841609180426672,0.986674787996747,-0.0217501759630876,0.137538112722853,0.0841609180426672,0.992389742358209,-0.0174447982826481,0.0872150731353118,0.0851575557016964,0.992394239205516,-0.0174404062098783,0.0871638899516091,0.0851584553138692,0.986674787996747,-0.0217501759630876,0.137538112722853,0.0841609180426672,0.965601727452737,-0.0308614086999433,0.245065651734554,0.0812631757517812,0.986674787996747,-0.0217501759630876,0.137538112722853,0.0841609180426672,0.986674787996747,-0.0217501759630876,0.137538112722853,0.0841609180426672,0.986677267127728,-0.0217344194538263,0.137528189978472,0.0841521390435777,0.986677267127728,-0.0217344194538263,0.137528189978472,0.0841521390435777,0.986675253536328,-0.0217471627331063,0.137536277346498,0.084159238267408,0.986674787996747,-0.0217501759630876,0.137538112722853,0.0841609180426672,0.986677267127728,-0.0217344194538263,0.137528189978472,0.0841521390435777,0.986677267127728,-0.0217344194538263,0.137528189978472,0.0841521390435777,0.986675253536328,-0.0217471627331063,0.137536277346498,0.084159238267408,0.997603138143782,0.00382185678051387,0.0111948604401603,0.0681765889155068,0.969260368037935,-0.0174261262448864,0.0792243794146866,0.232280362453269,0.986215448533381,-0.0175800812857939,0.0152767191160603,0.163818960041675,0.986325570497321,-0.0143718981183999,-0.00401970844518081,0.164131531009814,0.992910850127461,0.0347121283525598,-0.0191135821726092,0.112061513558083,0.978622283449231,0.00181977531304541,0.092466223006577,0.183698427748635,0.990582298875406,-0.0367977122639181,-0.0031577807353433,0.131843338654958,0.990582298875406,-0.0367977122639181,-0.0031577807353433,0.131843338654958
436,1206,0.986659320566732,-0.021986637075381,0.137558964438654,0.0842466867685391,0.986659320566732,-0.021986637075381,0.137558964438654,0.0842466867685392,0.992375354653487,-0.0176765948336249,0.0872366839982269,0.0852552311383222,0.992379852615405,-0.0176721977228804,0.0871855015565496,0.0852561427054045,0.986659320566732,-0.021986637075381,0.137558964438654,0.0842466867685392,0.965584063586719,-0.0311058588694561,0.245084678643931,0.0813224568329951,0.986659320566732,-0.021986637075381,0.137558964438654,0.0842466867685392,0.986659320566732,-0.021986637075381,0.137558964438654,0.0842466867685392,0.986660219624678,-0.0219740262326972,0.137557425956805,0.0842419595299407,0.986660219624678,-0.0219740262326972,0.137557425956805,0.0842419595299407,0.986659480217617,-0.0219842423390894,0.13755873761251,0.0842458123109431,0.986659320566732,-0.021986637075381,0.137558964438654,0.0842466867685392,0.986660219624678,-0.0219740262326972,0.137557425956805,0.0842419595299407,0.986660219624678,-0.0219740262326972,0.137557425956805,0.0842419595299407,0.986659480217617,-0.0219842423390894,0.13755873761251,0.0842458123109431,0.997586071840136,0.00312434764909081,0.0122578684406577,0.0682789307445972,0.96921885560205,-0.0183371406289721,0.079810793037049,0.232182679228669,0.98621719073768,-0.0179428882462906,0.0152687648790526,0.163769869859904,0.986326992048597,-0.0147289189458795,-0.00406783035759437,0.164090147355759,0.992683946567251,0.035873741725463,-0.0195074029198003,0.113627101140555,0.978996109595524,0.00675572566092694,0.0854337221770513,0.184992044917064,0.99070201754963,-0.0316533495447658,-0.00755544548433955,0.132100314644679,0.99070201754963,-0.0316533495447658,-0.00755544548433955,0.132100314644679
437,1207,0.986680744117764,-0.0221647877755786,0.137391954422356,0.0842216256675517,0.986680744117764,-0.0221647877755786,0.137391954422356,0.0842216256675517,0.992388262648979,-0.0178557889781061,0.0870688010100025,0.085239256491308,0.992392751952219,-0.0178513926910248,0.0870176179028113,0.0852401773004519,0.986680744117763,-0.0221647877755786,0.137391954422356,0.0842216256675517,0.965623699074158,-0.0312801796839124,0.244921031639014,0.0812779822963378,0.986680744117763,-0.0221647877755786,0.137391954422356,0.0842216256675517,0.986680744117763,-0.0221647877755786,0.137391954422356,0.0842216256675517,0.986679719407043,-0.0221552497323413,0.137400228209979,0.0842226424899102,0.986679719407043,-0.0221552497323413,0.137400228209979,0.0842226424899102,0.986680531778888,-0.0221629823279373,0.137393622296066,0.0842218675596066,0.986680744117763,-0.0221647877755786,0.137391954422356,0.0842216256675517,0.986679719407043,-0.0221552497323413,0.137400228209979,0.0842226424899102,0.986679719407043,-0.0221552497323413,0.137400228209979,0.0842226424899102,0.986680531778888,-0.0221629823279373,0.137393622296066,0.0842218675596066,0.997573457220437,0.00235926099279453,0.0133769299575998,0.0682838859595905,0.969179967340733,-0.0192454189406545,0.0804185568661308,0.2320617600269,0.986217317127583,-0.0182969508015906,0.0152663825198054,0.163730151633099,0.986327003873712,-0.0150809632914065,-0.00408662049547908,0.164057628620667,0.992451962425806,0.0369160694609032,-0.0198243764294273,0.115253200354304,0.979311660582421,0.0117255581252489,0.0784100005336391,0.186180166909009,0.990774863679867,-0.0263844489705719,-0.0112342193814476,0.132449321129066,0.990774863679867,-0.0263844489705719,-0.0112342193814476,0.132449321129066
438,1208,0.986724698688269,-0.0223522013573708,0.137157585600093,0.0840389481453592,0.986724698688269,-0.0223522013573708,0.137157585600093,0.0840389481453592,0.992420249202859,-0.0180522444974914,0.0868325011803621,0.0850663398736634,0.992424726318757,-0.0180478571284221,0.0867813164237603,0.0850672708153429,0.986724698688269,-0.0223522013573708,0.137157585600093,0.0840389481453592,0.965693126833996,-0.0314463974584132,0.244692907691826,0.0810758274566861,0.986724698688269,-0.0223522013573708,0.137157585600093,0.0840389481453592,0.986724698688269,-0.0223522013573708,0.137157585600093,0.0840389481453592,0.986722452851101,-0.0223423538467353,0.13716971816551,0.084048133129111,0.986722452851101,-0.0223423538467353,0.13716971816551,0.084048133129111,0.986724257639115,-0.0223503091810802,0.137159946053277,0.0840407773923413,0.986724698688269,-0.0223522013573708,0.137157585600093,0.0840389481453592,0.986722452851101,-0.0223423538467353,0.13716971816551,0.084048133129111,0.986722452851101,-0.0223423538467353,0.13716971816551,0.084048133129111,0.986724257639115,-0.0223503091810802,0.137159946053277,0.0840407773923413,0.997563514594555,0.00152764562744056,0.0145137114466505,0.0682206187940226,0.969140934429518,-0.0201538258035973,0.0810272315471324,0.231935896890428,0.986219928020367,-0.0186090289152627,0.0152213122474059,0.163683442265249,0.986329191455175,-0.0154124684731783,-0.00402005651833163,0.164015307348228,0.992222304537669,0.0378366514118344,-0.0200583414044345,0.116880063004776,0.979544553171464,0.0166537437749109,0.0715225370680502,0.187349000162121,0.99079501220438,-0.0208331949990043,-0.0146250936539791,0.132956114611811,0.99079501220438,-0.0208331949990043,-0.0146250936539791,0.132956114611811
439,1209,0.986788514627522,-0.0225598860793921,0.136873863934058,0.0836960232690588,0.986788514627522,-0.0225598860793921,0.136873863934058,0.0836960232690588,0.992469563222762,-0.0182770891350905,0.0865459028807838,0.0847344132198833,0.992474025557124,-0.0182727188850289,0.0864947155811644,0.0847353557584949,0.986788514627522,-0.0225598860793921,0.136873863934058,0.0836960232690588,0.965787715896841,-0.0316151649278514,0.244417910660804,0.0807121683363465,0.986788514627522,-0.0225598860793921,0.136873863934058,0.0836960232690588,0.986788514627522,-0.0225598860793921,0.136873863934058,0.0836960232690588,0.986785217706866,-0.0225490096083028,0.136888657501862,0.0837136292860067,0.986785217706866,-0.0225490096083028,0.136888657501862,0.0837136292860067,0.986787873272655,-0.0225577903381004,0.136876724923903,0.0836994709134904,0.986788514627522,-0.0225598860793921,0.136873863934058,0.0836960232690588,0.986785217706866,-0.0225490096083028,0.136888657501862,0.0837136292860067,0.986785217706866,-0.0225490096083028,0.136888657501862,0.0837136292860067,0.986787873272655,-0.0225577903381004,0.136876724923903,0.0836994709134904,0.99755425497581,0.000697535452754273,0.0156674681168294,0.06811425890925,0.969100704327501,-0.0210877519627273,0.0816286685165196,0.231810034436219,0.986220214978282,-0.0189463097761778,0.0152065537082801,0.163644387738704,0.986328991457712,-0.0157424073424815,-0.00408317492927943,0.163983611692064,0.992009740683934,0.0386556613781434,-0.0202539598032016,0.118373102282161,0.979699359400546,0.0215491848557134,0.0648062946786341,0.188480614367206,0.990739253736141,-0.0151266792304252,-0.017880428376254,0.133743055755796,0.990739253736141,-0.0151266792304252,-0.017880428376254,0.133743055755796
440,1210,0.986873494722995,-0.0227922250495293,0.136521610731925,0.0832049859904721,0.986873494722995,-0.0227922250495294,0.136521610731925,0.0832049859904721,0.992536531103095,-0.018534083605671,0.0861897859926091,0.0842558185603882,0.992540975070436,-0.0185297380390605,0.0861385952395567,0.0842567743542728,0.986873494722995,-0.0227922250495294,0.136521610731925,0.0832049859904721,0.965910867429374,-0.0317921713830082,0.244077120938139,0.080198585119293,0.986873494722995,-0.0227922250495294,0.136521610731925,0.0832049859904721,0.986873494722995,-0.0227922250495294,0.136521610731925,0.0832049859904721,0.986869091662537,-0.0227800645257523,0.136539964564583,0.0832304190669765,0.986869091662537,-0.0227800645257523,0.136539964564583,0.0832304190669765,0.986872640623216,-0.0227898807510877,0.136525162166655,0.0832099310183602,0.986873494722995,-0.0227922250495294,0.136521610731925,0.0832049859904721,0.986869091662537,-0.0227800645257523,0.136539964564583,0.0832304190669765,0.986869091662537,-0.0227800645257523,0.136539964564583,0.0832304190669765,0.986872640623216,-0.0227898807510877,0.136525162166655,0.0832099310183602,0.997544682751575,-0.000162134593215257,0.0168433250582461,0.067977069864892,0.969059233875066,-0.0220374054290434,0.0822624091885373,0.231670995245248,0.98622263060715,-0.0193018262223905,0.0151644949157784,0.163592177309138,0.986330834279091,-0.0161088916651401,-0.00406501882524493,0.163937380061976,0.99183065474015,0.039304072657169,-0.0204119083294518,0.11962648615016,0.979783934797302,0.0264214953692407,0.0582331174649935,0.189563313238291,0.990576883281872,-0.00951471003122293,-0.0211066834073978,0.134986727185062,0.990576883281872,-0.00951471003122293,-0.0211066834073978,0.134986727185062
441,1211,0.986988222265423,-0.0230046044053076,0.136037567705916,0.0825761312859425,0.986988222265423,-0.0230046044053076,0.136037567705916,0.0825761312859425,0.992626510096814,-0.0187781484845793,0.0857005377522351,0.0836385701784111,0.992630928830778,-0.018773834752582,0.0856493423591154,0.0836395385609022,0.986988222265423,-0.0230046044053076,0.136037567705916,0.0825761312859425,0.966078060011891,-0.0319342034471367,0.243608605516439,0.0795502101329392,0.986988222265423,-0.0230046044053076,0.136037567705916,0.0825761312859425,0.986988222265423,-0.0230046044053076,0.136037567705916,0.0825761312859425,0.986982283200536,-0.0229933778170345,0.136062689959317,0.0826088471403349,0.986982283200536,-0.0229933778170345,0.136062689959317,0.0826088471403349,0.986987069863484,-0.0230024572481028,0.136042444121732,0.082582469569688,0.986988222265423,-0.0230046044053076,0.136037567705916,0.0825761312859425,0.986982283200536,-0.0229933778170345,0.136062689959317,0.0826088471403349,0.986982283200536,-0.0229933778170345,0.136062689959317,0.0826088471403349,0.986987069863484,-0.0230024572481028,0.136042444121732,0.082582469569688,0.997533345491621,-0.0010331804386191,0.0180124176226596,0.0678359048134756,0.96901168015045,-0.0229994918997332,0.0829079592531842,0.231546231661904,0.986224378026832,-0.0196445177301095,0.0151190367633639,0.163545051395904,0.986331899910637,-0.0164606505146567,-0.00406107199333005,0.163896119226697,0.991695057137079,0.0398022069726963,-0.0204847674745663,0.120569781751076,0.979785414069383,0.0312316093492531,0.0518337470262891,0.190678765528723,0.990309151598182,-0.00405562120230143,-0.0243541979194051,0.13666824518247,0.990309151598182,-0.00405562120230143,-0.0243541979194051,0.13666824518247
442,1212,0.987131395927165,-0.0232060819519531,0.1354174323289,0.0818242259772394,0.987131395927165,-0.0232060819519531,0.1354174323289,0.0818242259772394,0.992737981892711,-0.0190175793845512,0.0850739273294338,0.082897876153056,0.992742368308736,-0.0190133038539527,0.0850227261879261,0.0828988568853176,0.987131395927165,-0.0232060819519531,0.1354174323289,0.0818242259772394,0.966288472704251,-0.0320518858714966,0.24300794497825,0.0787807261226734,0.987131395927165,-0.0232060819519531,0.1354174323289,0.0818242259772394,0.987131395927165,-0.0232060819519531,0.1354174323289,0.0818242259772394,0.98712396606575,-0.0231954473492276,0.13544969875238,0.0818634591791846,0.98712396606575,-0.0231954473492276,0.13544969875238,0.0818634591791846,0.987129957688744,-0.0232040458226369,0.135423683136894,0.0818318088307794,0.987131395927165,-0.0232060819519531,0.1354174323289,0.0818242259772394,0.98712396606575,-0.0231954473492276,0.13544969875238,0.0818634591791846,0.98712396606575,-0.0231954473492276,0.13544969875238,0.0818634591791846,0.987129957688744,-0.0232040458226369,0.135423683136894,0.0818318088307794,0.997520396612926,-0.00190480247889365,0.0191465331779017,0.0676966789139193,0.968950055371207,-0.0239805582340095,0.0835857265685697,0.231460902393742,0.986225514531286,-0.0199908050538242,0.0150501883900054,0.163502581111819,0.986332121704921,-0.0168247432933446,-0.00402732866084969,0.163858641304144,0.991609497911638,0.0401773108196255,-0.0204849475427811,0.121147654830386,0.979709218432503,0.0359196127703916,0.0455937941583178,0.19183543643198,0.989960862922966,0.00124337098786702,-0.0274322963896766,0.138648523339386,0.989960862922966,0.00124337098786702,-0.0274322963896766,0.138648523339386
443,1213,0.987293206224394,-0.0234265567319392,0.134718955788667,0.0809575464923007,0.987293206224394,-0.0234265567319392,0.134718955788667,0.0809575464923007,0.992864084744646,-0.0192818160806238,0.0843681298228651,0.0820435217613237,0.992868434758595,-0.0192775846134896,0.0843169221784695,0.0820445161228802,0.987293206224394,-0.0234265567319392,0.134718955788667,0.0809575464923007,0.966526012955773,-0.0321758457856728,0.242331463878402,0.0778950758542824,0.987293206224394,-0.0234265567319392,0.134718955788667,0.0809575464923007,0.987293206224394,-0.0234265567319392,0.134718955788667,0.0809575464923007,0.987284777902892,-0.0234150020594053,0.134755497542464,0.0810028448999001,0.987284777902892,-0.0234150020594053,0.134755497542464,0.0810028448999001,0.987291580273396,-0.0234243317774067,0.134726003955401,0.0809662896534776,0.987293206224394,-0.0234265567319392,0.134718955788667,0.0809575464923007,0.987284777902892,-0.0234150020594053,0.134755497542464,0.0810028448999001,0.987284777902892,-0.0234150020594053,0.134755497542464,0.0810028448999001,0.987291580273396,-0.0234243317774067,0.134726003955401,0.0809662896534776,0.997504553814186,-0.00276464760990007,0.0202537791156309,0.0675781493908362,0.968880341347834,-0.0249936343060118,0.0842760231853828,0.231395233982767,0.986225993729426,-0.0203242535162532,0.0149779414851369,0.163465211223318,0.98633152147654,-0.0171716808737031,-0.00402233520443559,0.163826383520019,0.991582590336242,0.0404025786720961,-0.0204557644604033,0.12129781481566,0.979559424158361,0.0404112812337874,0.03956803788121,0.193040496450396,0.989564417600287,0.00627272651303035,-0.0301787223096027,0.140755678540014,0.989564417600287,0.00627272651303035,-0.0301787223096027,0.140755678540014
444,1214,0.987462638658411,-0.0237125832089995,0.133985746021164,0.0800191884142546,0.987462638658411,-0.0237125832089995,0.133985746021164,0.0800191884142546,0.99299603465315,-0.0196151626480933,0.0836272565985518,0.081120912909117,0.993000346455963,-0.0196109787645942,0.0835760421497497,0.0811219244644402,0.987462638658411,-0.0237125832089995,0.133985746021164,0.0800191884142546,0.966774943742722,-0.0323570889352124,0.241621296731761,0.0769309814870346,0.987462638658411,-0.0237125832089995,0.133985746021164,0.0800191884142546,0.987462638658411,-0.0237125832089995,0.133985746021164,0.0800191884142546,0.98745378502464,-0.023697705093657,0.134024238954925,0.0800683744455869,0.98745378502464,-0.023697705093657,0.134024238954925,0.0800683744455869,0.987460935686267,-0.023709700876731,0.133993149635297,0.0800286600459566,0.987462638658411,-0.0237125832089995,0.133985746021164,0.0800191884142546,0.98745378502464,-0.023697705093657,0.134024238954925,0.0800683744455869,0.98745378502464,-0.023697705093657,0.134024238954925,0.0800683744455869,0.987460935686267,-0.023709700876731,0.133993149635297,0.0800286600459566,0.997483947973244,-0.00361886507270351,0.021341390777183,0.0675072025119724,0.968797641219413,-0.0260658153430076,0.0849420707279933,0.23137966258651,0.986221605359549,-0.0206549528530645,0.0149526645711166,0.163452549282344,0.986326434100855,-0.0174939996998648,-0.00409907912007582,0.163821008783246,0.991610331030028,0.0405746362630654,-0.0203747732637224,0.121026934609991,0.979342833116726,0.0446601109051558,0.0337965098652131,0.194295871386334,0.989150246577418,0.0108935965989685,-0.032607236252531,0.142828174366771,0.989150246577418,0.0108935965989685,-0.032607236252531,0.142828174366771
445,1215,0.987635256104619,-0.0239918331487876,0.133243421517253,0.0790391261572332,0.98763525610462,-0.0239918331487876,0.133243421517253,0.0790391261572332,0.993130702223982,-0.0199438609470766,0.0828771185464517,0.0801563093715146,0.993134975337818,-0.0199397268131187,0.0828258971530904,0.0801573378809231,0.98763525610462,-0.0239918331487876,0.133243421517253,0.0790391261572332,0.967028041283025,-0.0325270164638457,0.240902419769455,0.0759261794211917,0.98763525610462,-0.0239918331487876,0.133243421517253,0.0790391261572332,0.98763525610462,-0.0239918331487876,0.133243421517253,0.0790391261572332,0.987626224498914,-0.0239771277607402,0.133282468060419,0.079090591944234,0.987626224498914,-0.0239771277607402,0.133282468060419,0.079090591944234,0.987633520972609,-0.0239890120213932,0.133250919889591,0.079049022144887,0.98763525610462,-0.0239918331487876,0.133243421517253,0.0790391261572332,0.987626224498914,-0.0239771277607402,0.133282468060419,0.079090591944234,0.987626224498914,-0.0239771277607402,0.133282468060419,0.079090591944234,0.987633520972609,-0.0239890120213932,0.133250919889591,0.079049022144887,0.997458027636551,-0.00446027603005048,0.0224515038421519,0.0674797674593199,0.968686937050096,-0.0271781971345738,0.0856270030512637,0.231462696643492,0.986218533776694,-0.0209617373845237,0.0149617946448035,0.163431190114303,0.986323177582654,-0.0177867980547523,-0.00417624555090242,0.163807137058538,0.991677517221476,0.0407644897064128,-0.0201577196395976,0.120447600870074,0.979062615926195,0.0485321408455581,0.0284486139024946,0.195631545942185,0.988717776876776,0.0148214357104884,-0.034994748677264,0.144889096540574,0.988717776876776,0.0148214357104884,-0.034994748677264,0.144889096540574
446,1216,0.987812260298377,-0.0242799366837166,0.132443439172889,0.0780779001952826,0.987812260298377,-0.0242799366837166,0.132443439172889,0.0780779001952826,0.99326682055662,-0.0202804440917225,0.0820691742195197,0.0792109677488687,0.993271052000085,-0.0202763587138509,0.0820179458068522,0.0792120136190025,0.987812260298377,-0.0242799366837166,0.132443439172889,0.0780779001952826,0.967291831187258,-0.032707812690232,0.240126715494408,0.0749391273854353,0.987812260298377,-0.0242799366837166,0.132443439172889,0.0780779001952826,0.987812260298377,-0.0242799366837166,0.132443439172889,0.0780779001952826,0.987803002044009,-0.0242647973030507,0.132485396467741,0.0781285382396873,0.987803002044009,-0.0242647973030507,0.132485396467741,0.0781285382396873,0.987810481274201,-0.024277027641984,0.132451515104534,0.0780876120790917,0.987812260298377,-0.0242799366837166,0.132443439172889,0.0780779001952826,0.987803002044009,-0.0242647973030507,0.132485396467741,0.0781285382396873,0.987803002044009,-0.0242647973030507,0.132485396467741,0.0781285382396873,0.987810481274201,-0.024277027641984,0.132451515104534,0.0780876120790917,0.997426466054229,-0.00527954341486467,0.0235450067322444,0.067514471736672,0.968557794864947,-0.0282930763491313,0.0863214314436189,0.231611550468838,0.986217169619115,-0.0212776679876061,0.0150138519846565,0.163393817025175,0.986322193443695,-0.0180788060672835,-0.00427225038735869,0.163778616944425,0.991769930057062,0.0410239116986814,-0.0197814697059025,0.119658422017939,0.978770411092044,0.0518783534197885,0.023714062098577,0.196862292163703,0.988271971418075,0.0181327219643828,-0.0379060025400543,0.146808888951005,0.988271971418075,0.0181327219643828,-0.0379060025400543,0.146808888951005
447,1217,0.987976166139135,-0.0246049320950137,0.13168452848106,0.0771808098968657,0.987976166139135,-0.0246049320950137,0.13168452848106,0.0771808098968657,0.993391944828136,-0.0206506119013457,0.0813029141595625,0.07833155384541,0.993396136751134,-0.0206465718792561,0.0812516792945584,0.0783326188083296,0.987976166139135,-0.0246049320950137,0.13168452848106,0.0771808098968657,0.967538091360324,-0.0329323212047139,0.239390395937442,0.0740117714948502,0.987976166139135,-0.0246049320950137,0.13168452848106,0.0771808098968657,0.987976166139135,-0.0246049320950137,0.13168452848106,0.0771808098968657,0.987967547475543,-0.0245879263354592,0.131724577162265,0.077228199416433,0.987967547475543,-0.0245879263354592,0.131724577162265,0.077228199416433,0.987974516848455,-0.024601653237876,0.131692199356707,0.0771898785114863,0.987976166139135,-0.0246049320950137,0.13168452848106,0.0771808098968657,0.987967547475543,-0.0245879263354592,0.131724577162265,0.077228199416433,0.987967547475543,-0.0245879263354592,0.131724577162265,0.077228199416433,0.987974516848455,-0.024601653237876,0.131692199356707,0.0771898785114863,0.997388094404799,-0.00612553410960925,0.0246214864353572,0.0676258040776563,0.968430631909746,-0.0294501473198452,0.0870176837354831,0.231738479150618,0.986205916238148,-0.0215946257901784,0.0151292209328129,0.163409514985587,0.986312108772345,-0.018353730770122,-0.0044075660183778,0.163805183122087,0.991893256291857,0.0412580477248354,-0.0194164461959743,0.118610890047212,0.978502929540519,0.054732856720504,0.0196270067750273,0.197866399069899,0.987821354088033,0.0209205342553252,-0.0415846496624283,0.148465553468178,0.987821354088033,0.0209205342553252,-0.0415846496624283,0.148465553468178
448,1218,0.988129169023782,-0.0249478422714142,0.130955140121587,0.0763485544467422,0.988129169023782,-0.0249478422714142,0.130955140121587,0.0763485544467422,0.99350768063275,-0.0210353762544577,0.0805666923959789,0.0775178014777246,0.993511834584536,-0.0210313782015995,0.0805154515628138,0.0775188862861678,0.988129169023782,-0.0249478422714142,0.130955140121587,0.0763485544467422,0.967770272299328,-0.033181756471814,0.238682222743084,0.0731468908262802,0.988129169023782,-0.0249478422714142,0.130955140121587,0.0763485544467422,0.988129169023782,-0.0249478422714142,0.130955140121587,0.0763485544467422,0.988121123650287,-0.0249298473715526,0.130993616715405,0.0763925394652002,0.988121123650287,-0.0249298473715526,0.130993616715405,0.0763925394652002,0.988127629324199,-0.0249443805525263,0.130962511619831,0.0763569682164933,0.988129169023782,-0.0249478422714142,0.130955140121587,0.0763485544467422,0.988121123650287,-0.0249298473715526,0.130993616715405,0.0763925394652002,0.988121123650287,-0.0249298473715526,0.130993616715405,0.0763925394652002,0.988127629324199,-0.0249443805525263,0.130962511619831,0.0763569682164933,0.997348135194128,-0.00698972473133226,0.0256458164529645,0.0677505208204094,0.968306636649646,-0.0306514505005558,0.0877333561866923,0.23183098199913,0.986197958964232,-0.0218930767445606,0.0152968103807962,0.163402223111,0.986306161715244,-0.0186033258901431,-0.0045345380782532,0.163809369673365,0.992044304574805,0.0413105338551611,-0.0191404892866836,0.117367709456902,0.978290248864873,0.0572441004277525,0.015979342199416,0.19853453746136,0.987403653164291,0.0232207609793575,-0.0456737674366591,0.149695453990752,0.987403653164291,0.0232207609793575,-0.0456737674366591,0.149695453990752
449,1219,0.98827386446141,-0.0252842193966631,0.130248560065075,0.0755697669242603,0.98827386446141,-0.0252842193966631,0.130248560065075,0.0755697669242603,0.993616278901487,-0.0214108986242517,0.0798536716655944,0.0767571159149928,0.993620396078678,-0.0214069398036863,0.0798024252323598,0.0767582200922284,0.98827386446141,-0.0252842193966631,0.130248560065075,0.0755697669242603,0.967991691167732,-0.0334305702077707,0.237995807540277,0.07233587214563,0.98827386446141,-0.0252842193966631,0.130248560065075,0.0755697669242603,0.98827386446141,-0.0252842193966631,0.130248560065075,0.0755697669242603,0.98826625983263,-0.0252665016206146,0.130285817178053,0.0756109080392988,0.98826625983263,-0.0252665016206146,0.130285817178053,0.0756109080392988,0.988272408304354,-0.0252808211659893,0.130255700398544,0.0755776394125247,0.98827386446141,-0.0252842193966631,0.130248560065075,0.0755697669242603,0.98826625983263,-0.0252665016206146,0.130285817178053,0.0756109080392988,0.98826625983263,-0.0252665016206146,0.130285817178053,0.0756109080392988,0.988272408304354,-0.0252808211659893,0.130255700398544,0.0755776394125247,0.997306945261673,-0.0078753206264435,0.026635717874419,0.0678776457397865,0.968182302780281,-0.0318794690761384,0.0884572219986304,0.231909568389883,0.986188512739854,-0.022196337433877,0.015505726063764,0.163398630360584,0.986299437583459,-0.0188525697704552,-0.00465076588955447,0.163818101601268,0.99220552192797,0.0411249243418717,-0.018962263473941,0.116092098858903,0.978143878863341,0.059416273211348,0.012565352556149,0.198862692918989,0.987083625593503,0.0251462588047371,-0.0492366869685603,0.150363993062411,0.987083625593503,0.0251462588047371,-0.0492366869685603,0.150363993062411
450,1220,0.988382772935049,-0.02562232967753,0.129606222170246,0.0751346628519473,0.988382772935049,-0.02562232967753,0.129606222170246,0.0751346628519473,0.993692401402254,-0.0217706850508755,0.0792066288604865,0.0763397577438874,0.993696485207741,-0.0217667477553177,0.0791553785020511,0.0763408804778685,0.988382772935049,-0.02562232967753,0.129606222170246,0.0751346628519473,0.96817048428106,-0.0337188509278816,0.237369315681278,0.07186626769273,0.988382772935049,-0.02562232967753,0.129606222170246,0.0751346628519473,0.988382772935049,-0.02562232967753,0.129606222170246,0.0751346628519473,0.988376966735576,-0.0256045387766117,0.129640204476634,0.0751584765936323,0.988376966735576,-0.0256045387766117,0.129640204476634,0.0751584765936323,0.988381672942607,-0.025618914686714,0.129612717432485,0.0751390928958736,0.988382772935049,-0.02562232967753,0.129606222170246,0.0751346628519473,0.988376966735576,-0.0256045387766117,0.129640204476634,0.0751584765936323,0.988376966735576,-0.0256045387766117,0.129640204476634,0.0751584765936323,0.988381672942607,-0.025618914686714,0.129612717432485,0.0751390928958736,0.99723088562267,-0.00862424719459209,0.0274941219573554,0.0685584158097702,0.968068033227194,-0.0333113554899622,0.0892308563020579,0.231888962485616,0.986140060241888,-0.0225742955036853,0.0158340388955101,0.163607658686544,0.98625461853758,-0.0191172873554359,-0.00497620487049104,0.164047536167265,0.992330257256625,0.0407466222800958,-0.0187706113879284,0.115186967378635,0.978040532648267,0.0609872962799288,0.00962118012079343,0.199059536527749,0.986804902317452,0.0247582242022935,-0.0517556457876033,0.15140828321364,0.986804902317452,0.0247582242022935,-0.0517556457876033,0.15140828321364
451,1221,0.988526715395294,-0.0258727753468977,0.128864047359224,0.0744284202696833,0.988526715395294,-0.0258727753468977,0.128864047359224,0.0744284202696833,0.993798438651555,-0.02205670009727,0.0784580976428765,0.0756471561184605,0.993802483850976,-0.0220527985226561,0.078406841816505,0.0756482936047521,0.988526715395294,-0.0258727753468977,0.128864047359224,0.0744284202696833,0.968395063845765,-0.0338902200880831,0.236647438336369,0.0711367923818113,0.988526715395294,-0.0258727753468977,0.128864047359224,0.0744284202696833,0.988526715395294,-0.0258727753468977,0.128864047359224,0.0744284202696833,0.988519256832899,-0.0258593642713133,0.12890285898679,0.0744649252671914,0.988519256832899,-0.0258593642713133,0.12890285898679,0.0744649252671914,0.988525270602792,-0.0258702368872236,0.128871534795618,0.0744355274213773,0.988526715395294,-0.0258727753468977,0.128864047359224,0.0744284202696833,0.988519256832899,-0.0258593642713133,0.12890285898679,0.0744649252671914,0.988519256832899,-0.0258593642713133,0.12890285898679,0.0744649252671914,0.988525270602792,-0.0258702368872236,0.128871534795618,0.0744355274213773,0.997187888787864,-0.00952119843126007,0.0284525235839163,0.0686739771452157,0.967947832845738,-0.0346271055661357,0.0899952616263903,0.231902585872063,0.986128316869796,-0.0229073757390797,0.0161953100914444,0.163596780944293,0.986247753432263,-0.0193584030616875,-0.00516858309675016,0.164054584908461,0.992455282381255,0.0400772581246406,-0.0187141341680943,0.114350806893054,0.978032694510426,0.0618880921235096,0.00745607296391618,0.198912843974304,0.986953090322533,0.0252482115779447,-0.0516145763435113,0.1504063190953,0.986953090322533,0.0252482115779447,-0.0516145763435113,0.1504063190953
452,1222,0.988669592588777,-0.0260610287591074,0.128115726469529,0.0737537802525661,0.988669592588777,-0.0260610287591074,0.128115726469529,0.0737537802525661,0.993903099651533,-0.0222789971355158,0.0777034824287079,0.0749829554509724,0.993907105931104,-0.022275129817135,0.0776522212053892,0.0749841044032441,0.988669592588777,-0.0260610287591074,0.128115726469529,0.0737537802525661,0.968619259567489,-0.0340032438666764,0.235919335098681,0.0704455586113856,0.988669592588777,-0.0260610287591074,0.128115726469529,0.0737537802525661,0.988669592588777,-0.0260610287591074,0.128115726469529,0.0737537802525661,0.9886621037083,-0.0260509462683927,0.128155086719703,0.0737893395922927,0.9886621037083,-0.0260509462683927,0.128155086719703,0.0737893395922927,0.988668154718956,-0.0260591209810732,0.128123285247481,0.0737605981246235,0.988669592588777,-0.0260610287591074,0.128115726469529,0.0737537802525661,0.9886621037083,-0.0260509462683927,0.128155086719703,0.0737893395922927,0.9886621037083,-0.0260509462683927,0.128155086719703,0.0737893395922927,0.988668154718956,-0.0260591209810732,0.128123285247481,0.0737605981246235,0.997143470260023,-0.0104588335517755,0.0294245422997738,0.0687728785858485,0.967828331760257,-0.0360335478545152,0.0907401982087834,0.231896787602168,0.986112944661854,-0.0232139680047639,0.0166379649798378,0.163601803722122,0.986238730257348,-0.0195593091326439,-0.0053598926030441,0.164078858839009,0.992561554412714,0.0391622683618552,-0.0187675282774193,0.113735031194996,0.97819603309071,0.0621156372308938,0.0060508103290844,0.198084719631173,0.987124995918813,0.0238700214147547,-0.0523969238642274,0.14922810351777,0.987124995918813,0.0238700214147547,-0.0523969238642274,0.14922810351777
453,1223,0.988806709729968,-0.0262192173517544,0.127375631775584,0.0731388533149574,0.988806709729968,-0.0262192173517544,0.127375631775584,0.0731388533149574,0.994002426118928,-0.0224682334377643,0.0769573755199546,0.074376862725928,0.994006393917477,-0.0224643973787102,0.076906109174809,0.0743780214389762,0.988806709729968,-0.0262192173517544,0.127375631775584,0.0731388533149574,0.968836826653842,-0.034092942546016,0.235198775712266,0.069816978531869,0.988806709729968,-0.0262192173517544,0.127375631775584,0.0731388533149574,0.988806709729968,-0.0262192173517544,0.127375631775584,0.0731388533149574,0.988799504788334,-0.0262108044685419,0.127414607796696,0.0731713795105164,0.988799504788334,-0.0262108044685419,0.127414607796696,0.0731713795105164,0.988805329027141,-0.0262176165163201,0.127383108935981,0.0731450711226351,0.988806709729968,-0.0262192173517544,0.127375631775584,0.0731388533149574,0.988799504788334,-0.0262108044685419,0.127414607796696,0.0731713795105164,0.988799504788334,-0.0262108044685419,0.127414607796696,0.0731713795105164,0.988805329027141,-0.0262176165163201,0.127383108935981,0.0731450711226351,0.997095215564314,-0.0114529982766991,0.0303961616263723,0.0688914601936333,0.967715262525297,-0.0374815587506741,0.091477731855494,0.231849364898398,0.986100736193589,-0.0235487950725649,0.0171285885046718,0.163576904803005,0.986233832524252,-0.019780206508702,-0.00555680215818828,0.164075266157865,0.992657733825709,0.0380804669644193,-0.0190099914919901,0.113221560381643,0.978500478786223,0.0615638144135735,0.00553827869901341,0.196763912440865,0.987502620868693,0.0230926850985509,-0.0522599166977329,0.146881594419276,0.987502620868693,0.0230926850985509,-0.0522599166977329,0.146881594419276
454,1224,0.988937770420751,-0.0263533168408677,0.126633516370153,0.072605381745763,0.988937770420751,-0.0263533168408677,0.126633516370153,0.072605381745763,0.994095601265012,-0.022629271999717,0.0762095583151523,0.073850895835636,0.994099530494338,-0.0226254630674915,0.0761582871654399,0.0738520628550396,0.988937770420751,-0.0263533168408677,0.126633516370153,0.072605381745763,0.969048595844606,-0.0341676434972012,0.234475542700375,0.0692720066463453,0.988937770420751,-0.0263533168408677,0.126633516370153,0.072605381745763,0.988937770420751,-0.0263533168408677,0.126633516370153,0.072605381745763,0.98893087991796,-0.0263461918281448,0.12667257386475,0.0726336833110114,0.98893087991796,-0.0263461918281448,0.12667257386475,0.0726336833110114,0.988936450359023,-0.0263519599534045,0.126641012854248,0.0726107789598742,0.988937770420751,-0.0263533168408677,0.126633516370153,0.072605381745763,0.98893087991796,-0.0263461918281448,0.12667257386475,0.0726336833110114,0.98893087991796,-0.0263461918281448,0.12667257386475,0.0726336833110114,0.988936450359023,-0.0263519599534045,0.126641012854248,0.0726107789598742,0.997044682475184,-0.0124432414466699,0.0313557860669401,0.0690208777862404,0.967602505200775,-0.0389418683473324,0.0922140028103907,0.231787619394328,0.986090993435309,-0.0238497007774496,0.0177237886291359,0.163528626714779,0.986233082085839,-0.0199391325034544,-0.00582132433998047,0.164051366886732,0.99275623940564,0.036756660935337,-0.0195482648105169,0.112702539194798,0.978936902052196,0.0602009783823234,0.00588195277297791,0.194996888779891,0.988010656066542,0.0214673922382425,-0.0513706103896876,0.143997065795252,0.988010656066542,0.0214673922382425,-0.0513706103896876,0.143997065795252
455,1225,0.989059483522177,-0.0264824698530276,0.125935795025099,0.072112359389529,0.989059483522177,-0.0264824698530276,0.125935795025099,0.072112359389529,0.994181697119645,-0.0227833147461089,0.0755065528683609,0.0733650744933913,0.994185590090948,-0.0227795308701916,0.0754552772791407,0.0733662494582836,0.989059483522177,-0.0264824698530276,0.125935795025099,0.072112359389529,0.969246198503663,-0.0342418701415663,0.233795408637461,0.0687677825398582,0.989059483522177,-0.0264824698530276,0.125935795025099,0.072112359389529,0.989059483522177,-0.0264824698530276,0.125935795025099,0.072112359389529,0.98905307330141,-0.0264756564852674,0.125972636513814,0.0721384270445954,0.98905307330141,-0.0264756564852674,0.125972636513814,0.0721384270445954,0.989058256998982,-0.0264811648558389,0.125942847689249,0.0721173438635636,0.989059483522177,-0.0264824698530276,0.125935795025099,0.072112359389529,0.98905307330141,-0.0264756564852674,0.125972636513814,0.0721384270445954,0.98905307330141,-0.0264756564852674,0.125972636513814,0.0721384270445954,0.989058256998982,-0.0264811648558389,0.125942847689249,0.0721173438635636,0.996985938911174,-0.0134530969315919,0.0323641665949628,0.0692142508228386,0.967485556247403,-0.040462085631496,0.0929472120993977,0.231722536327289,0.986084248478484,-0.0241954604444567,0.0183469516168748,0.163449759751655,0.986236444013843,-0.0201473800493941,-0.00603591169065622,0.163997949213209,0.992863579079757,0.0352631852116098,-0.0202450985230158,0.112109576270097,0.979503298068889,0.0582232370057662,0.0069302515179336,0.19270525514017,0.988672590319182,0.0191053038115992,-0.0492395159714428,0.140488314762207,0.988672590319182,0.0191053038115992,-0.0492395159714428,0.140488314762207
456,1226,0.989168484651,-0.0266381728330897,0.125287365207277,0.0716881638820293,0.989168484651,-0.0266381728330897,0.125287365207277,0.0716881638820293,0.994257602548978,-0.0229603751959996,0.0748534213038784,0.0729493403912686,0.994261461834547,-0.0229566127615706,0.0748021418006609,0.0729505244887077,0.989168484651,-0.0266381728330897,0.125287365207277,0.0716881638820293,0.96942575274435,-0.0343500449215404,0.233162871880128,0.0683290531659147,0.989168484651,-0.0266381728330897,0.125287365207277,0.0716881638820293,0.989168484651,-0.0266381728330897,0.125287365207277,0.0716881638820293,0.989162730811206,-0.0266300474652294,0.125321630895463,0.0717106782551804,0.989162730811206,-0.0266300474652294,0.125321630895463,0.0717106782551804,0.989167385560215,-0.0266366028389416,0.125293920436325,0.0716924559131989,0.989168484651,-0.0266381728330897,0.125287365207277,0.0716881638820293,0.989162730811206,-0.0266300474652294,0.125321630895463,0.0717106782551804,0.989162730811206,-0.0266300474652294,0.125321630895463,0.0717106782551804,0.989167385560215,-0.0266366028389416,0.125293920436325,0.0716924559131989,0.996921461086755,-0.0144391391822331,0.0333898976782208,0.0694566513543818,0.967355386905527,-0.0419945575048053,0.0936852960782347,0.231696089443837,0.986074356988047,-0.0245872633935083,0.0190055076462906,0.163375700912149,0.986237643744293,-0.0203945727043221,-0.00625754680263216,0.163951866637516,0.992976133415704,0.0336445683506033,-0.0210166311258285,0.111466329909176,0.98019232254939,0.0557224448545772,0.00865406129936878,0.189850275685045,0.98940380865741,0.016379052686687,-0.0468405806977323,0.136447022859413,0.98940380865741,0.016379052686687,-0.0468405806977323,0.136447022859413
457,1227,0.989268015552153,-0.0268491472512872,0.12469010386936,0.071276186026135,0.989268015552153,-0.0268491472512872,0.12469010386936,0.071276186026135,0.994326650500105,-0.0231920147249418,0.0742518733951463,0.072548617185661,0.994330478760406,-0.0231882729577329,0.0742005903315414,0.072549813230574,0.989268015552153,-0.0268491472512872,0.12469010386936,0.071276186026135,0.969590274570458,-0.0345144985900916,0.232580154045504,0.0678963974716484,0.989268015552153,-0.0268491472512872,0.12469010386936,0.071276186026135,0.989268015552153,-0.0268491472512872,0.12469010386936,0.071276186026135,0.98926276650882,-0.0268381926731856,0.124721682139189,0.071297911734662,0.98926276650882,-0.0268381926731856,0.124721682139189,0.071297911734662,0.989267012156847,-0.0268470218857887,0.124696142401744,0.0712803489347,0.989268015552153,-0.0268491472512872,0.12469010386936,0.071276186026135,0.98926276650882,-0.0268381926731856,0.124721682139189,0.071297911734662,0.98926276650882,-0.0268381926731856,0.124721682139189,0.071297911734662,0.989267012156847,-0.0268470218857887,0.124696142401744,0.0712803489347,0.996852231075401,-0.0154259579691544,0.0344726684917127,0.0697087107023938,0.96720246179023,-0.0435404034646542,0.0944240058210084,0.231749300533506,0.986068907291909,-0.0249731115909547,0.0197034568458541,0.163267349944593,0.986244480444286,-0.020630795717155,-0.00647618195510647,0.163872676577096,0.993094060372918,0.0319762750964507,-0.0218281014037403,0.110748539819249,0.98098642640293,0.052866781185418,0.0108641693447085,0.186420772675019,0.990154809443787,0.0142894281057707,-0.0449289813099056,0.131797770156415,0.990154809443787,0.0142894281057707,-0.0449289813099056,0.131797770156415
458,1228,0.989352312296151,-0.0271408305870188,0.124199940285604,0.0708502103197843,0.989352312296151,-0.0271408305870188,0.124199940285604,0.0708502103197843,0.994385926958925,-0.0235049702773766,0.0737580590764817,0.0721380160495877,0.994389729750391,-0.0235012496867396,0.0737067729563164,0.0721392282359082,0.989352312296151,-0.0271408305870188,0.124199940285604,0.0708502103197843,0.969727892602608,-0.0347576356972896,0.232102213089825,0.0674409649103972,0.989352312296151,-0.0271408305870188,0.124199940285604,0.0708502103197843,0.989352312296151,-0.0271408305870188,0.124199940285604,0.0708502103197843,0.989347848452804,-0.0271256990587629,0.124226029068787,0.0708725963555944,0.989347848452804,-0.0271256990587629,0.124226029068787,0.0708725963555944,0.989351461864957,-0.0271378925702597,0.124204902629863,0.070854511890374,0.989352312296151,-0.0271408305870188,0.124199940285604,0.0708502103197843,0.989347848452804,-0.0271256990587629,0.124226029068787,0.0708725963555944,0.989347848452804,-0.0271256990587629,0.124226029068787,0.0708725963555944,0.989351461864957,-0.0271378925702597,0.124204902629863,0.070854511890374,0.996781406017793,-0.0164182143093668,0.0356058935125543,0.069924896876983,0.967056519385726,-0.0451186447046278,0.0951776362142791,0.23174816887787,0.986060055825627,-0.0254120760321391,0.0204546629097288,0.163160655374234,0.98624909473541,-0.0209023679207775,-0.0067490786905446,0.163799463020234,0.993222588528167,0.0302535165534039,-0.0226647235624321,0.109908710662075,0.981788236593515,0.0501266187479053,0.0128401240378711,0.182795819958199,0.990701134591042,0.013248417027843,-0.04635992080419,0.127226173051416,0.990701134591042,0.013248417027843,-0.04635992080419,0.127226173051416
459,1229,0.989442351297217,-0.0274488402213728,0.123703475463065,0.0703409183071621,0.989442351297217,-0.0274488402213728,0.123703475463065,0.0703409183071621,0.994450618009262,-0.0238384653746146,0.0732576598261445,0.0716450360204851,0.994454394992265,-0.0238347702092605,0.0732063703701669,0.0716462654076614,0.989442351297217,-0.0274488402213728,0.123703475463065,0.0703409183071621,0.969871910178194,-0.03500785031002,0.23161863964178,0.0669009270075127,0.989442351297217,-0.0274488402213728,0.123703475463065,0.0703409183071621,0.989442351297217,-0.0274488402213728,0.123703475463065,0.0703409183071621,0.989437641877703,-0.0274326835976347,0.12372960511203,0.0703675033303286,0.989437641877703,-0.0274326835976347,0.12372960511203,0.0703675033303286,0.989441445440168,-0.0274457308288022,0.123708490114994,0.0703460544594559,0.989442351297217,-0.0274488402213728,0.123703475463065,0.0703409183071621,0.989437641877703,-0.0274326835976347,0.12372960511203,0.0703675033303286,0.989437641877703,-0.0274326835976347,0.12372960511203,0.0703675033303286,0.989441445440168,-0.0274457308288022,0.123708490114994,0.0703460544594559,0.996709883943926,-0.0174153794882923,0.0367845180850343,0.0700928743526452,0.96692591527423,-0.0467480247182433,0.0959190715863128,0.231664473456882,0.98604601793205,-0.0259092432730716,0.0213004413422078,0.16305904707189,0.986250652485778,-0.0212070051069555,-0.00707875359091548,0.163736998425431,0.993364002222501,0.0283967827445449,-0.0234192908580558,0.108963840947171,0.982509379638718,0.0479686471090742,0.0140654090107716,0.179378070247807,0.991375763150874,0.011498306796224,-0.0444962517370409,0.122727212789982,0.991375763150874,0.011498306796224,-0.0444962517370409,0.122727212789982
460,1230,0.989548100159048,-0.0276637120770394,0.123138226624146,0.0697585381842072,0.989548100159048,-0.0276637120770394,0.123138226624146,0.0697585381842072,0.994527502841473,-0.0240826575770021,0.0726877670342497,0.0710743288361395,0.994531250431827,-0.0240789918458722,0.0726364736136509,0.0710755708184271,0.989548100159048,-0.0276637120770394,0.123138226624146,0.0697585381842072,0.970039096648227,-0.0351574637705108,0.231068423542492,0.066298471752402,0.989548100159048,-0.0276637120770394,0.123138226624146,0.0697585381842072,0.989548100159048,-0.0276637120770394,0.123138226624146,0.0697585381842072,0.989542595719994,-0.0276521611680653,0.123167797851504,0.0697889877479461,0.989542595719994,-0.0276521611680653,0.123167797851504,0.0697889877479461,0.989547037183871,-0.0276615323641545,0.123143929704261,0.069764413599493,0.989548100159048,-0.0276637120770394,0.123138226624146,0.0697585381842072,0.989542595719994,-0.0276521611680653,0.123167797851504,0.0697889877479461,0.989542595719994,-0.0276521611680653,0.123167797851504,0.0697889877479461,0.989547037183871,-0.0276615323641545,0.123143929704261,0.069764413599493,0.996640792656184,-0.018391328287419,0.0379992614508878,0.0701779565580514,0.966781591924121,-0.0484400536091089,0.0966257982758567,0.231625494776723,0.986037280360426,-0.0264002726602702,0.0222178950251893,0.162910627288484,0.986259949006126,-0.0214999276136346,-0.00738011560685107,0.163629459427917,0.993513180076121,0.0265382316062666,-0.0238189062313483,0.107981215885853,0.983189157783634,0.0464014973797896,0.0146095157493772,0.175990179007782,0.992080933636064,0.00921720579682281,-0.0407713380085814,0.118440543016683,0.992080933636064,0.00921720579682281,-0.0407713380085814,0.118440543016683
461,1231,0.989657139156488,-0.0278354079675532,0.122554498552793,0.0691688648479186,0.989657139156488,-0.0278354079675532,0.122554498552793,0.0691688648479186,0.994606734396292,-0.0242841002699868,0.0720992516776363,0.0704941435521206,0.994610451633525,-0.0242804644619763,0.0720479541714075,0.0704953959247018,0.989657139156488,-0.0278354079675532,0.122554498552793,0.0691688648479186,0.970211582795241,-0.0352633614680419,0.230500201320701,0.0656935091089217,0.989657139156488,-0.0278354079675532,0.122554498552793,0.0691688648479186,0.989657139156488,-0.0278354079675532,0.122554498552793,0.0691688648479186,0.989651430961033,-0.027826246160106,0.122585165871884,0.0691998723234272,0.989651430961033,-0.027826246160106,0.122585165871884,0.0691998723234272,0.989656041783601,-0.0278336693138795,0.122560393316663,0.0691748205910667,0.989657139156488,-0.0278354079675532,0.122554498552793,0.0691688648479186,0.989651430961033,-0.027826246160106,0.122585165871884,0.0691998723234272,0.989651430961033,-0.027826246160106,0.122585165871884,0.0691998723234272,0.989656041783601,-0.0278336693138795,0.122560393316663,0.0691748205910667,0.996572225978489,-0.0193997530312477,0.0392394720939264,0.0701976624995203,0.966621331553125,-0.0501419395420814,0.0973202085638157,0.231641456329641,0.986029438168444,-0.0269322273430715,0.0232586215557532,0.162725654765592,0.986273034412543,-0.0217985600557661,-0.00777933172739893,0.163492526948618,0.993679267700605,0.0249093142731948,-0.0237453757352973,0.10685128045849,0.983891996609677,0.0451065722404599,0.0149568276163073,0.172331742449832,0.992635282799392,0.00692761323188539,-0.0382362306215757,0.114739680078581,0.992635282799392,0.00692761323188539,-0.0382362306215757,0.114739680078581
462,1232,0.989759716138393,-0.0280504019224893,0.122029594766056,0.0685394577077143,0.989759716138393,-0.0280504019224893,0.122029594766056,0.0685394577077143,0.994682501884817,-0.0245308044453814,0.0715698130029727,0.0698764763288991,0.994686191815848,-0.0245272004935826,0.0715185115896966,0.0698777414262106,0.989759716138393,-0.0280504019224893,0.122029594766056,0.0685394577077143,0.970371185761002,-0.0354079316459801,0.229989737888252,0.0650442978856283,0.989759716138393,-0.0280504019224893,0.122029594766056,0.0685394577077143,0.989759716138393,-0.0280504019224893,0.122029594766056,0.0685394577077143,0.98975432084357,-0.0280391946703402,0.122057375663281,0.0685724797562124,0.98975432084357,-0.0280391946703402,0.122057375663281,0.0685724797562124,0.989758683035662,-0.0280482346993214,0.12203490320112,0.068545811589465,0.989759716138393,-0.0280504019224893,0.122029594766056,0.0685394577077143,0.98975432084357,-0.0280391946703402,0.122057375663281,0.0685724797562124,0.98975432084357,-0.0280391946703402,0.122057375663281,0.0685724797562124,0.989758683035662,-0.0280482346993214,0.12203490320112,0.068545811589465,0.996507199353958,-0.0204488548543924,0.0404226289626033,0.070151671673788,0.966475471701214,-0.0518588646978216,0.0980649064009395,0.231557973053715,0.986016810418452,-0.0275914221715593,0.0243227924280583,0.162536041428589,0.986283430388515,-0.0222327076438605,-0.00810824274049922,0.163355312284443,0.993859990929436,0.0233482916652049,-0.0233975892600868,0.10559227492044,0.98454821146963,0.0437859356079279,0.0154287291231025,0.168847758209984,0.993098196150747,0.00485978119181183,-0.0356693398783459,0.111624609838266,0.993098196150747,0.00485978119181183,-0.0356693398783459,0.111624609838266
463,1233,0.989843225523051,-0.0284058602743685,0.121692445665052,0.0677823329212995,0.989843225523051,-0.0284058602743685,0.121692445665052,0.0677823329212995,0.994748768583416,-0.0249242824283122,0.0712288554421373,0.0691383952635188,0.994752440929278,-0.0249207165429425,0.0711775506115719,0.0691396806556636,0.989843225523051,-0.0284058602743685,0.121692445665052,0.0677823329212995,0.970491216702657,-0.0356780902539283,0.229663799386876,0.0642527153512859,0.989843225523051,-0.0284058602743685,0.121692445665052,0.0677823329212995,0.989843225523051,-0.0284058602743685,0.121692445665052,0.0677823329212995,0.989838801442873,-0.028387527598501,0.121710694768447,0.0678218417175674,0.989838801442873,-0.028387527598501,0.121710694768447,0.0678218417175674,0.989842384190409,-0.0284022841355598,0.121695870744007,0.0677899679892791,0.989843225523051,-0.0284058602743685,0.121692445665052,0.0677823329212995,0.989838801442873,-0.028387527598501,0.121710694768447,0.0678218417175674,0.989838801442873,-0.028387527598501,0.121710694768447,0.0678218417175674,0.989842384190409,-0.0284022841355598,0.121695870744007,0.0677899679892791,0.996448051932863,-0.0215245666552888,0.0416075862434872,0.0699770076274666,0.966368953167051,-0.0536193602121284,0.0987935411283153,0.231291692018084,0.986002034093339,-0.0282465774824824,0.0254499073553639,0.162340450411873,0.98629646321939,-0.0226947502436723,-0.00818508775261958,0.163209188744938,0.994055179383321,0.0214797184047153,-0.022781333808046,0.104278151443024,0.985075794133363,0.0422417498622476,0.016036056509062,0.166084795429135,0.993459850740257,0.00274087078125374,-0.0328068443835018,0.109333085368083,0.993459850740257,0.00274087078125374,-0.0328068443835018,0.109333085368083
464,1234,0.98991976219238,-0.0288307700044391,0.121476729091907,0.0668659510592958,0.98991976219238,-0.0288307700044391,0.121476729091907,0.0668659510592958,0.994814243084601,-0.0253952158833827,0.0710095278529563,0.0682447926244149,0.99481790411843,-0.0253916960854531,0.0709582196457978,0.0682461023064101,0.98991976219238,-0.0288307700044391,0.121476729091907,0.0668659510592958,0.970590981033761,-0.0359997900672069,0.229457793125028,0.063295211708549,0.98991976219238,-0.0288307700044391,0.121476729091907,0.0668659510592958,0.98991976219238,-0.0288307700044391,0.121476729091907,0.0668659510592958,0.989915741696439,-0.0288086086819782,0.121488430757833,0.0669137474619147,0.989915741696439,-0.0288086086819782,0.121488430757833,0.0669137474619147,0.98991899376028,-0.0288264853007298,0.121478921165107,0.0668751915915209,0.98991976219238,-0.0288307700044391,0.121476729091907,0.0668659510592958,0.989915741696439,-0.0288086086819782,0.121488430757833,0.0669137474619147,0.989915741696439,-0.0288086086819782,0.121488430757833,0.0669137474619147,0.98991899376028,-0.0288264853007298,0.121478921165107,0.0668751915915209,0.996394838467028,-0.0225571519052222,0.0427771210625459,0.0697037924921626,0.966285846731799,-0.055429863537612,0.0995156587198516,0.230902200733483,0.985983386529345,-0.0289627220396913,0.0266803924680564,0.162129821063027,0.986306946839164,-0.0231482933885837,-0.00858419891018643,0.163061567081497,0.994261454135711,0.0192976649297959,-0.0217743973597952,0.102944822928674,0.985461665849722,0.040548402096308,0.0166766880395482,0.164143291986477,0.993725003546303,0.0010962982808063,-0.0294610648382345,0.107895602855622,0.993725003546303,0.0010962982808063,-0.0294610648382345,0.107895602855622
465,1235,0.990008026912803,-0.0292227417810785,0.121266801551152,0.0657609371326816,0.990008026912803,-0.0292227417810785,0.121266801551152,0.0657609371326816,0.994891724693942,-0.0258428407075989,0.070795385765891,0.0671611276999855,0.994895374683168,-0.0258393767997113,0.070744073562859,0.067162460469928,0.990008026912803,-0.0292227417810785,0.121266801551152,0.0657609371326816,0.970701766706683,-0.0362680350433112,0.22925882888725,0.0621538343456721,0.990008026912803,-0.0292227417810785,0.121266801551152,0.0657609371326816,0.990008026912803,-0.0292227417810785,0.121266801551152,0.0657609371326816,0.990003449286251,-0.0292020362021536,0.121277887501861,0.065818580097572,0.990003449286251,-0.0292020362021536,0.121277887501861,0.065818580097572,0.990007143694217,-0.0292187794252803,0.1212689236191,0.0657720801524541,0.990008026912803,-0.0292227417810785,0.121266801551152,0.0657609371326816,0.990003449286251,-0.0292020362021536,0.121277887501861,0.065818580097572,0.990003449286251,-0.0292020362021536,0.121277887501861,0.065818580097572,0.990007143694217,-0.0292187794252803,0.1212689236191,0.0657720801524541,0.996344311377693,-0.0235835544908081,0.043936953839243,0.0693640629592766,0.96622086171327,-0.057316300556847,0.100228269109802,0.230404822327566,0.985967469624838,-0.029695274098871,0.0280199802812396,0.161867909861182,0.986324582230618,-0.0236019036257225,-0.008988266849759,0.162867982402549,0.994472600028722,0.0170143545284744,-0.0202013672341572,0.101620196289732,0.985757343714704,0.038839615648585,0.0173110294831452,0.162709163316128,0.993836109342669,-0.000618436394470743,-0.0263279923974388,0.107685849206732,0.993836109342669,-0.000618436394470743,-0.0263279923974388,0.107685849206732
466,1236,0.990115086961916,-0.0294827966033142,0.12104073840958,0.0644361615873321,0.990115086961916,-0.0294827966033142,0.12104073840958,0.0644361615873321,0.994987157290888,-0.0261698878928693,0.0705641737040656,0.0658512808025465,0.994990795355092,-0.0261664915406485,0.0705128565793504,0.0658526304418764,0.990115086961916,-0.0294827966033142,0.12104073840958,0.0644361615873321,0.970833006076998,-0.036381026150459,0.229045890807583,0.0608085121664787,0.990115086961916,-0.0294827966033142,0.12104073840958,0.0644361615873321,0.990115086961916,-0.0294827966033142,0.12104073840958,0.0644361615873321,0.990109553484934,-0.0294687600199247,0.121052601786177,0.0645052856869135,0.990109553484934,-0.0294687600199247,0.121052601786177,0.0645052856869135,0.990114016929657,-0.0294801567106177,0.12104302141164,0.0644495213890503,0.990115086961916,-0.0294827966033142,0.12104073840958,0.0644361615873321,0.990109553484934,-0.0294687600199247,0.121052601786177,0.0645052856869135,0.990109553484934,-0.0294687600199247,0.121052601786177,0.0645052856869135,0.990114016929657,-0.0294801567106177,0.12104302141164,0.0644495213890503,0.996295095551846,-0.0245942055798883,0.0451285849162209,0.0689537414118492,0.966167877323318,-0.0592629409097814,0.100922625911243,0.229830720841356,0.985949722598636,-0.0304583231676947,0.0295278999787588,0.161565894236166,0.986346275724155,-0.0240469449370962,-0.00947505855233209,0.162643758164007,0.994681651180224,0.0147691787731033,-0.0180811404653689,0.100316282443199,0.986011268976311,0.0369566830537565,0.0180942520234947,0.161519593465001,0.993863578476706,-0.00247155031590412,-0.0224754161763724,0.108277118931989,0.993863578476706,-0.00247155031590412,-0.0224754161763724,0.108277118931989
467,1237,0.990233779662116,-0.0296005401126197,0.1208502087241,0.0628975094297245,0.990233779662116,-0.0296005401126197,0.1208502087241,0.0628975094297245,0.995096013405838,-0.02636567742243,0.0703678579778279,0.0643206010658906,0.995099641344802,-0.0263623600156304,0.0703165352390576,0.0643219608052132,0.990233779662116,-0.0296005401126197,0.1208502087241,0.0628975094297245,0.970971905347406,-0.0363290782122752,0.228869548779665,0.0592662361186154,0.990233779662116,-0.0296005401126197,0.1208502087241,0.0628975094297245,0.990233779662116,-0.0296005401126197,0.1208502087241,0.0628975094297245,0.990227630878117,-0.0295939529741775,0.120860336012677,0.0629779022497349,0.990227630878117,-0.0295939529741775,0.120860336012677,0.0629779022497349,0.990232594164694,-0.0295993366407108,0.120852138332189,0.0629130303262151,0.990233779662116,-0.0296005401126197,0.1208502087241,0.0628975094297245,0.990227630878117,-0.0295939529741775,0.120860336012677,0.0629779022497349,0.990227630878117,-0.0295939529741775,0.120860336012677,0.0629779022497349,0.990232594164694,-0.0295993366407108,0.120852138332189,0.0629130303262151,0.996244445508271,-0.0256077060905877,0.0463189580316139,0.0685259389542478,0.966121598854221,-0.0612749640764437,0.101605187957401,0.229196031346393,0.985927114524381,-0.031294506212797,0.0312305462326172,0.161223545763451,0.986370950980043,-0.024529663647792,-0.00999846163584063,0.162390496732316,0.994884791102142,0.0127480627445164,-0.0156944597084302,0.0989718306608961,0.986231757528551,0.0346371109491885,0.0194006676189112,0.160532878511476,0.993726316852622,-0.00218282638499875,-0.0231799734909695,0.109388899310927,0.993726316852622,-0.00218282638499875,-0.0231799734909695,0.109388899310927
468,1238,0.99036352578309,-0.0295130048022213,0.120697315485917,0.0611655734913357,0.99036352578309,-0.0295130048022213,0.120697315485917,0.0611655734913357,0.995217821436331,-0.0263662765827811,0.0702085682986355,0.0625864545420191,0.995221441159676,-0.026363048615578,0.0701572392777583,0.0625878143145501,0.99036352578309,-0.0295130048022213,0.120697315485917,0.0611655734913357,0.971117657834672,-0.0360518661660428,0.228731829461319,0.0575543897450548,0.99036352578309,-0.0295130048022213,0.120697315485917,0.0611655734913357,0.99036352578309,-0.0295130048022213,0.120697315485917,0.0611655734913357,0.990356809503707,-0.0295170545514726,0.120705476080006,0.0612561948258563,0.990356809503707,-0.0295170545514726,0.120705476080006,0.0612561948258563,0.990362231674012,-0.0295138685742471,0.120698865568579,0.0611830490079622,0.99036352578309,-0.0295130048022213,0.120697315485917,0.0611655734913357,0.990356809503707,-0.0295170545514726,0.120705476080006,0.0612561948258563,0.990356809503707,-0.0295170545514726,0.120705476080006,0.0612561948258563,0.990362231674012,-0.0295138685742471,0.120698865568579,0.0611830490079622,0.996189380318604,-0.0266380471666973,0.047530331203386,0.0681028677757187,0.96603930500172,-0.063383346345575,0.102245829930721,0.228684067787001,0.985895247588249,-0.0322479230975191,0.0331866479493499,0.160839294442277,0.98642767373239,-0.0256436327322869,-0.0071580244560722,0.162023489905274,0.995071750546173,0.0109740243431476,-0.0134763435646365,0.0976225907196665,0.986407220856735,0.0320170910291356,0.0211438808808387,0.159776834444239,0.993487454374301,-0.00434732478871699,-0.0260506632253107,0.110838358493695,0.993487454374301,-0.00434732478871699,-0.0260506632253107,0.110838358493695
469,1239,0.990499460292878,-0.0290885289911885,0.120519858053916,0.0594948775552198,0.990499460292878,-0.0290885289911885,0.120519858053916,0.0594948775552198,0.995344561444154,-0.0260272582992251,0.0700244316604009,0.0608963447146644,0.995348171670379,-0.0260241175008524,0.0699730961030803,0.0608976870043817,0.990499460292878,-0.0290885289911885,0.120519858053916,0.0594948775552198,0.971272258989173,-0.0354464772689315,0.228570374160537,0.0559404167253421,0.990499460292878,-0.0290885289911885,0.120519858053916,0.0594948775552198,0.990499460292878,-0.0290885289911885,0.120519858053916,0.0594948775552198,0.990492406336774,-0.0291099575890184,0.120529148522553,0.0595829481880514,0.990492406336774,-0.0291099575890184,0.120529148522553,0.0595829481880514,0.990498103115541,-0.0290927828329339,0.12052164996845,0.0595117601859807,0.990499460292878,-0.0290885289911885,0.120519858053916,0.0594948775552198,0.990492406336774,-0.0291099575890184,0.120529148522553,0.0595829481880514,0.990492406336774,-0.0291099575890184,0.120529148522553,0.0595829481880514,0.990498103115541,-0.0290927828329339,0.12052164996845,0.0595117601859807,0.996094215436652,-0.0274524317981348,0.0485754020405148,0.0684332395741459,0.965909278296728,-0.0656674990820145,0.102927908715751,0.22828248130772,0.985836989061537,-0.0333666434099431,0.0355985777189066,0.160451984624773,0.986444182648191,-0.0261865302954648,-0.00834878776042587,0.161778978527988,0.995196567591437,0.00970422838071851,-0.0119091683901173,0.096683977545475,0.986510151565998,0.0294435056631508,0.0228766934960663,0.159397169755877,0.993737020837756,-0.0021196415768021,-0.0221484080129605,0.109506568563619,0.993737020837756,-0.0021196415768021,-0.0221484080129605,0.109506568563619
470,1240,0.990614389670318,-0.0284692420089528,0.120369073642592,0.0581714650663283,0.990614389670318,-0.0284692420089528,0.120369073642592,0.0581714650663283,0.995451679054676,-0.0254760307788497,0.0698680011070771,0.05954316874573,0.995455281212764,-0.0254729597720335,0.0698166600253126,0.0595444826073729,0.990614389670318,-0.0284692420089528,0.120369073642592,0.0581714650663283,0.971403052759371,-0.0346855952541844,0.228433123695421,0.0546930212220012,0.990614389670318,-0.0284692420089528,0.120369073642592,0.0581714650663283,0.990614389670318,-0.0284692420089528,0.120369073642592,0.0581714650663283,0.990608347985047,-0.0285012794529968,0.12037708437468,0.0582420426266855,0.990608347985047,-0.0285012794529968,0.12037708437468,0.0582420426266855,0.990613237699994,-0.0284754777326314,0.120370600730341,0.0581848686623092,0.990614389670318,-0.0284692420089528,0.120369073642592,0.0581714650663283,0.990608347985047,-0.0285012794529968,0.12037708437468,0.0582420426266855,0.990608347985047,-0.0285012794529968,0.12037708437468,0.0582420426266855,0.990613237699994,-0.0284754777326314,0.120370600730341,0.0581848686623092,0.996031750329863,-0.028319192628185,0.0496953267510051,0.0681846768917166,0.965728752413212,-0.067790517387609,0.103591670585108,0.228125378465721,0.985786732246824,-0.0344904051495908,0.0381895668783869,0.159926506434633,0.986481860132236,-0.0267447253142499,-0.00935222552518606,0.161402587264377,0.995292787966292,0.00907715558439525,-0.0114612703359298,0.0958045445220082,0.986549060459782,0.0270285519679629,0.0244571883665909,0.159349473239288,0.993644271719825,-0.00366401544819519,-0.0229374370591633,0.110143135284648,0.993644271719825,-0.00366401544819519,-0.0229374370591633,0.110143135284648
471,1241,0.990670795124657,-0.0278578948268211,0.12043892655448,0.0573565894497048,0.990670795124657,-0.0278578948268211,0.12043892655448,0.0573565894497048,0.995511561717301,-0.0249068876726003,0.0699348970807628,0.0586982759878745,0.995515167325507,-0.0249038602423676,0.0698835529104268,0.0586995604967604,0.990670795124657,-0.0278578948268211,0.12043892655448,0.0573565894497048,0.971451445577653,-0.0339884540055202,0.228508748689418,0.0539502145667545,0.990670795124657,-0.0278578948268211,0.12043892655448,0.0573565894497048,0.990670795124657,-0.0278578948268211,0.12043892655448,0.0573565894497048,0.990667701135174,-0.0278900648622964,0.120435837893671,0.0574008637598494,0.990667701135174,-0.0278900648622964,0.120435837893671,0.0574008637598494,0.990670224824055,-0.0278640708052851,0.120438243937262,0.057364872548648,0.990670795124657,-0.0278578948268211,0.12043892655448,0.0573565894497048,0.990667701135174,-0.0278900648622964,0.120435837893671,0.0574008637598494,0.990667701135174,-0.0278900648622964,0.120435837893671,0.0574008637598494,0.990670224824055,-0.0278640708052851,0.120438243937262,0.057364872548648,0.99596882558155,-0.0292026455566001,0.0506841455120499,0.0680030981347005,0.965526462430969,-0.06992363443002,0.104384813530465,0.227976196998385,0.985723337822909,-0.0357181716168668,0.0410053067277033,0.159349547560635,0.986521017959065,-0.0273681907531035,-0.0104026455086363,0.16099393847699,0.995364515745232,0.00864913719789937,-0.0122101047821581,0.0950030871193172,0.986608136130547,0.0246935026600414,0.025919013678075,0.159131459420638,0.993631623451353,-0.00465167628491361,-0.0230917879787716,0.110187694926037,0.993631623451353,-0.00465167628491361,-0.0230917879787716,0.110187694926037
472,1242,0.990664171911009,-0.027438985606131,0.120782227061965,0.0569495758257546,0.990664171911009,-0.027438985606131,0.120782227061965,0.0569495758257546,0.995522394459747,-0.0245092052660569,0.070278090549654,0.0582704983250797,0.995526017768337,-0.0245061998992305,0.0702267458201567,0.0582717623238373,0.990664171911009,-0.027438985606131,0.120782227061965,0.0569495758257546,0.971407160170466,-0.0335273792796229,0.228849245250501,0.0535916687225463,0.990664171911009,-0.027438985606131,0.120782227061965,0.0569495758257546,0.990664171911009,-0.027438985606131,0.120782227061965,0.0569495758257546,0.990664360774721,-0.0274615399144346,0.120764909114149,0.0569721409374094,0.990664360774721,-0.0274615399144346,0.120764909114149,0.0569721409374094,0.990664234752427,-0.0274432365225012,0.120778787512362,0.0569537289262343,0.990664171911009,-0.027438985606131,0.120782227061965,0.0569495758257546,0.990664360774721,-0.0274615399144346,0.120764909114149,0.0569721409374094,0.990664360774721,-0.0274615399144346,0.120764909114149,0.0569721409374094,0.990664234752427,-0.0274432365225012,0.120778787512362,0.0569537289262343,0.995906642327183,-0.0300572221862018,0.0515016261247396,0.0679272086100576,0.965323696882447,-0.0721045330516183,0.105248485445694,0.227758321169616,0.985635834817821,-0.036991281485392,0.044029112835926,0.158792579927173,0.986583935891493,-0.0285205141031119,-0.00828849171998771,0.160530428957109,0.995419846880129,0.00813583962224668,-0.0134799071612057,0.0942943723331777,0.986728046033308,0.0223482219032551,0.0273233416450845,0.158498438952563,0.993656521728335,-0.00561597526666327,-0.0228878672249447,0.109960552847123,0.993656521728335,-0.00561597526666327,-0.0228878672249447,0.109960552847123
473,1243,0.990620297845783,-0.0272599474729366,0.121254272342944,0.0567954417034373,0.990620297845783,-0.0272599474729366,0.121254272342944,0.0567954417034373,0.995502567623694,-0.0243382319882347,0.0707517555974106,0.0581074642210678,0.995506215361857,-0.0243352350302126,0.0707004118898636,0.0581087194019978,0.990620297845783,-0.0272599474729366,0.121254272342944,0.0567954417034372,0.971311710111734,-0.0333324966615745,0.229313616833591,0.053458129417535,0.990620297845783,-0.0272599474729366,0.121254272342944,0.0567954417034372,0.990620297845783,-0.0272599474729366,0.121254272342944,0.0567954417034372,0.990622508362957,-0.0272700272983614,0.12122980508241,0.0568042770881769,0.990622508362957,-0.0272700272983614,0.12122980508241,0.0568042770881769,0.990620738620557,-0.0272617804022016,0.12124951766647,0.0567970246563334,0.990620297845783,-0.0272599474729366,0.121254272342944,0.0567954417034372,0.990622508362957,-0.0272700272983614,0.12122980508241,0.0568042770881769,0.990622508362957,-0.0272700272983614,0.12122980508241,0.0568042770881769,0.990620738620557,-0.0272617804022016,0.12124951766647,0.0567970246563334,0.995849236938514,-0.0309326376451318,0.0521303424694121,0.0678962194184299,0.965135656767106,-0.0743746952585911,0.106192224053223,0.22738685162636,0.985533046418742,-0.0382342053512008,0.0472993395247688,0.158194603063054,0.986652593387581,-0.0297296532377416,-0.00541045880171225,0.160011045292126,0.995473814440585,0.00767941882617263,-0.0143509345511459,0.0936320563007855,0.986867063014404,0.0200238441762478,0.0286128378288632,0.157714143668569,0.993651881425987,-0.00665105446182673,-0.02310117022982,0.109900127148045,0.993651881425987,-0.00665105446182673,-0.02310117022982,0.109900127148045
474,1244,0.990542039773546,-0.0274115211146212,0.12187953706154,0.0567490475436393,0.990542039773546,-0.0274115211146212,0.12187953706154,0.0567490475436393,0.995456188212998,-0.0244919676195256,0.0713801895592995,0.058068833370851,0.995459868363062,-0.0244889726537073,0.0713288482429613,0.0580700964808354,0.990542039773546,-0.0274115211146212,0.12187953706154,0.0567490475436393,0.97116525702646,-0.0334780583192696,0.229926504904943,0.053395369631637,0.990542039773546,-0.0274115211146212,0.12187953706154,0.0567490475436393,0.990542039773546,-0.0274115211146212,0.12187953706154,0.0567490475436393,0.990546073829675,-0.0274044467173428,0.121847051767646,0.0567518096298671,0.990546073829675,-0.0274044467173428,0.121847051767646,0.0567518096298671,0.99054282885986,-0.0274100237654429,0.121873237125259,0.0567495274349846,0.990542039773546,-0.0274115211146212,0.12187953706154,0.0567490475436393,0.990546073829675,-0.0274044467173428,0.121847051767646,0.0567518096298671,0.990546073829675,-0.0274044467173428,0.121847051767646,0.0567518096298671,0.99054282885986,-0.0274100237654429,0.121873237125259,0.0567495274349846,0.9957988432506,-0.031875115612081,0.0525662332738463,0.0678633325506671,0.964970836683756,-0.076768710258266,0.107199166891545,0.226817521573827,0.985412685261576,-0.0394147066020507,0.0507590659746143,0.15758121033432,0.986714786934579,-0.0307830674273563,-0.00292784864588963,0.159492193246935,0.995544076878256,0.00732457799365379,-0.0142517221371107,0.0929259380687854,0.986980383789808,0.0177439561708853,0.0297329949652157,0.157069484763681,0.993658598151217,-0.00760016173211523,-0.0230910598030416,0.109779919926083,0.993658598151217,-0.00760016173211523,-0.0230910598030416,0.109779919926083
475,1245,0.99043442075273,-0.0278960119200928,0.122671559651736,0.0566847348037265,0.99043442075273,-0.0278960119200928,0.122671559651736,0.0566847348037265,0.995388960852125,-0.024979100853386,0.0721766580891055,0.0580292267859148,0.995392682080598,-0.024976107929652,0.0721253202389976,0.0580305150201266,0.99043442075273,-0.0278960119200928,0.122671559651736,0.0566847348037265,0.970971306759417,-0.0339525555115476,0.230701917653701,0.0532782377247037,0.99043442075273,-0.0278960119200928,0.122671559651736,0.0566847348037265,0.99043442075273,-0.0278960119200928,0.122671559651736,0.0566847348037265,0.990440025481618,-0.0278714342778493,0.122630336985125,0.0566880898089099,0.990440025481618,-0.0278714342778493,0.122630336985125,0.0566880898089099,0.990435509194644,-0.0278911521606464,0.122663576965386,0.0566853829797065,0.99043442075273,-0.0278960119200928,0.122671559651736,0.0566847348037265,0.990440025481618,-0.0278714342778493,0.122630336985125,0.0566880898089099,0.990440025481618,-0.0278714342778493,0.122630336985125,0.0566880898089099,0.990435509194644,-0.0278911521606464,0.122663576965386,0.0566853829797065,0.995759001488111,-0.032877021965416,0.0528272312029835,0.067767219402245,0.964825574939677,-0.0793147385305764,0.108271178081349,0.226048964144994,0.985272452241905,-0.040570383496157,0.0543449499523056,0.156967720410534,0.986769843182936,-0.0317553273068151,-0.000674771678801931,0.158985598264566,0.995636274701918,0.00686685308173119,-0.0132233543764392,0.0921216463458874,0.987045895810278,0.0155961864468677,0.030817078323287,0.156676310321686,0.993681002874685,-0.00828100156608731,-0.0228129069270207,0.109585860477356,0.993681002874685,-0.00828100156608731,-0.0228129069270207,0.109585860477356
476,1246,0.990309733772822,-0.0286235941900913,0.123551141321458,0.056590074470788,0.990309733772822,-0.0286235941900913,0.123551141321458,0.056590074470788,0.995309137562145,-0.0257105537460009,0.0730614399825954,0.0579716663469522,0.995312904423856,-0.0257075637900065,0.0730101062482425,0.0579729923063412,0.990309733772821,-0.0286235941900913,0.123551141321458,0.056590074470788,0.97075077578268,-0.0346653408891954,0.231562485399419,0.0531042447832961,0.990309733772821,-0.0286235941900913,0.123551141321458,0.056590074470788,0.990309733772821,-0.0286235941900913,0.123551141321458,0.056590074470788,0.990316282233317,-0.0285859871645432,0.123505105319679,0.0565949771745282,0.990316282233317,-0.0285859871645432,0.123505105319679,0.0565949771745282,0.990310998140878,-0.0286162699593061,0.12354226650101,0.0565910279340152,0.990309733772821,-0.0286235941900913,0.123551141321458,0.056590074470788,0.990316282233317,-0.0285859871645432,0.123505105319679,0.0565949771745282,0.990316282233317,-0.0285859871645432,0.123505105319679,0.0565949771745282,0.990310998140878,-0.0286162699593061,0.12354226650101,0.0565910279340152,0.995724804130233,-0.0339590675261552,0.0530201400836055,0.0675852122736762,0.964694115246936,-0.0819344018106216,0.109387636492613,0.225136320460353,0.985103779451928,-0.0417470118229281,0.0580189369897044,0.156401833953342,0.986809877663484,-0.0327018162270673,0.00138516629628765,0.158540019791734,0.995737179867698,0.00607114019852204,-0.0115365028751361,0.0913100158100151,0.987065061869615,0.0135780114893467,0.0318903668775575,0.156528609975118,0.993709377081633,-0.00875810290119076,-0.0224197198642706,0.109372417431518,0.993709377081633,-0.00875810290119076,-0.0224197198642706,0.109372417431518
477,1247,0.990198050303637,-0.0293595977696292,0.124351934702985,0.0564130439641954,0.990198050303637,-0.0293595977696292,0.124351934702985,0.0564130439641954,0.995238296759106,-0.0264546033251037,0.0738668745347539,0.0578322701734255,0.995242105161658,-0.026451620557557,0.0738155444529846,0.0578336345077818,0.990198050303637,-0.0293595977696292,0.124351934702985,0.0564130439641954,0.970551822418709,-0.0353774505062407,0.232346169517001,0.0528474550586795,0.990198050303637,-0.0293595977696292,0.124351934702985,0.0564130439641954,0.990198050303637,-0.0293595977696292,0.124351934702985,0.0564130439641954,0.990203993947699,-0.0293209181807903,0.124309597248687,0.0564221424524944,0.990203993947699,-0.0293209181807903,0.124309597248687,0.0564221424524944,0.990199185921519,-0.0293521646720052,0.124343838790263,0.0564148241540286,0.990198050303637,-0.0293595977696292,0.124351934702985,0.0564130439641954,0.990203993947699,-0.0293209181807903,0.124309597248687,0.0564221424524944,0.990203993947699,-0.0293209181807903,0.124309597248687,0.0564221424524944,0.990199185921519,-0.0293521646720052,0.124343838790263,0.0564148241540286,0.995705435458988,-0.0350537019411869,0.0531777638548706,0.0671866743412723,0.964578814373208,-0.0846395727492251,0.110514411619288,0.224076813641324,0.984915351583535,-0.04291376000329,0.0617021899387683,0.155862115904486,0.986840304877366,-0.0336310426850487,0.00340920778236496,0.158125086370758,0.995822178011674,0.00481192532138154,-0.00962391366468941,0.0906775354790861,0.987067009731087,0.0116008290053348,0.0329753889522322,0.156450512272627,0.993738763807639,-0.00901075984017198,-0.0219040023867333,0.109189240278572,0.993738763807639,-0.00901075984017198,-0.0219040023867333,0.109189240278572
478,1248,0.990125284237149,-0.0299298322683648,0.12490533247918,0.0561674689919169,0.990125284237149,-0.0299298322683648,0.12490533247918,0.0561674689919169,0.995193749797723,-0.0270365816491504,0.0744232553102672,0.0576159933117465,0.99519758689599,-0.0270336100354323,0.0743719275252928,0.0576173876622549,0.990125284237149,-0.0299298322683648,0.12490533247918,0.0561674689919169,0.970418720754785,-0.0359172659994393,0.232888228504741,0.0525407407227565,0.990125284237149,-0.0299298322683648,0.12490533247918,0.0561674689919169,0.990125284237149,-0.0299298322683648,0.12490533247918,0.0561674689919169,0.9901292384587,-0.0298993871262963,0.124875548077213,0.0561802037294532,0.9901292384587,-0.0298993871262963,0.124875548077213,0.0561802037294532,0.990126026761426,-0.0299240556977335,0.124899717984076,0.0561699427427964,0.990125284237149,-0.0299298322683648,0.12490533247918,0.0561674689919169,0.9901292384587,-0.0298993871262963,0.124875548077213,0.0561802037294532,0.9901292384587,-0.0298993871262963,0.124875548077213,0.0561802037294532,0.990126026761426,-0.0299240556977335,0.124899717984076,0.0561699427427964,0.99569844372964,-0.0361330635259123,0.053384218103865,0.0665517552889776,0.964471834555058,-0.0873946654479788,0.111655193195497,0.222911127209283,0.984703999019954,-0.0441032386143898,0.0654104699326045,0.155352531620923,0.986859644040445,-0.0345638500945862,0.00534211821828967,0.157749310629069,0.995845857164871,0.0029187874959625,-0.00789388442137227,0.0906652967560315,0.987064040034311,0.00965596655700553,0.0340633048217062,0.156368265468472,0.993774798769261,-0.00905279130797489,-0.0212285707182489,0.108991027547731,0.993774798769261,-0.00905279130797489,-0.0212285707182489,0.108991027547731
479,1249,0.990095936508508,-0.0302728015715448,0.125210078811268,0.0558214130815908,0.990095936508508,-0.0302728015715448,0.125210078811268,0.0558214130815908,0.9951799279717,-0.0273966951667795,0.0747290993444142,0.0572878151735104,0.995183780844066,-0.0273937404785573,0.0746777722719017,0.0572892280975156,0.990095936508508,-0.0302728015715448,0.125210078811268,0.0558214130815908,0.970356082420527,-0.0362201558775793,0.233187908425956,0.052159112162877,0.990095936508508,-0.0302728015715448,0.125210078811268,0.0558214130815908,0.990095936508508,-0.0302728015715448,0.125210078811268,0.0558214130815908,0.990097610569697,-0.030254131122166,0.125193353407062,0.0558393531204853,0.990097610569697,-0.030254131122166,0.125193353407062,0.0558393531204853,0.990096239078983,-0.0302693141636068,0.125206975413751,0.0558248984724381,0.990095936508508,-0.0302728015715448,0.125210078811268,0.0558214130815908,0.990097610569697,-0.030254131122166,0.125193353407062,0.0558393531204853,0.990097610569697,-0.030254131122166,0.125193353407062,0.0558393531204853,0.990096239078983,-0.0302693141636068,0.125206975413751,0.0558248984724381,0.995694190602748,-0.0372250741928519,0.0537393590845526,0.0657225527232165,0.964349816918923,-0.0901665906557064,0.112785861181444,0.221762859955237,0.984475913234863,-0.0452909011657512,0.069138501200342,0.154841138538011,0.986874959432453,-0.0354692506870308,0.00712534441558618,0.157381625890235,0.99585881968853,0.000963458116833784,-0.00618201375124327,0.090697660956631,0.98708250000969,0.00773388997042687,0.0351461172350073,0.156118786710148,0.993808998118421,-0.00903382567401077,-0.020516015509941,0.10881708671045,0.993808998118421,-0.00903382567401077,-0.020516015509941,0.10881708671045
480,1250,0.990092220702369,-0.0304887133626235,0.125386467824435,0.0553720737254343,0.990092220702369,-0.0304887133626235,0.125386467824435,0.0553720737254343,0.99518518150165,-0.0276351644936351,0.0749054492568157,0.056850029679613,0.995189043469357,-0.0276322323841326,0.0748541219131148,0.0568514549033922,0.990092220702369,-0.0304887133626235,0.125386467824435,0.0553720737254343,0.970333017538263,-0.0363854139055004,0.233362822411638,0.0516887787250634,0.990092220702369,-0.0304887133626235,0.125386467824435,0.0553720737254343,0.990092220702369,-0.0304887133626235,0.125386467824435,0.0553720737254343,0.99009249750179,-0.0304769844749756,0.125376813028313,0.0553954381049926,0.99009249750179,-0.0304769844749756,0.125376813028313,0.0553954381049926,0.990092262284968,-0.0304865194136043,0.125384673077392,0.055376602051351,0.990092220702369,-0.0304887133626235,0.125386467824435,0.0553720737254343,0.99009249750179,-0.0304769844749756,0.125376813028313,0.0553954381049926,0.99009249750179,-0.0304769844749756,0.125376813028313,0.0553954381049926,0.990092262284968,-0.0304865194136043,0.125384673077392,0.055376602051351,0.995687006989788,-0.0382944704128454,0.0542216491238098,0.0648145848849779,0.964179378864646,-0.0928942347738536,0.113927398718225,0.220792514228324,0.98421700051076,-0.0465380378643762,0.0729396836944588,0.154372631900511,0.986878418790926,-0.0363747976234077,0.00861905311306043,0.157078237022234,0.99579557383783,-0.00150862708952251,-0.00496333394826678,0.0914563528980339,0.987112597132439,0.00586473863336911,0.0362389424003023,0.155759636866943,0.993840613639356,-0.009002311713056,-0.0198202885455523,0.108659786612807,0.993840613639356,-0.009002311713056,-0.0198202885455523,0.108659786612807
481,1251,0.990099975021734,-0.0306387664130378,0.125520675832568,0.0548440096381125,0.990099975021734,-0.0306387664130378,0.125520675832568,0.0548440096381125,0.995199746589295,-0.0278118611782572,0.0750390897339844,0.0563302740832976,0.995203615449567,-0.0278089558752114,0.074987761638903,0.0563317084210005,0.990099975021734,-0.0306387664130378,0.125520675832568,0.0548440096381125,0.970325985840846,-0.0364765657829543,0.233497070220363,0.0511474295461647,0.990099975021734,-0.0306387664130378,0.125520675832568,0.0548440096381125,0.990099975021734,-0.0306387664130378,0.125520675832568,0.0548440096381125,0.990099609399417,-0.0306306775710745,0.125513483738305,0.0548715815202577,0.990099609399417,-0.0306306775710745,0.125513483738305,0.0548715815202577,0.990099899489097,-0.0306372439923102,0.125519316007116,0.0548493356508699,0.990099975021734,-0.0306387664130378,0.125520675832568,0.0548440096381125,0.990099609399417,-0.0306306775710745,0.125513483738305,0.0548715815202577,0.990099609399417,-0.0306306775710745,0.125513483738305,0.0548715815202577,0.990099899489097,-0.0306372439923102,0.125519316007116,0.0548493356508699,0.99566811296165,-0.0393013264668968,0.0548409030794447,0.0639756978763123,0.963940149275342,-0.095573915258791,0.115087492202015,0.220090627869042,0.983927444034718,-0.0478644834849991,0.0768028931383056,0.15393859717955,0.986870960034105,-0.0373115512575929,0.00987966398571118,0.156830955565684,0.995687635418197,-0.00415946124661827,-0.00407456314411072,0.0925863353451337,0.987155840809006,0.00405059903936639,0.037387618409142,0.155271068115662,0.993868126746654,-0.00903019952311305,-0.01915259485534,0.108525482002975,0.993868126746654,-0.00903019952311305,-0.01915259485534,0.108525482002975
482,1252,0.990116388730682,-0.0308012258854607,0.125593212106107,0.0542878100841808,0.990116388730682,-0.0308012258854607,0.125593212106107,0.0542878100841808,0.995219825563035,-0.0280023781673929,0.0751106980828964,0.0557830499054468,0.995223698116521,-0.0279995010874933,0.0750593689521353,0.0557844940699001,0.990116388730682,-0.0308012258854607,0.125593212106107,0.0542878100841808,0.970334334122397,-0.0365769591196503,0.233570970335487,0.0505767525780638,0.990116388730682,-0.0308012258854607,0.125593212106107,0.0542878100841808,0.990116388730682,-0.0308012258854607,0.125593212106107,0.0542878100841808,0.990115558617892,-0.0307926987446385,0.125589226810548,0.0543169991432646,0.990115558617892,-0.0307926987446385,0.125589226810548,0.0543169991432646,0.990116225543506,-0.0307995861194822,0.12559247336138,0.0542934254336716,0.990116388730682,-0.0308012258854607,0.125593212106107,0.0542878100841808,0.990115558617892,-0.0307926987446385,0.125589226810548,0.0543169991432646,0.990115558617892,-0.0307926987446385,0.125589226810548,0.0543169991432646,0.990116225543506,-0.0307995861194822,0.12559247336138,0.0542934254336716,0.995632978376598,-0.0402562498900265,0.0555181663695036,0.0633414549620201,0.963642600492919,-0.098194772322185,0.1163081197656,0.219597692338579,0.983609633334055,-0.049166037356568,0.080774437378281,0.153526154935643,0.986860824110898,-0.0381629727694204,0.0108689629904969,0.156624286073619,0.995557853664867,-0.00659469048314744,-0.00337851561272552,0.0938597661188714,0.987204465389937,0.00228854820516171,0.0385629897484259,0.154709411100115,0.993897619484102,-0.00912859889997086,-0.0184910252779582,0.108361767474182,0.993897619484102,-0.00912859889997086,-0.0184910252779582,0.108361767474182
483,1253,0.990136108242033,-0.0310337835596843,0.125606743348754,0.0537618587719233,0.990136108242033,-0.0310337835596843,0.125606743348754,0.0537618587719233,0.995240207282725,-0.0282613654786044,0.0751232096438675,0.0552695974467546,0.995244080481475,-0.0282585148799641,0.0750718794618909,0.0552710549693092,0.990136108242033,-0.0310337835596843,0.125606743348754,0.0537618587719233,0.97035244831354,-0.0367503485956715,0.233586585383829,0.0500284424976251,0.990136108242033,-0.0310337835596843,0.125606743348754,0.0537618587719233,0.990136108242033,-0.0310337835596843,0.125606743348754,0.0537618587719233,0.990135089391786,-0.0310217295887181,0.125605868616705,0.0537896162608265,0.990135089391786,-0.0310217295887181,0.125605868616705,0.0537896162608265,0.990135911071685,-0.0310314416370746,0.125606600859031,0.053767174528792,0.990136108242033,-0.0310337835596843,0.125606743348754,0.0537618587719233,0.990135089391786,-0.0310217295887181,0.125605868616705,0.0537896162608265,0.990135089391786,-0.0310217295887181,0.125605868616705,0.0537896162608265,0.990135911071685,-0.0310314416370746,0.125606600859031,0.053767174528792,0.995581572220139,-0.0411566268542389,0.0561551680413789,0.0630084297844535,0.963305623457716,-0.10076930219043,0.117572438328299,0.219236277327302,0.983267028188205,-0.0504509353920858,0.0848808397756982,0.153087874879019,0.986856557874892,-0.0389276215072838,0.011529955004667,0.156415582985508,0.995438387481559,-0.00855860309054209,-0.00276361337467532,0.0949817323613712,0.987254242411965,0.000551806080243902,0.0397350832937254,0.154109959137195,0.99392449521789,-0.00930917414627208,-0.0179075950090411,0.108197759327858,0.99392449521789,-0.00930917414627208,-0.0179075950090411,0.108197759327858
484,1254,0.990155812999544,-0.0313559726891054,0.12555348074217,0.053334720712287,0.990155812999544,-0.0313559726891054,0.12555348074217,0.053334720712287,0.995257179635902,-0.0286048464758364,0.0750690144230785,0.0548593858408149,0.99526105003948,-0.0286020170336371,0.0750176833658152,0.0548608610791438,0.990155812999544,-0.0313559726891054,0.12555348074217,0.053334720712287,0.970377883334102,-0.0370236793192398,0.233535808987169,0.0495685043793302,0.990155812999544,-0.0313559726891054,0.12555348074217,0.053334720712287,0.990155812999544,-0.0313559726891054,0.12555348074217,0.053334720712287,0.99015478438714,-0.0313392607728544,0.125556101095677,0.0533574658985831,0.99015478438714,-0.0313392607728544,0.125556101095677,0.0533574658985831,0.990155615428849,-0.0313527274242989,0.125554012127049,0.0533390453286934,0.990155812999544,-0.0313559726891054,0.12555348074217,0.053334720712287,0.99015478438714,-0.0313392607728544,0.125556101095677,0.0533574658985831,0.99015478438714,-0.0313392607728544,0.125556101095677,0.0533574658985831,0.990155615428849,-0.0313527274242989,0.125554012127049,0.0533390453286934,0.995514327073151,-0.0419741029744624,0.0567264015111881,0.0630199543253755,0.962955974065344,-0.103352338193343,0.118911439802634,0.218847334198749,0.982869450813988,-0.0518405190651422,0.0892359838573073,0.152699516779482,0.986842739235053,-0.0396765136992539,0.0116972722216446,0.156302130830976,0.995356054245368,-0.00990831293830156,-0.00217247093198246,0.0957258114713993,0.987300060295255,-0.00116662218925741,0.0409327012195494,0.153498351471684,0.993946153835937,-0.00956426151287531,-0.0174153952891665,0.108056800727137,0.993946153835937,-0.00956426151287531,-0.0174153952891665,0.108056800727137
485,1255,0.990168530909926,-0.0316993181897694,0.125451163571036,0.0531360440817336,0.990168530909926,-0.0316993181897694,0.125451163571036,0.0531360440817336,0.995264681094457,-0.0289578455183906,0.0749661831200975,0.054678415643517,0.995268546194442,-0.0289550254093631,0.074914851676079,0.0546799090882137,0.990168530909926,-0.0316993181897694,0.125451163571036,0.0531360440817336,0.970401761084156,-0.0373431287387502,0.233435507432817,0.0493333223121381,0.990168530909926,-0.0316993181897694,0.125451163571036,0.0531360440817336,0.990168530909926,-0.0316993181897694,0.125451163571036,0.0531360440817336,0.990167848048839,-0.0316813154613005,0.125456411013144,0.0531471154125377,0.990167848048839,-0.0316813154613005,0.125456411013144,0.0531471154125377,0.99016840259853,-0.0316958523090166,0.125452192163484,0.0531380741395223,0.990168530909926,-0.0316993181897694,0.125451163571036,0.0531360440817336,0.990167848048839,-0.0316813154613005,0.125456411013144,0.0531471154125377,0.990167848048839,-0.0316813154613005,0.125456411013144,0.0531471154125377,0.99016840259853,-0.0316958523090166,0.125452192163484,0.0531380741395223,0.995434544981609,-0.042723413876988,0.0571541250277094,0.0633891359482851,0.962594457437779,-0.10595740053934,0.120280014907512,0.218443717682297,0.982419916457522,-0.0532064849052129,0.0938559819548786,0.152352329693096,0.98682497989704,-0.0403139020656296,0.0115886432477679,0.156259245163687,0.995322891351453,-0.0107009048839782,-0.00145436084929711,0.0959985282229224,0.987334939762826,-0.00286630723649703,0.0421216499579303,0.152928962630314,0.99396190044132,-0.00988483721256045,-0.0169562918888983,0.107956077317303,0.99396190044132,-0.00988483721256045,-0.0169562918888983,0.107956077317303
486,1256,0.990168310745371,-0.0320462095473227,0.125328596290755,0.0532212344942908,0.990168310745371,-0.0320462095473227,0.125328596290755,0.0532212344942908,0.995258232036363,-0.0292999589970397,0.0748437854227429,0.0547811258575341,0.995262090823626,-0.0292971335902192,0.074792454311501,0.0547826369467923,0.990168310745371,-0.0320462095473227,0.125328596290755,0.0532212344942908,0.970415002945119,-0.0376972776678647,0.233313657361884,0.0493799008087209,0.990168310745371,-0.0320462095473227,0.125328596290755,0.0532212344942908,0.990168310745371,-0.0320462095473227,0.125328596290755,0.0532212344942908,0.990168291255087,-0.032027964960505,0.12533498748834,0.0532175287360007,0.990168291255087,-0.032027964960505,0.12533498748834,0.0532175287360007,0.990168312374311,-0.0320427059978469,0.12532983233943,0.0532204029289072,0.990168310745371,-0.0320462095473227,0.125328596290755,0.0532212344942908,0.990168291255087,-0.032027964960505,0.12533498748834,0.0532175287360007,0.990168291255087,-0.032027964960505,0.12533498748834,0.0532175287360007,0.990168312374311,-0.0320427059978469,0.12532983233943,0.0532204029289072,0.995339266803545,-0.0434847861787852,0.0574137295405562,0.0641286284759849,0.962208655459025,-0.108583834677704,0.121706886231675,0.218063036872853,0.981917881593412,-0.054549609109771,0.0987646628447558,0.152010379008281,0.986810321114761,-0.0408183560599006,0.0110713576906035,0.156258366140303,0.995341479400474,-0.0110949092301235,-0.000643252066709918,0.0957696643036285,0.987356753091256,-0.00456409356476976,0.0432952208551299,0.152418289670664,0.99397721835012,-0.010226787466666,-0.0165071981835824,0.107852745107391,0.99397721835012,-0.010226787466666,-0.0165071981835824,0.107852745107391
487,1257,0.990147198933401,-0.0324387600984877,0.125225386532687,0.0536176636506259,0.990147198933401,-0.0324387600984877,0.125225386532687,0.053617663650626,0.995231902127175,-0.0296718547266654,0.0747417819980589,0.0551969931170038,0.995235755653588,-0.0296690078707588,0.0746904522449327,0.0551985233864435,0.990147198933401,-0.0324387600984877,0.125225386532687,0.053617663650626,0.970405353629493,-0.0381309907464133,0.233208753341594,0.0497308209943878,0.990147198933401,-0.0324387600984877,0.125225386532687,0.053617663650626,0.990147198933401,-0.0324387600984877,0.125225386532687,0.053617663650626,0.990148261575975,-0.0324182206033813,0.125230867595895,0.0535976573384003,0.990148261575975,-0.0324182206033813,0.125230867595895,0.0535976573384003,0.990147411665768,-0.0324347996096173,0.125226431192906,0.0536136911297236,0.990147198933401,-0.0324387600984877,0.125225386532687,0.053617663650626,0.990148261575975,-0.0324182206033813,0.125230867595895,0.0535976573384003,0.990148261575975,-0.0324182206033813,0.125230867595895,0.0535976573384003,0.990147411665768,-0.0324347996096173,0.125226431192906,0.0536136911297236,0.995227325812617,-0.0442634976348297,0.0574965471120251,0.0652492130465386,0.961780104418371,-0.111271074838426,0.12322398072309,0.217746708870752,0.981356016493602,-0.0559129204153883,0.10393931425274,0.151692890984065,0.986779040348812,-0.041434115925532,0.0114077904871056,0.156269644787305,0.995400530308761,-0.0113914029814203,0.000197861876522158,0.0951208759938111,0.987361908851042,-0.00623237315367236,0.0444907363107716,0.151980896356831,0.993988188653673,-0.0105912159696675,-0.0160729260481959,0.107782039364289,0.993988188653673,-0.0105912159696675,-0.0160729260481959,0.107782039364289
488,1258,0.990090882544699,-0.0329266305415888,0.125248996992718,0.0543007371529587,0.990090882544699,-0.0329266305415888,0.125248996992718,0.0543007371529587,0.995176858459181,-0.0301243791783808,0.0747682240871023,0.0559039786893039,0.995180713349432,-0.0301214958586877,0.0747168971728496,0.0559055322970103,0.990090882544699,-0.0329266305415888,0.125248996992718,0.0543007371529587,0.970346784919851,-0.0386909272556625,0.233226036157054,0.050356183356903,0.990090882544699,-0.0329266305415888,0.125248996992718,0.0543007371529587,0.990090882544699,-0.0329266305415888,0.125248996992718,0.0543007371529587,0.990093769283653,-0.0329012106330102,0.125248092772867,0.0542655841333253,0.990093769283653,-0.0329012106330102,0.125248092772867,0.0542655841333253,0.990091451353069,-0.0329217123486459,0.125248771779614,0.0542938668847968,0.990090882544699,-0.0329266305415888,0.125248996992718,0.0543007371529587,0.990093769283653,-0.0329012106330102,0.125248092772867,0.0542655841333253,0.990093769283653,-0.0329012106330102,0.125248092772867,0.0542655841333253,0.990091451353069,-0.0329217123486459,0.125248771779614,0.0542938668847968,0.99510079308267,-0.0450353012343685,0.0573900061754932,0.0667279584593148,0.961300684523354,-0.1140133113002,0.124871112434321,0.217506698886978,0.980715525311773,-0.0573896488837689,0.109440019794506,0.151414559012103,0.986738253329751,-0.0420365363822959,0.0112995104283217,0.156374134973824,0.995476250227979,-0.0118864809969447,0.00100030072887632,0.0942589316723027,0.987343477547344,-0.00787945945782154,0.0457017086646921,0.151664515587849,0.993999529469753,-0.0109690503621473,-0.0156303495859986,0.107704723758453,0.993999529469753,-0.0109690503621473,-0.0156303495859986,0.107704723758453
489,1259,0.989999306708497,-0.0335656494569598,0.125408272280636,0.0552040318891059,0.989999306708497,-0.0335656494569598,0.125408272280636,0.0552040318891059,0.995093495737878,-0.0307166645752346,0.0749319476584491,0.0568385826499347,0.995097359072377,-0.0307137330520208,0.0748806250434586,0.0568401668038556,0.989999306708497,-0.0335656494569598,0.125408272280636,0.0552040318891059,0.970238270936661,-0.0394252832998405,0.233374290892458,0.0511838353096781,0.989999306708497,-0.0335656494569598,0.125408272280636,0.0552040318891059,0.989999306708497,-0.0335656494569598,0.125408272280636,0.0552040318891059,0.990004061738744,-0.0335324285898437,0.125400267344431,0.0551571112695546,0.990004061738744,-0.0335324285898437,0.125400267344431,0.0551571112695546,0.990000234413008,-0.0335592102966776,0.125406678068003,0.0551949305860752,0.989999306708497,-0.0335656494569598,0.125408272280636,0.0552040318891059,0.990004061738744,-0.0335324285898437,0.125400267344431,0.0551571112695546,0.990004061738744,-0.0335324285898437,0.125400267344431,0.0551571112695546,0.990000234413008,-0.0335592102966776,0.125406678068003,0.0551949305860752,0.994962582302373,-0.045754759024991,0.0571016600710948,0.0685227134743149,0.960764181743321,-0.116851364173068,0.12668115358716,0.217324253353845,0.979993269801162,-0.059043237638839,0.115193668167843,0.151186990338417,0.986680210417134,-0.0427201308659722,0.0108881776590306,0.156584163877638,0.995543051301128,-0.0126839750308761,0.00166101372586995,0.0934365603864912,0.987306298642617,-0.0094942313695461,0.0469206699526886,0.15144168172108,0.994008568368436,-0.0113345480525343,-0.015204769125643,0.107644363653727,0.994008568368436,-0.0113345480525343,-0.015204769125643,0.107644363653727
490,1260,0.989888525584201,-0.0343599650641335,0.125712832502385,0.0560034236610105,0.989888525584202,-0.0343599650641335,0.125712832502385,0.0560034236610105,0.994998336293923,-0.0314693265845687,0.0752417444731491,0.0576773104892804,0.995002215606496,-0.0314663518024865,0.0751904267656492,0.0576789334610588,0.989888525584201,-0.0343599650641335,0.125712832502385,0.0560034236610105,0.970094712222569,-0.0403025857482414,0.233664842577672,0.0518911576568567,0.989888525584201,-0.0343599650641335,0.125712832502385,0.0560034236610105,0.989888525584201,-0.0343599650641335,0.125712832502385,0.0560034236610105,0.989894337942799,-0.0343185894639713,0.125697208755227,0.0559611100420256,0.989894337942799,-0.0343185894639713,0.125697208755227,0.0559611100420256,0.989889649537965,-0.0343519577528873,0.125709771829188,0.0559953391167762,0.989888525584201,-0.0343599650641335,0.125712832502385,0.0560034236610105,0.989894337942799,-0.0343185894639713,0.125697208755227,0.0559611100420256,0.989894337942799,-0.0343185894639713,0.125697208755227,0.0559611100420256,0.989889649537965,-0.0343519577528873,0.125709771829188,0.0559953391167762,0.994778922737545,-0.0462451529041794,0.0564414837342498,0.0713487184459183,0.960107384188991,-0.119924431423518,0.12867642404122,0.217380586689528,0.9791592961611,-0.0610533604238694,0.12126543278884,0.151043883466986,0.986589657832898,-0.0436118785781312,0.00995386886244879,0.156970607435665,0.99555380996399,-0.0137717779018123,0.00218738640223297,0.0931566687915236,0.987246787223926,-0.0110958418608823,0.04813607886183,0.15133929206007,0.993989003303899,-0.0116243414722616,-0.0147846860713396,0.107852441112984,0.993989003303899,-0.0116243414722616,-0.0147846860713396,0.107852441112984
491,1261,0.989751460552173,-0.0353334087692668,0.126028752180472,0.0570994762096614,0.989751460552173,-0.0353334087692668,0.126028752180472,0.0570994762096614,0.994877504225107,-0.0323858081564785,0.0755642218787967,0.0588214194722089,0.994881400169798,-0.0323827743651032,0.0755129104028509,0.0588230897105261,0.989751460552173,-0.0353334087692668,0.126028752180472,0.0570994762096614,0.969923781059193,-0.0413905129253423,0.233963798432932,0.0528736739639952,0.989751460552173,-0.0353334087692668,0.126028752180472,0.0570994762096614,0.989751460552173,-0.0353334087692668,0.126028752180472,0.0570994762096614,0.989758662158511,-0.0352826698443414,0.126012182353913,0.0570425612087484,0.989758662158511,-0.0352826698443414,0.126012182353913,0.0570425612087484,0.98975285372661,-0.0353235946581683,0.126025563812575,0.0570884354854794,0.989751460552173,-0.0353334087692668,0.126028752180472,0.0570994762096614,0.989758662158511,-0.0352826698443414,0.126012182353913,0.0570425612087484,0.989758662158511,-0.0352826698443414,0.126012182353913,0.0570425612087484,0.98975285372661,-0.0353235946581683,0.126025563812575,0.0570884354854794,0.994634239845797,-0.0466797333919546,0.0557764740208189,0.0735711652934428,0.959462638417098,-0.122995718681571,0.130770348011513,0.217261627418771,0.978239490372568,-0.0631629449477977,0.127488159496502,0.151012287742866,0.986471696067525,-0.0445416563497299,0.008906413074217,0.157512886817032,0.995534936406347,-0.0151450532410282,0.00256452915237571,0.0931356051516513,0.987198980297564,-0.0126631050377323,0.0493250075775838,0.151145170937494,0.99399179401992,-0.0119749683846388,-0.0143584264269482,0.107845950984677,0.99399179401992,-0.0119749683846388,-0.0143584264269482,0.107845950984677
492,1262,0.989610041468988,-0.0363877945407466,0.12631675156922,0.058240643070017,0.989610041468988,-0.0363877945407466,0.12631675156922,0.058240643070017,0.994750904752408,-0.0333808343703492,0.0758590363603281,0.0600146981454379,0.994754815902492,-0.0333777390336214,0.0758077314134303,0.0600164197012132,0.989610041468988,-0.0363877945407466,0.12631675156922,0.058240643070017,0.969751588468625,-0.0425638471485127,0.234234524709384,0.0538921424019008,0.989610041468988,-0.0363877945407466,0.12631675156922,0.058240643070017,0.989610041468988,-0.0363877945407466,0.12631675156922,0.058240643070017,0.989617537647349,-0.0363325406756696,0.126301531416159,0.0581807427830054,0.989617537647349,-0.0363325406756696,0.126301531416159,0.0581807427830054,0.989611482158428,-0.0363771529994303,0.126313841294403,0.0582291217287965,0.989610041468988,-0.0363877945407466,0.12631675156922,0.058240643070017,0.989617537647349,-0.0363325406756696,0.126301531416159,0.0581807427830054,0.989617537647349,-0.0363325406756696,0.126301531416159,0.0581807427830054,0.989611482158428,-0.0363771529994303,0.126313841294403,0.0582291217287965,0.994504432081616,-0.0469801475256183,0.0548998805736286,0.0757614903595154,0.958770271433579,-0.126231197544926,0.132968253005926,0.217128291740409,0.977238670731648,-0.0653426535203351,0.133904132226097,0.151011924795163,0.986340323543538,-0.0454648192981234,0.00764868306379283,0.158136694051721,0.995459767161407,-0.0166547512212017,0.00288036929533893,0.0936705647332126,0.9871507253951,-0.0141599930317955,0.0505082030365711,0.150936613766454,0.993998257331899,-0.0122786189851263,-0.0139076619127884,0.107811302176935,0.993998257331899,-0.0122786189851263,-0.0139076619127884,0.107811302176935
493,1263,0.989484446259353,-0.0374694781665633,0.126503934510337,0.0592732939033368,0.989484446259353,-0.0374694781665633,0.126503934510337,0.0592732939033368,0.994634984958149,-0.0344086382195174,0.0760523604701207,0.0611009883725646,0.994638906079188,-0.0344054868553838,0.0760010615015953,0.0611027629364656,0.989484446259353,-0.0374694781665633,0.126503934510337,0.0592732939033368,0.969606195990039,-0.043752396561537,0.234406782183239,0.0547997532781665,0.989484446259353,-0.0374694781665633,0.126503934510337,0.0592732939033368,0.989484446259353,-0.0374694781665633,0.126503934510337,0.0592732939033368,0.989491160639161,-0.0374126335327412,0.126493821997647,0.0592186699068739,0.989491160639161,-0.0374126335327412,0.126493821997647,0.0592186699068739,0.989485728059192,-0.0374585553438597,0.126502035040068,0.0592628528628409,0.989484446259353,-0.0374694781665633,0.126503934510337,0.0592732939033368,0.989491160639161,-0.0374126335327412,0.126493821997647,0.0592186699068739,0.989491160639161,-0.0374126335327412,0.126493821997647,0.0592186699068739,0.989485728059192,-0.0374585553438597,0.126502035040068,0.0592628528628409,0.994395746632684,-0.0470940598989433,0.0537506519166603,0.0779109492921022,0.958023201027589,-0.129616825036683,0.135282937684365,0.217001271267588,0.976128456527086,-0.0677128804577253,0.140522638805218,0.151134344744622,0.986171609018203,-0.0464933913941897,0.00623964944373395,0.158949642648026,0.99533558649277,-0.0181285621643145,0.00320586785627533,0.0947003057346523,0.98709844444962,-0.0156240413744414,0.051656122424284,0.150745465312752,0.994004425789554,-0.0125822659433499,-0.0134568932731342,0.107776621388626,0.994004425789554,-0.0125822659433499,-0.0134568932731342,0.107776621388626
494,1264,0.989378607656339,-0.0384967199509772,0.126601510236987,0.0601666923698981,0.989378607656339,-0.0384967199509772,0.126601510236987,0.0601666923698981,0.994534242174609,-0.0353891477386355,0.0761551890842507,0.0620454393170921,0.994538168599227,-0.035385947662601,0.0761038953114552,0.0620472644500754,0.989378607656339,-0.0384967199509772,0.126601510236987,0.0601666923698981,0.96949028153762,-0.0448715403442096,0.234492144189071,0.0555749330620911,0.989378607656339,-0.0384967199509772,0.126601510236987,0.0601666923698981,0.989378607656339,-0.0384967199509772,0.126601510236987,0.0601666923698981,0.989384284611713,-0.0384425175295861,0.126596132132147,0.0601192942285329,0.989384284611713,-0.0384425175295861,0.126596132132147,0.0601192942285329,0.989379688244577,-0.0384863386667173,0.126600516685466,0.0601576545425989,0.989378607656339,-0.0384967199509772,0.126601510236987,0.0601666923698981,0.989384284611713,-0.0384425175295861,0.126596132132147,0.0601192942285329,0.989384284611713,-0.0384425175295861,0.126596132132147,0.0601192942285329,0.989379688244577,-0.0384863386667173,0.126600516685466,0.0601576545425989,0.994316422658995,-0.0469861435443478,0.0522255753261551,0.0799977701395489,0.957233455822694,-0.133099620160575,0.137694262140364,0.21686145886366,0.974882556611661,-0.0703222399374093,0.147407130568413,0.15142628979832,0.985953481029707,-0.0476298361992142,0.00453812444787436,0.160020427994476,0.995168507145948,-0.0194667236572605,0.00361766344693824,0.0961644506360992,0.987037846417978,-0.0170446974470761,0.052782577925314,0.150598032839267,0.994011200683219,-0.012912299803076,-0.0130018224599104,0.107730952111379,0.994011200683219,-0.012912299803076,-0.0130018224599104,0.107730952111379
495,1265,0.989291632235966,-0.0394411560004265,0.1266567177004,0.0608649115879642,0.989291632235966,-0.0394411560004265,0.1266567177004,0.0608649115879642,0.994450184934925,-0.0362968780338487,0.0762147455131423,0.0627907548470043,0.994454114431312,-0.0362936395165328,0.0761634560755677,0.0627926267957047,0.989291632235965,-0.0394411560004265,0.1266567177004,0.0608649115879642,0.969397769173088,-0.0458869441191321,0.234537465819386,0.0561652081690109,0.989291632235965,-0.0394411560004265,0.1266567177004,0.0608649115879642,0.989291632235965,-0.0394411560004265,0.1266567177004,0.0608649115879642,0.989296301637959,-0.0393912255303168,0.126653693130313,0.0608276329732558,0.989296301637959,-0.0393912255303168,0.126653693130313,0.0608276329732558,0.98929251976371,-0.0394316081026043,0.126656156582143,0.0608578394444971,0.989291632235965,-0.0394411560004265,0.1266567177004,0.0608649115879642,0.989296301637959,-0.0393912255303168,0.126653693130313,0.0608276329732558,0.989296301637959,-0.0393912255303168,0.126653693130313,0.0608276329732558,0.98929251976371,-0.0394316081026043,0.126656156582143,0.0608578394444971,0.994268844004545,-0.0467228931135796,0.050282258637995,0.0819642090623955,0.956403968132179,-0.136681983208484,0.140228408461026,0.216669053322584,0.973537601940283,-0.0729975998537256,0.154503727194728,0.151738216369169,0.985717655991697,-0.0487615576641561,0.00275077715092956,0.161168999455437,0.994971664511996,-0.020689500649042,0.00411516165791314,0.0979101466940503,0.986963400961893,-0.0183989421120685,0.0538938131255311,0.150532989732091,0.994015958857882,-0.0132886610379963,-0.0125872894819723,0.107690506392908,0.994015958857882,-0.0132886610379963,-0.0125872894819723,0.107690506392908
496,1266,0.98921705034527,-0.0403370737638789,0.126709811401603,0.0613772879894649,0.98921705034527,-0.0403370737638789,0.126709811401603,0.0613772879894649,0.994378397782047,-0.0371655977434801,0.0762715610410279,0.0633480019033288,0.994382330208822,-0.0371623304846736,0.0762202753058412,0.0633499186560032,0.98921705034527,-0.0403370737638789,0.126709811401603,0.0613772879894649,0.969317807511388,-0.0468337132903747,0.234582047566608,0.0565760930094091,0.98921705034527,-0.0403370737638789,0.126709811401603,0.0613772879894649,0.98921705034527,-0.0403370737638789,0.126709811401603,0.0613772879894649,0.989221041248572,-0.0402897824982443,0.126707009117303,0.0613498069914045,0.989221041248572,-0.0402897824982443,0.126707009117303,0.0613498069914045,0.989217810417406,-0.0403280193248988,0.12670927554216,0.0613720938367381,0.98921705034527,-0.0403370737638789,0.126709811401603,0.0613772879894649,0.989221041248572,-0.0402897824982443,0.126707009117303,0.0613498069914045,0.989221041248572,-0.0402897824982443,0.126707009117303,0.0613498069914045,0.989217810417406,-0.0403280193248988,0.12670927554216,0.0613720938367381,0.994256600828791,-0.0463463339247262,0.0478552655855237,0.0837597910447185,0.955548844852356,-0.140370662087076,0.142875917331321,0.2163537718028,0.972047814714561,-0.0759792167728478,0.16179270318464,0.152227874331344,0.98542040705481,-0.0500656000316682,0.000673984479053316,0.162602591610109,0.994759338861616,-0.0218244014395789,0.00461965141522143,0.0997808201520079,0.986880178895506,-0.0196889318003445,0.0549873449264826,0.150519933449597,0.994015964701712,-0.0137163117243129,-0.0122427404173667,0.107676552776732,0.994015964701712,-0.0137163117243129,-0.0122427404173667,0.107676552776732
497,1267,0.989148582893139,-0.0411879599599813,0.126810256234634,0.0617073077401464,0.989148582893139,-0.0411879599599813,0.126810256234634,0.0617073077401464,0.994315123669895,-0.0379986119045639,0.0763753557577296,0.0637208393504707,0.994319061450026,-0.0379953254153452,0.0763240732858032,0.0637227990658303,0.989148582893139,-0.0411879599599813,0.126810256234634,0.0617073077401464,0.969238723064595,-0.0477156963468421,0.234674365532136,0.0568106697402708,0.989148582893139,-0.0411879599599813,0.126810256234634,0.0617073077401464,0.989148582893139,-0.0411879599599813,0.126810256234634,0.0617073077401464,0.989152228139481,-0.041143052009532,0.126805096740433,0.0616894340928007,0.989152228139481,-0.041143052009532,0.126805096740433,0.0616894340928007,0.989149279412855,-0.0411793607291231,0.126809246971698,0.0617039558654102,0.989148582893139,-0.0411879599599813,0.126810256234634,0.0617073077401464,0.989152228139481,-0.041143052009532,0.126805096740433,0.0616894340928007,0.989152228139481,-0.041143052009532,0.126805096740433,0.0616894340928007,0.989149279412855,-0.0411793607291231,0.126809246971698,0.0617039558654102,0.994269511444442,-0.04600051903461,0.0449484112988182,0.0853916341469675,0.954663500270475,-0.14419299643328,0.145658932886249,0.215892233073254,0.970416174793028,-0.0791361901778208,0.169376984370195,0.152778755950776,0.985085459376011,-0.0514121916528323,-0.00165917456179675,0.164197050567844,0.994538015460707,-0.0229089712590214,0.00511306503723172,0.10170138349726,0.986790938406497,-0.0209102777752868,0.0560391342193228,0.150552381575765,0.994015742979967,-0.0141347455242969,-0.011904152380158,0.107662448574506,0.994015742979967,-0.0141347455242969,-0.011904152380158,0.107662448574506
498,1268,0.9890811895203,-0.0420089643650386,0.126985821872564,0.0618728413234305,0.9890811895203,-0.0420089643650386,0.126985821872564,0.0618728413234306,0.994256740077616,-0.0388101424923582,0.0765541196133523,0.0639278845276484,0.994260687077673,-0.038806845323587,0.0765028401523553,0.0639298860978861,0.9890811895203,-0.0420089643650386,0.126985821872564,0.0618728413234306,0.969152456215766,-0.0485499140146983,0.234841467868199,0.0568850369572078,0.9890811895203,-0.0420089643650386,0.126985821872564,0.0618728413234306,0.9890811895203,-0.0420089643650386,0.126985821872564,0.0618728413234306,0.989084760741128,-0.0419656695606252,0.126976788091243,0.0618636721673115,0.989084760741128,-0.0419656695606252,0.126976788091243,0.0618636721673115,0.989081874103904,-0.0420006684841336,0.126984056596391,0.0618711526991315,0.9890811895203,-0.0420089643650386,0.126985821872564,0.0618728413234306,0.989084760741128,-0.0419656695606252,0.126976788091243,0.0618636721673115,0.989084760741128,-0.0419656695606252,0.126976788091243,0.0618636721673115,0.989081874103904,-0.0420006684841336,0.126984056596391,0.0618711526991315,0.994306444068731,-0.0456979548647003,0.0415634208325705,0.0868266909036326,0.953740548729586,-0.148153653992674,0.148590285717839,0.215291401379382,0.968630896614979,-0.0825143158262233,0.177233501671683,0.153407495552814,0.984702954978336,-0.0528487055080278,-0.00419743360599678,0.165980379365098,0.994312961309401,-0.0240215153491809,0.00560412333888497,0.10360161955327,0.986690051360264,-0.0220974066534462,0.0570536297637159,0.150662969891929,0.994017937147886,-0.01454979073468,-0.0115471725234249,0.107625773049738,0.994017937147886,-0.01454979073468,-0.0115471725234249,0.107625773049738
499,1269,0.989017904639906,-0.0427752700458448,0.127214144037956,0.0618904041906684,0.989017904639906,-0.0427752700458448,0.127214144037956,0.0618904041906684,0.994205140888053,-0.039574565287705,0.0767853630152738,0.063984370284222,0.994209099814689,-0.0395712652046319,0.0767340862152269,0.0639864112799268,0.989017904639906,-0.0427752700458448,0.127214144037956,0.0618904041906684,0.969064479133142,-0.0493135132488202,0.235061458823078,0.0568183356799343,0.989017904639906,-0.0427752700458448,0.127214144037956,0.0618904041906684,0.989017904639906,-0.0427752700458448,0.127214144037956,0.0618904041906684,0.989021264286523,-0.0427347907451429,0.127202278405429,0.0618890686432211,0.989021264286523,-0.0427347907451429,0.127202278405429,0.0618890686432211,0.989018547553061,-0.0427675241685776,0.127211843577267,0.0618902118771346,0.989017904639906,-0.0427752700458448,0.127214144037956,0.0618904041906684,0.989021264286523,-0.0427347907451429,0.127202278405429,0.0618890686432211,0.989021264286523,-0.0427347907451429,0.127202278405429,0.0618890686432211,0.989018547553061,-0.0427675241685776,0.127211843577267,0.0618902118771346,0.994362122863898,-0.0454713473277077,0.0377240487185924,0.0880523783556265,0.952770472424715,-0.152251047192359,0.15175279413688,0.21452070990015,0.966642720305352,-0.0862382607649893,0.185480068603654,0.1541491414562,0.984251910670175,-0.0544490788593415,-0.00701291028432502,0.168030631858668,0.99409900245411,-0.0251520477995377,0.00609614031683268,0.105344126008382,0.9865943506054,-0.0232004105552618,0.0580256402260613,0.150752623127864,0.994013533518875,-0.0149951634087872,-0.011283609438918,0.107633268154854,0.994013533518875,-0.0149951634087872,-0.011283609438918,0.107633268154854
500,1270,0.988954217185247,-0.0434804144290536,0.127525328737473,0.0617762122745706,0.988954217185247,-0.0434804144290536,0.127525328737473,0.0617762122745706,0.994157350927272,-0.0402846019342718,0.0770993823279648,0.0639061631528003,0.994161326049697,-0.0402813058838318,0.0770481079922948,0.0639082407691547,0.988954217185247,-0.0434804144290536,0.127525328737473,0.0617762122745706,0.968967001707816,-0.0500018514475648,0.235363766878952,0.0566273934922907,0.988954217185247,-0.0434804144290536,0.127525328737473,0.0617762122745706,0.988954217185247,-0.0434804144290536,0.127525328737473,0.0617762122745706,0.988957585454711,-0.0434431339403354,0.12750917827116,0.0617818560877273,0.988957585454711,-0.0434431339403354,0.12750917827116,0.0617818560877273,0.988954863541813,-0.0434732856599285,0.127522194279205,0.0617773524614129,0.988954217185247,-0.0434804144290536,0.127525328737473,0.0617762122745706,0.988957585454711,-0.0434431339403354,0.12750917827116,0.0617818560877273,0.988957585454711,-0.0434431339403354,0.12750917827116,0.0617818560877273,0.988954863541813,-0.0434732856599285,0.127522194279205,0.0617773524614129,0.994437508364912,-0.0452640276940831,0.0334710857103291,0.0890218859341149,0.95175204782498,-0.156506045173124,0.155200707711834,0.213510275188271,0.964465152910708,-0.0901767762552969,0.1941013157926,0.154918678837349,0.983753328499083,-0.0561313494793959,-0.0098863865222317,0.170237832558246,0.993907210551412,-0.0262925436848156,0.00659694875846012,0.106834634962503,0.986508669066371,-0.024228412020975,0.0589150846673168,0.150806640127291,0.994013945213349,-0.0153952095949765,-0.0109589352987667,0.107606533166155,0.994013945213349,-0.0153952095949765,-0.0109589352987667,0.107606533166155
501,1271,0.988896111603376,-0.0440956861545848,0.127890549081076,0.0615147004708616,0.988896111603377,-0.0440956861545848,0.127890549081076,0.0615147004708616,0.994117881853434,-0.0409123692334726,0.0774670837696757,0.063676258960208,0.994121875940324,-0.0409090850396376,0.0774158114691566,0.0636783689543251,0.988896111603376,-0.0440956861545848,0.127890549081076,0.0615147004708616,0.968869138040522,-0.0505846815161036,0.235720396744008,0.0562998926053845,0.988896111603376,-0.0440956861545848,0.127890549081076,0.0615147004708616,0.988896111603376,-0.0440956861545848,0.127890549081076,0.0615147004708616,0.98889920047826,-0.0440630592173431,0.127871482501965,0.0615280591975423,0.98889920047826,-0.0440630592173431,0.127871482501965,0.0615280591975423,0.98889670203784,-0.0440894622790037,0.127886865909681,0.0615173271723578,0.988896111603376,-0.0440956861545848,0.127890549081076,0.0615147004708616,0.98889920047826,-0.0440630592173431,0.127871482501965,0.0615280591975423,0.98889920047826,-0.0440630592173431,0.127871482501965,0.0615280591975423,0.98889670203784,-0.0440894622790037,0.127886865909681,0.0615173271723578,0.994528500997213,-0.0450333299036606,0.0288623238252493,0.0897330828927118,0.950743251413,-0.160908418665301,0.158781890526393,0.21209446465227,0.962054209884332,-0.094820676756612,0.202669363098367,0.156159744379131,0.983095798682996,-0.058472146758203,-0.0120757652637516,0.173083316811947,0.993741329337864,-0.027429645700598,0.00709490515861761,0.108052983407885,0.98643349801714,-0.0252260487498757,0.0597265280259417,0.15081559038808,0.994017194230164,-0.0158180371753034,-0.0106240378825222,0.107548766119304,0.994017194230164,-0.0158180371753034,-0.0106240378825222,0.107548766119304
502,1272,0.988852404584205,-0.044609878797115,0.128242834008711,0.0611118334462021,0.988852404584205,-0.0446098787971151,0.128242834008711,0.0611118334462021,0.994092135324606,-0.0414463721026485,0.0778211347406067,0.0633000451261959,0.994096147671911,-0.0414431073115467,0.0777698637675087,0.0633021826623164,0.988852404584205,-0.044609878797115,0.128242834008711,0.0611118334462021,0.968787006446344,-0.0510515198718296,0.236065750729075,0.0558429923287231,0.988852404584205,-0.044609878797115,0.128242834008711,0.0611118334462021,0.988852404584205,-0.044609878797115,0.128242834008711,0.0611118334462021,0.988854758760275,-0.0445825384641157,0.128224268296551,0.0611326456246525,0.988854758760275,-0.0445825384641157,0.128224268296551,0.0611326456246525,0.988852850319139,-0.0446046747559722,0.128239274685373,0.0611158885544368,0.988852404584205,-0.044609878797115,0.128242834008711,0.0611118334462021,0.988854758760275,-0.0445825384641157,0.128224268296551,0.0611326456246525,0.988854758760275,-0.0445825384641157,0.128224268296551,0.0611326456246525,0.988852850319139,-0.0446046747559722,0.128239274685373,0.0611158885544368,0.994627906584933,-0.0447112537351352,0.0239595073885447,0.0902339915863449,0.949785704565284,-0.165476851486186,0.162293897730907,0.210202801563051,0.959447343861273,-0.0998866826047744,0.211151667957476,0.157792325905094,0.982301824508835,-0.0610570919138769,-0.0143999336904325,0.176487390493901,0.993616776853481,-0.0285003333760452,0.00762788763559446,0.108881803268372,0.986381218803734,-0.0261276401200531,0.0604616367958168,0.150711074871714,0.994019084569452,-0.016213510718661,-0.0103053059869024,0.107503405761876,0.994019084569452,-0.016213510718661,-0.0103053059869024,0.107503405761876
503,1273,0.988834896437927,-0.0449609339662745,0.128510604366213,0.0605729854712896,0.988834896437927,-0.0449609339662745,0.128510604366213,0.0605729854712896,0.994088258568452,-0.0418243592154634,0.0780894488667806,0.0627797350125073,0.994092284754216,-0.0418211212591501,0.0780381780932717,0.062781892044221,0.988834896437927,-0.0449609339662745,0.128510604366213,0.0605729854712896,0.968740196887489,-0.0513412737229097,0.236329978594264,0.0552688498571665,0.988834896437927,-0.0449609339662745,0.128510604366213,0.0605729854712896,0.988834896437927,-0.0449609339662745,0.128510604366213,0.0605729854712896,0.98883590220742,-0.044942014764799,0.12849628920589,0.0606009692565657,0.98883590220742,-0.044942014764799,0.12849628920589,0.0606009692565657,0.988835078402616,-0.0449573714841777,0.12850789138445,0.0605784146511703,0.988834896437927,-0.0449609339662745,0.128510604366213,0.0605729854712896,0.98883590220742,-0.044942014764799,0.12849628920589,0.0606009692565657,0.98883590220742,-0.044942014764799,0.12849628920589,0.0606009692565657,0.988835078402616,-0.0449573714841777,0.12850789138445,0.0605784146511703,0.994727709832023,-0.0442371852814156,0.0187987372682455,0.090589525927869,0.948866393044799,-0.170192849734754,0.165630390364336,0.207974844241013,0.956563438114136,-0.105450146264992,0.219735968815099,0.159946114441227,0.981333592316305,-0.0638839057244884,-0.0167895121853358,0.180613785358534,0.993531676291586,-0.0294821774722212,0.00816789692923812,0.109356732195515,0.986346629190433,-0.0269849946494758,0.0611387800226254,0.150513078254959,0.9940213809179,-0.0166062223795104,-0.0100018067091911,0.107450879563208,0.9940213809179,-0.0166062223795104,-0.0100018067091911,0.107450879563208
504,1274,0.988847037864578,-0.0451673648622404,0.128644728967188,0.0599331174461142,0.988847037864578,-0.0451673648622404,0.128644728967188,0.0599331174461142,0.994107200854967,-0.042063043046459,0.0782227830807297,0.0621511852266729,0.994111233917494,-0.0420598375076424,0.0781715113300842,0.0621533545694774,0.988847037864578,-0.0451673648622404,0.128644728967188,0.0599331174461142,0.968737534920514,-0.0514761837936617,0.236464625305177,0.0546101814449432,0.988847037864578,-0.0451673648622404,0.128644728967188,0.0599331174461142,0.988847037864578,-0.0451673648622404,0.128644728967188,0.0599331174461142,0.988846493269676,-0.0451560979131051,0.128637308564089,0.0599665107782216,0.988846493269676,-0.0451560979131051,0.128637308564089,0.0599665107782216,0.988846920616382,-0.0451652650354695,0.128643360896512,0.0599395705608954,0.988847037864578,-0.0451673648622404,0.128644728967188,0.0599331174461142,0.988846493269676,-0.0451560979131051,0.128637308564089,0.0599665107782216,0.988846493269676,-0.0451560979131051,0.128637308564089,0.0599665107782216,0.988846920616382,-0.0451652650354695,0.128643360896512,0.0599395705608954,0.994815561100849,-0.0436180340943492,0.0134300325512714,0.0908795946239759,0.947955955183785,-0.175059677215476,0.168734357970514,0.20557804572738,0.953432919807137,-0.111349103781148,0.228473684854628,0.162378631119128,0.980243315358513,-0.0668842402572872,-0.0189103130054712,0.185180833679385,0.993488176304548,-0.0302828282851019,0.00877454275678738,0.109486077898188,0.986324791540098,-0.0277900716354593,0.0617425084217035,0.150263036591419,0.994026760580299,-0.0169183702577068,-0.00969547175274598,0.107380472272915,0.994026760580299,-0.0169183702577068,-0.00969547175274598,0.107380472272915
505,1275,0.988887791057739,-0.045232787988011,0.12865119630667,0.0591929157639589,0.988887791057739,-0.0452327879880111,0.12865119630667,0.0591929157639589,0.994148230069296,-0.0421660005407928,0.0782271708824977,0.0614152650747463,0.994152263358072,-0.0421628329573413,0.0781758970157411,0.0614174397286212,0.988887791057739,-0.0452327879880111,0.12865119630667,0.0591929157639589,0.968777331342642,-0.0514599200931764,0.23647552915856,0.0538672721586251,0.988887791057739,-0.0452327879880111,0.12865119630667,0.0591929157639589,0.988887791057739,-0.0452327879880111,0.12865119630667,0.0591929157639589,0.988885740406075,-0.0452289541351383,0.128650503771783,0.0592315963708265,0.988885740406075,-0.0452289541351383,0.128650503771783,0.0592315963708265,0.98888738511301,-0.0452321128846549,0.128651118311593,0.0592003824778214,0.988887791057739,-0.0452327879880111,0.12865119630667,0.0591929157639589,0.988885740406075,-0.0452289541351383,0.128650503771783,0.0592315963708265,0.988885740406075,-0.0452289541351383,0.128650503771783,0.0592315963708265,0.98888738511301,-0.0452321128846549,0.128651118311593,0.0592003824778214,0.99489162334643,-0.0428350164739825,0.00796316659153243,0.0910626550053062,0.947012320000777,-0.180075984262371,0.171626901830665,0.203185905580806,0.950073643702092,-0.11780777200412,0.236818244513685,0.165524981388047,0.97893965745338,-0.0703979042135211,-0.0199989113946599,0.190581546038519,0.993481823564495,-0.0309045355143383,0.00945192376546441,0.109313480727408,0.986322520851733,-0.0285284643163294,0.062276548820913,0.149918788186774,0.994032543484736,-0.0171639867714955,-0.00940966733707876,0.107313364554381,0.994032543484736,-0.0171639867714955,-0.00940966733707876,0.107313364554381
506,1276,0.988946391141763,-0.0452232634290934,0.128592226759239,0.0583432181971977,0.988946391141763,-0.0452232634290934,0.128592226759239,0.0583432181971977,0.994203757443467,-0.0421996720620672,0.0781652993374258,0.060566181509461,0.994207787541109,-0.0421965482705408,0.0781140226068956,0.0605683579010932,0.988946391141763,-0.0452232634290934,0.128592226759239,0.0583432181971977,0.968842053171333,-0.0513571368984532,0.236423351938791,0.0530237602813732,0.988946391141763,-0.0452232634290934,0.128592226759239,0.0583432181971977,0.988946391141763,-0.0452232634290934,0.128592226759239,0.0583432181971977,0.988943377308195,-0.045223548819726,0.128595143042274,0.0583876382151858,0.988943377308195,-0.045223548819726,0.128595143042274,0.0583876382151858,0.988945804712524,-0.0452233520897065,0.128592816146988,0.0583517900552827,0.988946391141763,-0.0452232634290934,0.128592226759239,0.0583432181971977,0.988943377308195,-0.045223548819726,0.128595143042274,0.0583876382151858,0.988943377308195,-0.045223548819726,0.128595143042274,0.0583876382151858,0.988945804712524,-0.0452233520897065,0.128592816146988,0.0583517900552827,0.994957002520395,-0.04188194707396,0.00247948915987505,0.0911060798104705,0.946025100010136,-0.18520458175385,0.174330398979042,0.200859864183967,0.946576975958576,-0.124432277971812,0.244735617358428,0.169154114286509,0.977529429548468,-0.0744403639511349,-0.0184311742800048,0.196354624076262,0.993504298585375,-0.031407842053562,0.0102133126911348,0.108896484763254,0.986344551236842,-0.0292013259191212,0.0627208224835314,0.149458379614351,0.994037963547803,-0.0173654167420751,-0.00912795053823881,0.107255069092723,0.994037963547803,-0.0173654167420751,-0.00912795053823881,0.107255069092723
507,1277,0.989001759305307,-0.0452081178993714,0.128590553659457,0.0574126787091416,0.989001759305307,-0.0452081178993714,0.128590553659457,0.0574126787091416,0.994258969023625,-0.0422318384666786,0.0781608144501891,0.0596360748229371,0.994262998889882,-0.042228762645893,0.078109534872096,0.059638252874807,0.989001759305307,-0.0452081178993714,0.128590553659457,0.0574126787091416,0.968897270167015,-0.0512398884392304,0.236427769651417,0.0521005127930408,0.989001759305307,-0.0452081178993714,0.128590553659457,0.0574126787091416,0.989001759305307,-0.0452081178993714,0.128590553659457,0.0574126787091416,0.988998862618318,-0.045208890470044,0.128590786042828,0.0574614279932965,0.988998862618318,-0.045208890470044,0.128590786042828,0.0574614279932965,0.989001204093327,-0.0452082704394094,0.128590576847849,0.057422070075584,0.989001759305307,-0.0452081178993714,0.128590553659457,0.0574126787091416,0.988998862618318,-0.045208890470044,0.128590786042828,0.0574614279932965,0.988998862618318,-0.045208890470044,0.128590786042828,0.0574614279932965,0.989001204093327,-0.0452082704394094,0.128590576847849,0.057422070075584,0.995002133820821,-0.0407946247593253,-0.00294557048737333,0.0910926775172517,0.944972541254979,-0.190338782887683,0.17680797381513,0.198839091725773,0.942730086005666,-0.131505728231502,0.25271190571633,0.17350193396984,0.975891399063533,-0.0788914741198503,-0.0154693110657545,0.202910849784257,0.993546862761021,-0.0318647472593958,0.011033250696664,0.108293752169236,0.986386196224985,-0.0298215817687511,0.0631281566739521,0.148888485090567,0.99404313761653,-0.0175084033667456,-0.00888518247831449,0.107204243858916,0.99404313761653,-0.0175084033667456,-0.00888518247831449,0.107204243858916
508,1278,0.989052532682826,-0.0451877513348853,0.12865035553574,0.0564113529665044,0.989052532682826,-0.0451877513348853,0.12865035553574,0.0564113529665044,0.9943127160688,-0.0422623881195072,0.0782179586135536,0.0586350080127146,0.994316748882229,-0.0422593639292733,0.07816667626335,0.0586371876415317,0.989052532682826,-0.0451877513348853,0.12865035553574,0.0564113529665044,0.968941168809791,-0.051109676574852,0.236492785875809,0.0511074806132037,0.989052532682826,-0.0451877513348853,0.12865035553574,0.0564113529665044,0.989052532682826,-0.0451877513348853,0.12865035553574,0.0564113529665044,0.989049875242048,-0.0451888094825997,0.128647380450665,0.0564638582140483,0.989049875242048,-0.0451888094825997,0.128647380450665,0.0564638582140483,0.989052024430609,-0.045187956755948,0.128649758403523,0.0564214604264317,0.989052532682826,-0.0451877513348853,0.12865035553574,0.0564113529665044,0.989049875242048,-0.0451888094825997,0.128647380450665,0.0564638582140483,0.989049875242048,-0.0451888094825997,0.128647380450665,0.0564638582140483,0.989052024430609,-0.045187956755948,0.128649758403523,0.0564214604264317,0.99502587510458,-0.0395345735503139,-0.0082689873290911,0.0910612388182363,0.943861343397972,-0.195358669213825,0.17901342903007,0.19726871781627,0.938713851703776,-0.138331032183831,0.260693746761028,0.178099973481516,0.974185305749675,-0.0834000939062954,-0.0103882165096564,0.209522073671444,0.993595390417409,-0.0323573860164223,0.0119205282381487,0.107606229921808,0.986436395557934,-0.0303834476480424,0.0634998125991599,0.148283031488976,0.994043925651815,-0.0176921246136862,-0.008707499705036,0.107181351224324,0.994043925651815,-0.0176921246136862,-0.008707499705036,0.107181351224324
509,1279,0.98909867973862,-0.0450980050105107,0.128764592261756,0.0554044354095783,0.98909867973862,-0.0450980050105107,0.128764592261756,0.0554044354095783,0.994364609287083,-0.0422239318619555,0.0783297024018613,0.0576248305602639,0.994368647863693,-0.0422209597722518,0.0782784173750867,0.0576270082070211,0.98909867973862,-0.0450980050105107,0.128764592261756,0.0554044354095783,0.968974490921781,-0.0509098905076102,0.236611399606808,0.0501165099292172,0.98909867973862,-0.0450980050105107,0.128764592261756,0.0554044354095783,0.98909867973862,-0.0450980050105107,0.128764592261756,0.0554044354095783,0.98909626645157,-0.0451025464632313,0.128758735177006,0.0554574080688483,0.98909626645157,-0.0451025464632313,0.128758735177006,0.0554574080688483,0.989098218364463,-0.0450989047642606,0.128763444597193,0.055414605951642,0.98909867973862,-0.0450980050105107,0.128764592261756,0.0554044354095783,0.98909626645157,-0.0451025464632313,0.128758735177006,0.0554574080688483,0.98909626645157,-0.0451025464632313,0.128758735177006,0.0554574080688483,0.989098218364463,-0.0450989047642606,0.128763444597193,0.055414605951642,0.995023248330507,-0.0380936426639899,-0.0134746242980175,0.0910826227686832,0.942671348895419,-0.200196608949139,0.180990665349974,0.196301871598644,0.934682737118244,-0.14461605791587,0.268509292373269,0.182639362228492,0.972479895247398,-0.0878013076427438,-0.00345144857319077,0.215781999292297,0.993630549834969,-0.0329076528225496,0.0128653710857824,0.107004201072639,0.986487873772719,-0.0308867158570237,0.0638426018764016,0.147688211677844,0.994044849826015,-0.0178560524172839,-0.00853085560677374,0.107159798567683,0.994044849826015,-0.0178560524172839,-0.00853085560677374,0.107159798567683
510,1280,0.989170628508011,-0.0449112184547709,0.128914228727321,0.053903355977288,0.989170628508011,-0.0449112184547709,0.128914228727321,0.053903355977288,0.9944440699794,-0.0421136753298725,0.0784754888745548,0.0561161980083868,0.994448116074925,-0.0421107810489009,0.0784241997493557,0.0561183699706069,0.989170628508011,-0.0449112184547709,0.128914228727321,0.053903355977288,0.969029570975283,-0.0505593809000545,0.236768032569336,0.048645023709621,0.989170628508011,-0.0449112184547709,0.128914228727321,0.053903355977288,0.989170628508011,-0.0449112184547709,0.128914228727321,0.053903355977288,0.989166968698538,-0.0449207875058973,0.128906461643912,0.0539810617906122,0.989166968698538,-0.0449207875058973,0.128906461643912,0.0539810617906122,0.989169915898535,-0.0449130958403811,0.128912722383163,0.053918469109195,0.989170628508011,-0.0449112184547709,0.128914228727321,0.053903355977288,0.989166968698538,-0.0449207875058973,0.128906461643912,0.0539810617906122,0.989166968698538,-0.0449207875058973,0.128906461643912,0.0539810617906122,0.989169915898535,-0.0449130958403811,0.128912722383163,0.053918469109195,0.994956829030809,-0.0362270235373515,-0.0187389384210803,0.0916371284874899,0.941361389602079,-0.204605380508739,0.182827828454268,0.196339903167985,0.930608276631488,-0.150584069033516,0.275891394427275,0.187554291071292,0.970632798740456,-0.0920830163590071,0.00444927671911402,0.222200117111069,0.993637297424446,-0.0335403470142208,0.0138055393484101,0.106627263739193,0.986534012343232,-0.0313827738485743,0.0641898472627621,0.147123850900922,0.994040463403164,-0.0180177399104731,-0.00842954823521666,0.107181439075486,0.994040463403164,-0.0180177399104731,-0.00842954823521666,0.107181439075486
511,1281,0.989208884403073,-0.0446839733845838,0.129105039619017,0.0529246094512312,0.989208884403073,-0.0446839733845838,0.129105039619017,0.0529246094512312,0.994491973926762,-0.0419364662932591,0.0786641089204772,0.0551271671486382,0.99449602975041,-0.0419336230223546,0.0786128173243537,0.0551293299725165,0.989208884403073,-0.0446839733845838,0.129105039619017,0.0529246094512312,0.969046640062119,-0.0502260216175498,0.236961890651889,0.0476971541653479,0.989208884403073,-0.0446839733845838,0.129105039619017,0.0529246094512312,0.989208884403073,-0.0446839733845838,0.129105039619017,0.0529246094512312,0.98920681712382,-0.0446958153807125,0.129095114438726,0.0529774336040037,0.98920681712382,-0.0446958153807125,0.129095114438726,0.0529774336040037,0.989208500000191,-0.0446862648481597,0.129103117135715,0.0529345483322074,0.989208884403073,-0.0446839733845838,0.129105039619017,0.0529246094512312,0.98920681712382,-0.0446958153807125,0.129095114438726,0.0529774336040037,0.98920681712382,-0.0446958153807125,0.129095114438726,0.0529774336040037,0.989208500000191,-0.0446862648481597,0.129103117135715,0.0529345483322074,0.994917031863642,-0.0342219087200203,-0.023719941017205,0.0916860134881025,0.939952979039777,-0.208755942886516,0.184501934309477,0.19715067775656,0.926820244099362,-0.155761980953291,0.282543839232429,0.19212344814963,0.968849001049656,-0.0959377406016503,0.012585671443625,0.227967462519649,0.993644351726962,-0.0342026383525752,0.0146701528469654,0.106234968001477,0.986576601579781,-0.0317736799063278,0.0645101046779227,0.1466133993704,0.994035392558356,-0.0181819585860063,-0.00840503754503266,0.107202658862539,0.994035392558356,-0.0181819585860063,-0.00840503754503266,0.107202658862539
512,1282,0.989235292979535,-0.0444621337901872,0.129330174458212,0.0520611155962385,0.989235292979535,-0.0444621337901872,0.129330174458212,0.0520611155962385,0.994529790295316,-0.0417587983157594,0.0788876106676729,0.0542535147389103,0.994533857646143,-0.0417560001042131,0.0788363171208515,0.0542556684006231,0.989235292979535,-0.0444621337901872,0.129330174458212,0.0520611155962385,0.969048163937409,-0.0499106924962458,0.237188563955421,0.0468632465034873,0.989235292979535,-0.0444621337901872,0.129330174458212,0.0520611155962385,0.989235292979535,-0.0444621337901872,0.129330174458212,0.0520611155962385,0.98923389151343,-0.0444738188750637,0.129318424374345,0.0521069326788774,0.98923389151343,-0.0444738188750637,0.129318424374345,0.0521069326788774,0.989235029287283,-0.0444643752915523,0.12932790443867,0.0520698501478717,0.989235292979535,-0.0444621337901872,0.129330174458212,0.0520611155962385,0.98923389151343,-0.0444738188750637,0.129318424374345,0.0521069326788774,0.98923389151343,-0.0444738188750637,0.129318424374345,0.0521069326788774,0.989235029287283,-0.0444643752915523,0.12932790443867,0.0520698501478717,0.994865317966527,-0.0319471652453817,-0.0285759556885246,0.0916831091130389,0.938428320271685,-0.21258843745883,0.186155460121685,0.198757612779387,0.923301635421382,-0.160487864789365,0.28824694103041,0.196650543528774,0.967038173480438,-0.0994991389645868,0.0202331415456468,0.233511696409661,0.993643795036335,-0.0348792446272863,0.0154012160667869,0.105916237771571,0.986599746458501,-0.0321488904167167,0.0648704778544826,0.146216313166233,0.9940299561314,-0.018314715026772,-0.00840105194671571,0.107230778478407,0.9940299561314,-0.018314715026772,-0.00840105194671571,0.107230778478407
513,1283,0.989263025613022,-0.044201578150099,0.129502690865591,0.0513219222416851,0.989263025613022,-0.044201578150099,0.129502690865591,0.0513219222416851,0.99456625480851,-0.0415361470606122,0.0790584946898999,0.0535020345491653,0.99457033097273,-0.041533387607382,0.0790071992621731,0.053504176728512,0.989263025613022,-0.044201578150099,0.129502690865591,0.0513219222416851,0.969056782569339,-0.0495705325570089,0.237363082518785,0.0461571393779489,0.989263025613022,-0.044201578150099,0.129502690865591,0.0513219222416851,0.989263025613022,-0.044201578150099,0.129502690865591,0.0513219222416851,0.989261585945485,-0.0442151909492516,0.129493479770282,0.0513611736521704,0.989261585945485,-0.0442151909492516,0.129493479770282,0.0513611736521704,0.989262748880641,-0.0442042062661637,0.129500943424082,0.0513294016891854,0.989263025613022,-0.044201578150099,0.129502690865591,0.0513219222416851,0.989261585945485,-0.0442151909492516,0.129493479770282,0.0513611736521704,0.989261585945485,-0.0442151909492516,0.129493479770282,0.0513611736521704,0.989262748880641,-0.0442042062661637,0.129500943424082,0.0513294016891854,0.994786827845826,-0.0293744338809662,-0.0333243142806907,0.0917921557451059,0.93679960274617,-0.216084252192844,0.187735853873993,0.201169951580946,0.919937946638698,-0.165082201457328,0.293020088290599,0.201497565628837,0.965095912831628,-0.102908553716314,0.027138106848901,0.239297370993419,0.993645861297614,-0.0354934497297498,0.0159887264692475,0.105605293325178,0.986605201391161,-0.0325018323201501,0.0652535885160995,0.145930725584129,0.994025559835535,-0.0184089385799414,-0.00837469989102302,0.107257455571846,0.994025559835535,-0.0184089385799414,-0.00837469989102302,0.107257455571846
514,1284,0.989294845607906,-0.0439101485840264,0.129596591594171,0.0507181501253004,0.989294845607906,-0.0439101485840264,0.129596591594171,0.0507181501253004,0.994602805954097,-0.0412757793292432,0.0791506568983082,0.0528842315020971,0.994606886871587,-0.0412730517399042,0.0790993595853125,0.0528863602536511,0.989294845607906,-0.0439101485840264,0.129596591594171,0.0507181501253004,0.969078097640502,-0.0492145577955419,0.237459909821979,0.0455890250147231,0.989294845607906,-0.0439101485840264,0.129596591594171,0.0507181501253004,0.989294845607906,-0.0439101485840264,0.129596591594171,0.0507181501253004,0.989293194801747,-0.0439254012440863,0.129591437597721,0.0507503019286974,0.989293194801747,-0.0439254012440863,0.129591437597721,0.0507503019286974,0.98929452694356,-0.0439130892632954,0.12959563541408,0.0507242627594836,0.989294845607906,-0.0439101485840264,0.129596591594171,0.0507181501253004,0.989293194801747,-0.0439254012440863,0.129591437597721,0.0507503019286974,0.989293194801747,-0.0439254012440863,0.129591437597721,0.0507503019286974,0.98929452694356,-0.0439130892632954,0.12959563541408,0.0507242627594836,0.994662681578313,-0.0265487508626233,-0.0379158599090984,0.0922155153454606,0.935124149222114,-0.219228034803234,0.189115432285908,0.204248005055726,0.916977227587889,-0.168856659446409,0.296883916651932,0.206155603075048,0.963257885202252,-0.105709556225691,0.0334894382910305,0.244618465863076,0.993652373349358,-0.0360192306159475,0.0164704855286681,0.105291495712961,0.986593016297883,-0.0328435311959036,0.065683649028298,0.145743544972519,0.994018989546622,-0.0185235537636306,-0.00838091302307474,0.107298120550075,0.994018989546622,-0.0185235537636306,-0.00838091302307474,0.107298120550075
515,1285,0.989332164767955,-0.0435800708401484,0.129593231593244,0.0502816020661491,0.989332164767956,-0.0435800708401484,0.129593231593244,0.0502816020661491,0.994639906122908,-0.0409683146170822,0.0791454045857487,0.0524314722109411,0.994643986769458,-0.0409656103794712,0.0790941053592977,0.0524335851054291,0.989332164767955,-0.0435800708401484,0.129593231593244,0.0502816020661491,0.969115560068388,-0.0488385336628574,0.237460668643386,0.0451913676539322,0.989332164767955,-0.0435800708401484,0.129593231593244,0.0502816020661491,0.989332164767955,-0.0435800708401484,0.129593231593244,0.0502816020661491,0.989330224269072,-0.0435973377137021,0.129593142941328,0.0503050374671697,0.989330224269072,-0.0435973377137021,0.129593142941328,0.0503050374671697,0.989331789899361,-0.0435834010910518,0.129593255829206,0.0502860287500369,0.989332164767955,-0.0435800708401484,0.129593231593244,0.0502816020661491,0.989330224269072,-0.0435973377137021,0.129593142941328,0.0503050374671697,0.989330224269072,-0.0435973377137021,0.129593142941328,0.0503050374671697,0.989331789899361,-0.0435834010910518,0.129593255829206,0.0502860287500369,0.994479062735678,-0.0235300072088867,-0.0422818825363971,0.0931127002631525,0.93343831934713,-0.22204264383679,0.190262669703986,0.207822243298174,0.914686024291983,-0.170707139715268,0.300072402986062,0.210154948505447,0.961876168428373,-0.10675018513824,0.0385772818956616,0.248818061852524,0.993660327723581,-0.0364429908472512,0.0168699020003178,0.105006989923877,0.986565364766643,-0.0331547570368465,0.0661783754689096,0.145636416287218,0.994013321977963,-0.0186157197218774,-0.00834115598782568,0.107337765145163,0.994013321977963,-0.0186157197218774,-0.00834115598782568,0.107337765145163
516,1286,0.989364595428412,-0.043253644674809,0.129539116946769,0.0500643257796468,0.989364595428412,-0.043253644674809,0.129539116946769,0.0500643257796468,0.994669544630541,-0.0406533528204687,0.0790897116637016,0.0521978869101014,0.994673622404657,-0.0406506606305719,0.0790384109087017,0.0521999835605655,0.989364595428412,-0.043253644674809,0.129539116946769,0.0500643257796468,0.96915373758858,-0.0484902200822092,0.237410442956205,0.0450112547015095,0.989364595428412,-0.043253644674809,0.129539116946769,0.0500643257796468,0.989364595428412,-0.043253644674809,0.129539116946769,0.0500643257796468,0.989362881103857,-0.0432708295123495,0.129541818800872,0.0500763615786073,0.989362881103857,-0.0432708295123495,0.129541818800872,0.0500763615786073,0.989364268165989,-0.0432569422737238,0.12953965843942,0.050066542849532,0.989364595428412,-0.043253644674809,0.129539116946769,0.0500643257796468,0.989362881103857,-0.0432708295123495,0.129541818800872,0.0500763615786073,0.989362881103857,-0.0432708295123495,0.129541818800872,0.0500763615786073,0.989364268165989,-0.0432569422737238,0.12953965843942,0.050066542849532,0.994218735051327,-0.0204221041606846,-0.0464533483913917,0.0946262699138939,0.931812504095901,-0.224455897032662,0.191034591711172,0.211780056349827,0.912703635730603,-0.171562431564418,0.301811195109191,0.215518927026388,0.960367510407985,-0.106576833258087,0.0425695797708722,0.254014673677681,0.993667041114909,-0.0367594405637548,0.0171985975522481,0.104779593307179,0.986523219927318,-0.0334571276448211,0.0667196603982731,0.145605783093713,0.994009248693896,-0.018677585830057,-0.00829952758794784,0.107367961424135,0.994009248693896,-0.018677585830057,-0.00829952758794784,0.107367961424135
517,1287,0.989379605262027,-0.042986740398854,0.129503497084957,0.0500897303267156,0.989379605262027,-0.042986740398854,0.129503497084957,0.0500897303267156,0.994682724775818,-0.0403855023416176,0.0790533749958423,0.0522096938789796,0.994686800675832,-0.0403828095431259,0.0790020735611172,0.0522117767148866,0.989379605262027,-0.042986740398854,0.129503497084957,0.0500897303267156,0.969172568506695,-0.0482277202653974,0.237376686976237,0.0450658177815973,0.989379605262027,-0.042986740398854,0.129503497084957,0.0500897303267156,0.989379605262027,-0.042986740398854,0.129503497084957,0.0500897303267156,0.989378770995812,-0.0430009449390874,0.129505413424936,0.0500890619876045,0.989378770995812,-0.0430009449390874,0.129505413424936,0.0500890619876045,0.989379452258811,-0.0429894424336144,0.129503858746642,0.0500894984705589,0.989379605262027,-0.042986740398854,0.129503497084957,0.0500897303267156,0.989378770995812,-0.0430009449390874,0.129505413424936,0.0500890619876045,0.989378770995812,-0.0430009449390874,0.129505413424936,0.0500890619876045,0.989379452258811,-0.0429894424336144,0.129503858746642,0.0500894984705589,0.99386997403126,-0.0173236852439725,-0.0505139446478756,0.0968024072261727,0.930538988721198,-0.225749791907739,0.190860800180236,0.216116581681975,0.911074992096405,-0.173410812412798,0.300365567384654,0.222826333373241,0.958170415621799,-0.107772367204141,0.0467607733139648,0.260975097611717,0.993662682685818,-0.0369588693853752,0.0174211957923282,0.104713976853829,0.98645771916542,-0.0338170533658921,0.0673257107854761,0.145687418358061,0.994004235754207,-0.018706920811733,-0.00824052411977504,0.107413798828044,0.994004235754207,-0.018706920811733,-0.00824052411977504,0.107413798828044
518,1288,0.98936027268995,-0.0428459591001219,0.129607353301751,0.0503230422547492,0.98936027268995,-0.0428459591001219,0.129607353301751,0.0503230422547492,0.994668695421869,-0.0402330454743209,0.0791580795293527,0.0524355494377986,0.994672776722098,-0.0402303410274025,0.0791067788180602,0.0524376244103553,0.98936027268995,-0.0428459591001219,0.129607353301751,0.0503230422547492,0.969141947083447,-0.048113413520404,0.237477791825518,0.0453131794558405,0.98936027268995,-0.0428459591001219,0.129607353301751,0.0503230422547492,0.98936027268995,-0.0428459591001219,0.129607353301751,0.0503230422547492,0.989361199708297,-0.0428537084832613,0.129602256583335,0.0503113433481873,0.989361199708297,-0.0428537084832613,0.129602256583335,0.0503113433481873,0.989360464907836,-0.0428473939517614,0.129606318411493,0.0503207068383483,0.98936027268995,-0.0428459591001219,0.129607353301751,0.0503230422547492,0.989361199708297,-0.0428537084832613,0.129602256583335,0.0503113433481873,0.989361199708297,-0.0428537084832613,0.129602256583335,0.0503113433481873,0.989360464907836,-0.0428473939517614,0.129606318411493,0.0503207068383483,0.993421825683857,-0.0143556776421705,-0.0544831811609104,0.0996923956226092,0.929257034784517,-0.226977191749264,0.190642367613952,0.220495363669287,0.910102599954091,-0.176493184173211,0.295496134768177,0.230749751536752,0.955531673529858,-0.110970406209851,0.0506352543921493,0.268478790297282,0.99363595898545,-0.037067107878296,0.0176156643821623,0.104896610493276,0.986378790795706,-0.034176882325246,0.068016024655962,0.145817153219117,0.994000413254646,-0.0187453977898224,-0.0081774585012443,0.107447278624241,0.994000413254646,-0.0187453977898224,-0.0081774585012443,0.107447278624241
519,1289,0.989307239200259,-0.0428604085894453,0.129819363778051,0.0508045729218408,0.989307239200259,-0.0428604085894453,0.129819363778051,0.0508045729218408,0.994626505373998,-0.0402230036886031,0.0793725113202572,0.0529171921826117,0.994630597733725,-0.0402202744006985,0.0793212127846554,0.0529192666366169,0.989307239200258,-0.0428604085894453,0.129819363778051,0.0508045729218408,0.969065950779569,-0.0481806587000271,0.237682695595339,0.0457902105417341,0.989307239200258,-0.0428604085894453,0.129819363778051,0.0508045729218408,0.989307239200258,-0.0428604085894453,0.129819363778051,0.0508045729218408,0.98930994411877,-0.0428600738827488,0.1298085093223,0.0507799117959352,0.98930994411877,-0.0428600738827488,0.1298085093223,0.0507799117959352,0.989307772840865,-0.0428602785030009,0.129817233505832,0.0507997343318262,0.989307239200258,-0.0428604085894453,0.129819363778051,0.0508045729218408,0.98930994411877,-0.0428600738827488,0.1298085093223,0.0507799117959352,0.98930994411877,-0.0428600738827488,0.1298085093223,0.0507799117959352,0.989307772840865,-0.0428602785030009,0.129817233505832,0.0507997343318262,0.992882631131235,-0.0115444644802942,-0.058381010684661,0.103162317389722,0.928424985544553,-0.226802446113388,0.189495721609768,0.225120119370024,0.912038207831382,-0.17366391389192,0.28955856105007,0.23277240427094,0.955356158710967,-0.110513712623798,0.0543365699569947,0.268568178495589,0.993578069583721,-0.0371076324813108,0.0177092993618797,0.105413585320061,0.986288910810998,-0.0345430312550028,0.0687836665554106,0.145978664941718,0.993993317782344,-0.0187912919398066,-0.00806602543439118,0.107513305153239,0.993993317782344,-0.0187912919398066,-0.00806602543439118,0.107513305153239
520,1290,0.989228441811016,-0.0429796534938011,0.130109783374725,0.0514906163090353,0.989228441811016,-0.0429796534938011,0.130109783374725,0.0514906163090353,0.994562569670336,-0.0403072280390624,0.0796665602897865,0.0536084093229647,0.994566677195892,-0.040304463101127,0.079615265051314,0.0536104881199695,0.989228441811016,-0.0429796534938011,0.130109783374725,0.0514906163090353,0.968955735300811,-0.0483745255845543,0.237962704736129,0.0464590083493052,0.989228441811016,-0.0429796534938011,0.130109783374725,0.0514906163090353,0.989228441811016,-0.0429796534938011,0.130109783374725,0.0514906163090353,0.989232531418239,-0.0429736751422535,0.130094721576565,0.0514550818340333,0.989232531418239,-0.0429736751422535,0.130094721576565,0.0514550818340333,0.989229237978346,-0.042978459867905,0.130106858251517,0.0514837076372996,0.989228441811016,-0.0429796534938011,0.130109783374725,0.0514906163090353,0.989232531418239,-0.0429736751422535,0.130094721576565,0.0514550818340333,0.989232531418239,-0.0429736751422535,0.130094721576565,0.0514550818340333,0.989229237978346,-0.042978459867905,0.130106858251517,0.0514837076372996,0.992261556901744,-0.00892345800586258,-0.0622328027827695,0.10707218523009,0.928106414959572,-0.22516598704506,0.187352274876574,0.229821421733238,0.914909113902777,-0.169399895462731,0.283169722397604,0.232507842947536,0.95625457069636,-0.108033113653976,0.0531128459736367,0.266617831303773,0.993489770231686,-0.037126336804093,0.0177045401040639,0.106236814806372,0.986195788010522,-0.0349210202213058,0.0696030894055109,0.146129394723366,0.993984281884457,-0.0188376745217621,-0.00792577614959394,0.107599123870407,0.993984281884457,-0.0188376745217621,-0.00792577614959394,0.107599123870407
521,1291,0.989133554036776,-0.0431674787096632,0.130408220811924,0.0523934824677116,0.989133554036776,-0.0431674787096632,0.130408220811924,0.0523934824677116,0.994482971862132,-0.0404489245950921,0.0799694344923047,0.0545196544591415,0.994487095008703,-0.0404461126589799,0.0799181433587318,0.0545217405630152,0.989133554036776,-0.0431674787096632,0.130408220811924,0.0523934824677116,0.968828646222562,-0.0486603700549124,0.23824891612621,0.0473357857161221,0.989133554036776,-0.0431674787096632,0.130408220811924,0.0523934824677116,0.989133554036776,-0.0431674787096632,0.130408220811924,0.0523934824677116,0.989138527014904,-0.043157789581763,0.130392549025929,0.0523465637050121,0.989138527014904,-0.043157789581763,0.130392549025929,0.0523465637050121,0.989134515593323,-0.0431655887267991,0.130405207807727,0.0523843849678008,0.989133554036776,-0.0431674787096632,0.130408220811924,0.0523934824677116,0.989138527014904,-0.043157789581763,0.130392549025929,0.0523465637050121,0.989138527014904,-0.043157789581763,0.130392549025929,0.0523465637050121,0.989134515593323,-0.0431655887267991,0.130405207807727,0.0523843849678008,0.991570649959858,-0.00659377821452686,-0.0660280455286766,0.111285513121458,0.927785784382716,-0.223448747804983,0.185154878815136,0.234524766821516,0.916902416687295,-0.168935458602214,0.274661061995815,0.235185182618272,0.955930673991632,-0.108073952142218,0.0484281656226362,0.268647129455521,0.99337034804965,-0.0371249455894992,0.0176165242046741,0.107362694198875,0.986106608324814,-0.0352772510592724,0.0704134935845017,0.146257350232591,0.993975585984159,-0.0188515156980577,-0.00770776948733985,0.107692827583204,0.993975585984159,-0.0188515156980577,-0.00770776948733985,0.107692827583204
522,1292,0.989027275736369,-0.0434190157316908,0.130691094627463,0.0534759264292197,0.989027275736369,-0.0434190157316908,0.130691094627463,0.0534759264292197,0.994391207265254,-0.0406451240260829,0.0802573440812641,0.0556134833244283,0.994395345261049,-0.0406422556748614,0.0802060576801198,0.0556155795459449,0.989027275736369,-0.0434190157316908,0.130691094627463,0.0534759264292197,0.968691944759501,-0.0490292627041642,0.238518407095728,0.0483840576353223,0.989027275736369,-0.0434190157316908,0.130691094627463,0.0534759264292197,0.989027275736369,-0.0434190157316908,0.130691094627463,0.0534759264292197,0.98903287224865,-0.043405955911355,0.130676171829594,0.0534194601149305,0.98903287224865,-0.043405955911355,0.130676171829594,0.0534194601149305,0.989028354739067,-0.0434164817509877,0.130688236631268,0.0534650113692187,0.989027275736369,-0.0434190157316908,0.130691094627463,0.0534759264292197,0.98903287224865,-0.043405955911355,0.130676171829594,0.0534194601149305,0.98903287224865,-0.043405955911355,0.130676171829594,0.0534194601149305,0.989028354739067,-0.0434164817509877,0.130688236631268,0.0534650113692187,0.990843662723703,-0.00443670210138466,-0.0697432025129121,0.115520722894134,0.928020576797347,-0.220488938901211,0.18178346820755,0.238992065871174,0.919333348930268,-0.168433961636725,0.264770058972549,0.237387889294483,0.955681252780519,-0.10873666926094,0.0441625822108002,0.269998789209079,0.99322307858594,-0.0370650446896915,0.017489339801651,0.10875762786914,0.986012239339965,-0.0356275180889169,0.071208888802596,0.146423488491811,0.993965911834741,-0.0188309525037416,-0.00746108668080292,0.107803031144193,0.993965911834741,-0.0188309525037416,-0.00746108668080292,0.107803031144193
523,1293,0.988908347319781,-0.0437719454912656,0.130980404728685,0.0546665433906226,0.988908347319781,-0.0437719454912656,0.130980404728685,0.0546665433906226,0.994287136008191,-0.0409370875404037,0.0805523245490822,0.0568204984321545,0.99429128921791,-0.0409341569363004,0.0805010435150801,0.0568226097102507,0.988908347319781,-0.0437719454912656,0.130980404728685,0.0546665433906226,0.968541962847105,-0.0495108146558922,0.238792906146536,0.0495287129903356,0.988908347319781,-0.0437719454912656,0.130980404728685,0.0546665433906226,0.988908347319781,-0.0437719454912656,0.130980404728685,0.0546665433906226,0.988914615778853,-0.0437536478751732,0.13096519866998,0.0546041915416052,0.988914615778853,-0.0437536478751732,0.13096519866998,0.0546041915416052,0.988909555568131,-0.0437683912146708,0.130977484129516,0.0546545285189114,0.988908347319781,-0.0437719454912656,0.130980404728685,0.0546665433906226,0.988914615778853,-0.0437536478751732,0.13096519866998,0.0546041915416052,0.988914615778853,-0.0437536478751732,0.13096519866998,0.0546041915416052,0.988909555568131,-0.0437683912146708,0.130977484129516,0.0546545285189114,0.990113610449422,-0.00234922413338851,-0.073314595781273,0.119559565046922,0.928654597651473,-0.216671999749048,0.177592862529574,0.24313506115754,0.923331465707792,-0.164376789681711,0.254422023301446,0.236026925385713,0.956937469336197,-0.106811095708861,0.0392713800029604,0.267057724708669,0.99305210020404,-0.0369899379871571,0.0173755149320983,0.110351086305918,0.985910172857061,-0.0359254722177549,0.0719847094639878,0.146658423236708,0.993955798787572,-0.0187842071868115,-0.00720621652360376,0.107921703379528,0.993955798787572,-0.0187842071868115,-0.00720621652360376,0.107921703379528
524,1294,0.988778356798717,-0.0441561527440631,0.131291552243223,0.0559475076374071,0.988778356798717,-0.0441561527440632,0.131291552243223,0.0559475076374071,0.994173126774576,-0.0412556964513434,0.0808696764137701,0.0581193336705555,0.994177296352051,-0.0412526988586472,0.0808184012594372,0.0581214613793608,0.988778356798717,-0.0441561527440631,0.131291552243223,0.0559475076374071,0.968378587495014,-0.0500333771092538,0.239087895647535,0.0507597341505839,0.988778356798717,-0.0441561527440631,0.131291552243223,0.0559475076374071,0.988778356798717,-0.0441561527440631,0.131291552243223,0.0559475076374071,0.988785218867734,-0.0441360296870809,0.131275241080805,0.0558803445884585,0.988785218867734,-0.0441360296870809,0.131275241080805,0.0558803445884585,0.988779678272316,-0.0441522755511127,0.131288412820569,0.0559345783787581,0.988778356798717,-0.0441561527440631,0.131291552243223,0.0559475076374071,0.988785218867734,-0.0441360296870809,0.131275241080805,0.0558803445884585,0.988785218867734,-0.0441360296870809,0.131275241080805,0.0558803445884585,0.988779678272316,-0.0441522755511127,0.131288412820569,0.0559345783787581,0.989417152652647,-0.000167511411773307,-0.0766607293510635,0.123194166063244,0.929684279497137,-0.212083446146748,0.172688872622137,0.24675150576826,0.927899997539187,-0.159193506445715,0.243179239466806,0.233501348100263,0.958650840704237,-0.104040698594423,0.0335128864459374,0.262756512945173,0.992864401284989,-0.0368994815467097,0.0172853950643083,0.112071066917628,0.985799682907912,-0.0361432884013966,0.0726974444621858,0.146995678340763,0.993941512492536,-0.0187622201375355,-0.00704013131145211,0.108067966533475,0.993941512492536,-0.0187622201375355,-0.00704013131145211,0.108067966533475
525,1295,0.988652665608672,-0.0445040608690849,0.131566794899119,0.0572317554422501,0.988652665608672,-0.0445040608690849,0.131566794899119,0.0572317554422501,0.994061586540561,-0.0415378862651492,0.0811509513168016,0.0594196034105266,0.994065770625098,-0.0415348216099232,0.0810996819148459,0.0594217456717033,0.988652665608672,-0.0445040608690849,0.131566794899119,0.0572317554422501,0.968223428643615,-0.0505202206118962,0.23934766963721,0.0519980054825767,0.988652665608672,-0.0445040608690849,0.131566794899119,0.0572317554422501,0.988652665608672,-0.0445040608690849,0.131566794899119,0.0572317554422501,0.988659341745472,-0.0444856614856103,0.131552223653645,0.0571641876823238,0.988659341745472,-0.0444856614856103,0.131552223653645,0.0571641876823238,0.988653945034237,-0.0445005434333631,0.131564012314871,0.0572187842057867,0.988652665608672,-0.0445040608690849,0.131566794899119,0.0572317554422501,0.988659341745472,-0.0444856614856103,0.131552223653645,0.0571641876823238,0.988659341745472,-0.0444856614856103,0.131552223653645,0.0571641876823238,0.988653945034237,-0.0445005434333631,0.131564012314871,0.0572187842057867,0.988773874483818,0.00213642355950078,-0.0798007766401407,0.126307152925967,0.931145340526669,-0.206668583567477,0.167085579796641,0.249677512815446,0.932205737997502,-0.15510454876486,0.23071177993776,0.231747957045866,0.959947685340737,-0.102255882812396,0.0271275646986329,0.259438376252899,0.992660919582966,-0.0368561880643933,0.0172639812677128,0.11387657829796,0.985685846722148,-0.0362855819259739,0.073332883215085,0.147407789330477,0.993929364022427,-0.0187181558162978,-0.00689266376778277,0.108196770575638,0.993929364022427,-0.0187181558162978,-0.00689266376778277,0.108196770575638
526,1296,0.988546298767865,-0.0447233864482054,0.131721599203597,0.0585273799192034,0.988546298767865,-0.0447233864482055,0.131721599203597,0.0585273799192034,0.993963224702413,-0.0416910815090403,0.0813109613986847,0.0607247002315273,0.993967417039692,-0.0416879495424967,0.0812596970695841,0.0607268503921004,0.988546298767865,-0.0447233864482055,0.131721599203597,0.0585273799192034,0.968100704140423,-0.0508805087614932,0.239489856042413,0.0532617059788166,0.988546298767865,-0.0447233864482055,0.131721599203597,0.0585273799192034,0.988546298767865,-0.0447233864482055,0.131721599203597,0.0585273799192034,0.988551996847927,-0.0447115022741255,0.131713136543328,0.0584592230044617,0.988551996847927,-0.0447115022741255,0.131713136543328,0.0584592230044617,0.988547384031477,-0.0447211584155432,0.131720024506901,0.0585142944791925,0.988546298767865,-0.0447233864482055,0.131721599203597,0.0585273799192034,0.988551996847927,-0.0447115022741255,0.131713136543328,0.0584592230044617,0.988551996847927,-0.0447115022741255,0.131713136543328,0.0584592230044617,0.988547384031477,-0.0447211584155432,0.131720024506901,0.0585142944791925,0.988194957997634,0.00444888555309341,-0.082712649189098,0.128878043395728,0.933018948763242,-0.200506421755999,0.160805227034255,0.251822348177843,0.936581559269759,-0.150691803379086,0.217642019728375,0.229649547090212,0.961318367585003,-0.100273583406557,0.0204954155684937,0.25571887406914,0.992457332591845,-0.036864985435527,0.0172868695897695,0.115631224041363,0.98558195779371,-0.0363556185117171,0.0738877463814266,0.147807558699895,0.993915484740336,-0.018655309245895,-0.00684250140845131,0.108338214886538,0.993915484740336,-0.018655309245895,-0.00684250140845131,0.108338214886538
527,1297,0.988465968603561,-0.0447942329701223,0.131741949621302,0.0597709320257039,0.988465968603561,-0.0447942329701223,0.131741949621302,0.0597709320257039,0.993884032608235,-0.0416986360241986,0.0813353680989437,0.0619702458953029,0.993888226204409,-0.041695439817916,0.0812841078541881,0.0619723964438479,0.988465968603561,-0.0447942329701223,0.131741949621302,0.0597709320257038,0.968018624937681,-0.0510874972396704,0.239501261272583,0.054489955481626,0.988465968603561,-0.0447942329701223,0.131741949621302,0.0597709320257038,0.988465968603561,-0.0447942329701223,0.131741949621302,0.0597709320257038,0.988470310763408,-0.0447900982806297,0.131740514397633,0.0597053490195848,0.988470310763408,-0.0447900982806297,0.131740514397633,0.0597053490195848,0.988466790545545,-0.0447935025772877,0.13174173140801,0.0597583661178025,0.988465968603561,-0.0447942329701223,0.131741949621302,0.0597709320257038,0.988470310763408,-0.0447900982806297,0.131740514397633,0.0597053490195848,0.988470310763408,-0.0447900982806297,0.131740514397633,0.0597053490195848,0.988466790545545,-0.0447935025772877,0.13174173140801,0.0597583661178025,0.98768587035653,0.00669355151833754,-0.0854258014989945,0.130897862107788,0.93523964056656,-0.193568365054814,0.153931764607461,0.253304391212966,0.941326375208482,-0.144687983557537,0.204239423339312,0.226398543954991,0.963124082600566,-0.097092086876368,0.0141805579555877,0.250527523351982,0.992269658113033,-0.0369055628551098,0.01739530907876,0.117201997596658,0.985494479589384,-0.0363296724164563,0.0743542130765982,0.148162871863104,0.993903125968522,-0.0185713438381254,-0.00684681112323197,0.108465674549561,0.993903125968522,-0.0185713438381254,-0.00684681112323197,0.108465674549561
528,1298,0.988403504112442,-0.0447645557955176,0.131684028996884,0.0609423014811946,0.988403504112441,-0.0447645557955176,0.131684028996884,0.0609423014811946,0.993818705167838,-0.0416094652537642,0.081280696928159,0.0631385933220768,0.993822895944402,-0.0416062087894144,0.0812294400527762,0.0631407392700344,0.988403504112441,-0.0447645557955176,0.131684028996884,0.0609423014811945,0.967962899294317,-0.05118664276409,0.239436830968723,0.0556574987574563,0.988403504112441,-0.0447645557955176,0.131684028996884,0.0609423014811945,0.988403504112441,-0.0447645557955176,0.131684028996884,0.0609423014811945,0.988406880558156,-0.0447658345556177,0.131686858078851,0.0608804560688844,0.988406880558156,-0.0447658345556177,0.131686858078851,0.0608804560688844,0.988404143874877,-0.04476484557581,0.131684606940138,0.0609304625500883,0.988403504112441,-0.0447645557955176,0.131684028996884,0.0609423014811945,0.988406880558156,-0.0447658345556177,0.131686858078851,0.0608804560688844,0.988406880558156,-0.0447658345556177,0.131686858078851,0.0608804560688844,0.988404143874877,-0.04476484557581,0.131684606940138,0.0609304625500883,0.987258225940239,0.00876850678708097,-0.087854236683814,0.132385579648089,0.937714887583949,-0.185799299409224,0.146582782511593,0.254328326801444,0.946112896816209,-0.13769744857829,0.190534476200917,0.222724970562155,0.965073315985096,-0.0930875718222067,0.00815444152882836,0.244748245814202,0.992106226966739,-0.0369721933818671,0.0175778968300597,0.118529780533785,0.98542520481378,-0.0362474336180196,0.0747346413301755,0.148452088766297,0.993892113267163,-0.0184823085344338,-0.00688196173812401,0.108579510310231,0.993892113267163,-0.0184823085344338,-0.00688196173812401,0.108579510310231
529,1299,0.988362612342928,-0.0446356840914764,0.13153596118018,0.0620104277098238,0.988362612342928,-0.0446356840914764,0.13153596118018,0.0620104277098238,0.993770341063148,-0.0414264752238791,0.0811348986821651,0.0641987896271783,0.993774524320149,-0.0414231640795428,0.0810836443013826,0.0642009261359105,0.988362612342928,-0.0446356840914764,0.13153596118018,0.0620104277098238,0.967938516108665,-0.0511758552995157,0.239285167936264,0.0567333171375727,0.988362612342928,-0.0446356840914764,0.13153596118018,0.0620104277098238,0.988362612342928,-0.0446356840914764,0.13153596118018,0.0620104277098238,0.988364856704247,-0.0446421930138537,0.131543510145749,0.0619539310572172,0.988364856704247,-0.0446421930138537,0.131543510145749,0.0619539310572172,0.988363033562611,-0.0446369759732241,0.131537448423848,0.0619996284264923,0.988362612342928,-0.0446356840914764,0.13153596118018,0.0620104277098238,0.988364856704247,-0.0446421930138537,0.131543510145749,0.0619539310572172,0.988364856704247,-0.0446421930138537,0.131543510145749,0.0619539310572172,0.988363033562611,-0.0446369759732241,0.131537448423848,0.0619996284264923,0.986916750656686,0.010610891314017,-0.0899738211910716,0.13336959083332,0.940350554419036,-0.177233408260459,0.138807609211905,0.255071757403811,0.950708158377609,-0.130212996006461,0.17655656374138,0.219149157117048,0.966960247576488,-0.0886207743289638,0.00247026571961093,0.239014927884067,0.991971355174294,-0.0371089895423092,0.0178819683680717,0.119565833815966,0.985379395062011,-0.0361037291376233,0.0750235710547606,0.148645323894747,0.993879834106955,-0.0184551839391387,-0.00696091696864056,0.108691431015801,0.993879834106955,-0.0184551839391387,-0.00696091696864056,0.108691431015801
530,1300,0.988361101908602,-0.0444666167708395,0.131417004278707,0.0624069163905614,0.988361101908603,-0.0444666167708395,0.131417004278707,0.0624069163905614,0.993762786891247,-0.0412374758348997,0.0810161722726904,0.0645861734985847,0.993766964024875,-0.0412341447112704,0.0809649182816765,0.0645883002590503,0.988361101908602,-0.0444666167708395,0.131417004278707,0.0624069163905614,0.967950079002218,-0.0510513541735934,0.239166764704414,0.0571459749891937,0.988361101908602,-0.0444666167708395,0.131417004278707,0.0624069163905614,0.988361101908602,-0.0444666167708395,0.131417004278707,0.0624069163905614,0.988361295564686,-0.0444753958495336,0.131423330358982,0.0623842674965106,0.988361295564686,-0.0444753958495336,0.131423330358982,0.0623842674965106,0.988361122249689,-0.0444683204090174,0.131418208856429,0.0624028435754702,0.988361101908602,-0.0444666167708395,0.131417004278707,0.0624069163905614,0.988361295564686,-0.0444753958495336,0.131423330358982,0.0623842674965106,0.988361295564686,-0.0444753958495336,0.131423330358982,0.0623842674965106,0.988361122249689,-0.0444683204090174,0.131418208856429,0.0624028435754702,0.986604139545358,0.0123721136848754,-0.0919420146376902,0.134185947771351,0.943100664065031,-0.167689288300359,0.130838723775547,0.255582997067886,0.954927733701003,-0.122399488028605,0.162404225278445,0.216231950346638,0.968635129078404,-0.0837261147386494,-0.00284529346260545,0.233939797236695,0.991857131734,-0.0373052048735823,0.0183376427554426,0.12038057474492,0.985365423094088,-0.0359493307301245,0.0752422924782935,0.148664810944875,0.993874962866989,-0.0185050815265644,-0.0070640333924726,0.108720833220072,0.993874962866989,-0.0185050815265644,-0.0070640333924726,0.108720833220072
531,1301,0.988344065967872,-0.0443073459167589,0.131206603808521,0.0632273159397262,0.988344065967872,-0.0443073459167589,0.131206603808521,0.0632273159397262,0.993735079883939,-0.0410367160339056,0.0808069095123213,0.0653974182998219,0.993739246224758,-0.0410333430701294,0.0807556569505905,0.0653995347049071,0.988344065967872,-0.0443073459167589,0.131206603808521,0.0632273159397262,0.967956252898106,-0.0509831453766586,0.238955765974226,0.0579789036687637,0.988344065967872,-0.0443073459167589,0.131206603808521,0.0632273159397262,0.988344065967872,-0.0443073459167589,0.131206603808521,0.0632273159397262,0.988344945903344,-0.0443157492418546,0.131217442587504,0.0631851646927102,0.988344945903344,-0.0443157492418546,0.131217442587504,0.0631851646927102,0.988344240203535,-0.0443089558265351,0.131208720346846,0.0632190714500137,0.988344065967872,-0.0443073459167589,0.131206603808521,0.0632273159397262,0.988344945903344,-0.0443157492418546,0.131217442587504,0.0631851646927102,0.988344945903344,-0.0443157492418546,0.131217442587504,0.0631851646927102,0.988344240203535,-0.0443089558265351,0.131208720346846,0.0632190714500137,0.986446313182174,0.0137149700791092,-0.09338224158006,0.134221189692643,0.945825394886706,-0.157547420687246,0.122390313683304,0.256151798234378,0.959033190585851,-0.114038560049865,0.148412651032065,0.212659895584734,0.970420955964165,-0.0784465681305598,-0.00735825096328226,0.22819982540943,0.991761546303726,-0.0375216115014514,0.0189135261837051,0.121010092433954,0.985366391945164,-0.0357266018139202,0.0753919311736693,0.14863626832541,0.993861349954123,-0.0185453771669383,-0.00722057975726183,0.108828072118708,0.993861349954123,-0.0185453771669383,-0.00722057975726183,0.108828072118708
532,1302,0.988335598402085,-0.0441638788308769,0.130927610704657,0.064033253025086,0.988335598402085,-0.0441638788308769,0.130927610704657,0.064033253025086,0.99371244412817,-0.0408524745967684,0.0805287072940792,0.0661950225144116,0.99371659612058,-0.0408490604963444,0.0804774559001704,0.0661971294160786,0.988335598402085,-0.0441638788308769,0.130927610704657,0.064033253025086,0.96797847638204,-0.0509290564439684,0.238677530519196,0.0587957217498871,0.988335598402085,-0.0441638788308769,0.130927610704657,0.064033253025086,0.988335598402085,-0.0441638788308769,0.130927610704657,0.064033253025086,0.988336085175473,-0.0441714732192824,0.130942104870532,0.0639908498594348,0.988336085175473,-0.0441714732192824,0.130942104870532,0.0639908498594348,0.988335688553084,-0.0441653297678263,0.130930422295954,0.0640251114501555,0.988335598402085,-0.0441638788308769,0.130927610704657,0.064033253025086,0.988336085175473,-0.0441714732192824,0.130942104870532,0.0639908498594348,0.988336085175473,-0.0441714732192824,0.130942104870532,0.0639908498594348,0.988335688553084,-0.0441653297678263,0.130930422295954,0.0640251114501555,0.986404427500885,0.0148567195726466,-0.094383116792297,0.133706434230979,0.948522610216278,-0.146561123996188,0.113704183471647,0.256702266259024,0.962945350308257,-0.105078190150458,0.134568424050628,0.208772999985492,0.972242113181926,-0.0726985463930013,-0.0108481236767623,0.222131746764352,0.991673605739462,-0.0377709684329117,0.019604005507136,0.121542159728267,0.985381839682353,-0.035474891492276,0.0755108916286847,0.148533724599075,0.993845823569103,-0.0186429867964078,-0.00742293489564645,0.108939515581336,0.993845823569103,-0.0186429867964078,-0.00742293489564645,0.108939515581336
533,1303,0.98833909011425,-0.044030286996905,0.130574406052715,0.0647881259420893,0.98833909011425,-0.044030286996905,0.130574406052715,0.0647881259420893,0.993697980577498,-0.0406806908594795,0.0801757816306471,0.0669421304360214,0.993702114367585,-0.0406772382267663,0.0801245309831736,0.0669442284768504,0.98833909011425,-0.044030286996905,0.130574406052715,0.0647881259420893,0.968020736931494,-0.0508791750145888,0.238326845811564,0.0595607000122789,0.98833909011425,-0.044030286996905,0.130574406052715,0.0647881259420893,0.98833909011425,-0.044030286996905,0.130574406052715,0.0647881259420893,0.988338958429647,-0.0440373471359008,0.130592793448388,0.064748263349525,0.988338958429647,-0.0440373471359008,0.130592793448388,0.064748263349525,0.988339059656235,-0.0440316375832682,0.130577966685591,0.064780496029455,0.98833909011425,-0.044030286996905,0.130574406052715,0.0647881259420893,0.988338958429647,-0.0440373471359008,0.130592793448388,0.064748263349525,0.988338958429647,-0.0440373471359008,0.130592793448388,0.064748263349525,0.988339059656235,-0.0440316375832682,0.130577966685591,0.064780496029455,0.986468979721244,0.0159023081721349,-0.0949411061368967,0.132711171376147,0.951147709221461,-0.134746255482605,0.104886599166321,0.257216413145637,0.966675769391395,-0.0953602849543093,0.121026276216448,0.20444317887904,0.974132890800721,-0.0663061451731237,-0.0132103642454323,0.215624888287542,0.991596234568575,-0.0380127105403202,0.0203164885395352,0.121980251353339,0.985399703022168,-0.0352419637629485,0.0756207150676329,0.148414745650874,0.993830179068046,-0.0187460638616775,-0.00765906294024122,0.109048149998737,0.993830179068046,-0.0187460638616775,-0.00765906294024122,0.109048149998737
534,1304,0.988358495022701,-0.0438990422691661,0.130091391641478,0.0655483731689456,0.988358495022701,-0.0438990422691661,0.130091391641478,0.0655483731689456,0.993692812399407,-0.0405109780592899,0.0796924052122424,0.067694725008121,0.993696921259086,-0.0405074866113075,0.0796411548319635,0.0676968142949144,0.988358495022701,-0.0438990422691661,0.130091391641478,0.0655483731689456,0.968093070504845,-0.0508322167164759,0.237848884174923,0.0603307623102395,0.988358495022701,-0.0438990422691661,0.130091391641478,0.0655483731689456,0.988358495022701,-0.0438990422691661,0.130091391641478,0.0655483731689456,0.988357539579374,-0.0439059584634543,0.130116464550587,0.0655083690902754,0.988357539579374,-0.0439059584634543,0.130116464550587,0.0655083690902754,0.988358304799885,-0.0439003684059712,0.130096257936325,0.0655406946704317,0.988358495022701,-0.0438990422691661,0.130091391641478,0.0655483731689456,0.988357539579374,-0.0439059584634543,0.130116464550587,0.0655083690902754,0.988357539579374,-0.0439059584634543,0.130116464550587,0.0655083690902754,0.988358304799885,-0.0439003684059712,0.130096257936325,0.0655406946704317,0.986618679222755,0.0166462118055601,-0.0952411856766295,0.131284431644355,0.953683336036803,-0.12229279437216,0.0959150128331234,0.257551698351197,0.970198988809816,-0.084749638944286,0.107851829742035,0.199748350762948,0.976070396219514,-0.0591083452169016,-0.0143065261393696,0.208777653161023,0.991520492290697,-0.0382798949456956,0.0211074633093613,0.122377440744623,0.985422083698623,-0.0349979014096661,0.0756939307364054,0.148286522333136,0.993810776268387,-0.0188890237707216,-0.00792451526324386,0.109181261266109,0.993810776268387,-0.0188890237707216,-0.00792451526324386,0.109181261266109
535,1305,0.988393970859973,-0.0437336846203048,0.129507502341868,0.0662761649038195,0.988393970859973,-0.0437336846203048,0.129507502341868,0.0662761649038195,0.993698567665651,-0.040308845891973,0.0791074675009094,0.0684131723258301,0.993702646356826,-0.0403053173899288,0.0790562168245773,0.0684152511865861,0.988393970859973,-0.0437336846203048,0.129507502341868,0.0662761649038195,0.968192456169185,-0.0507477874843017,0.237272422780766,0.0610723118137402,0.988393970859973,-0.0437336846203048,0.129507502341868,0.0662761649038195,0.988393970859973,-0.0437336846203048,0.129507502341868,0.0662761649038195,0.988392172566971,-0.0437422993435735,0.129537953506523,0.0662377766672602,0.988392172566971,-0.0437422993435735,0.129537953506523,0.0662377766672602,0.988393618683855,-0.0437353516568444,0.129513390486313,0.0662688105010702,0.988393970859973,-0.0437336846203048,0.129507502341868,0.0662761649038195,0.988392172566971,-0.0437422993435735,0.129537953506523,0.0662377766672602,0.988392172566971,-0.0437422993435735,0.129537953506523,0.0662377766672602,0.988393618683855,-0.0437353516568444,0.129513390486313,0.0662688105010702,0.986828927763075,0.0170064159954322,-0.0954803838148258,0.129471794038483,0.956118162377827,-0.109409876448399,0.0867792487733209,0.257559508636609,0.973345525754294,-0.0737206039025144,0.0951644955768395,0.195211369638018,0.977881879113972,-0.0514214861017472,-0.0143116814115158,0.202232631003976,0.991443308840058,-0.0385410349804224,0.0219250914996293,0.122776399774742,0.985429279611621,-0.0347224187173328,0.0758052750686874,0.14824658105434,0.99379065144257,-0.0190257291211095,-0.00824318470038179,0.109317028146394,0.99379065144257,-0.0190257291211095,-0.00824318470038179,0.109317028146394
536,1306,0.988432686757095,-0.0435724344309714,0.128902600065466,0.0669804927144656,0.988432686757095,-0.0435724344309714,0.128902600065466,0.0669804927144656,0.993706490872184,-0.0401120083718763,0.0785013792998324,0.0691083947931683,0.993710538304004,-0.0401084440135981,0.0784501282156625,0.0691104635009921,0.988432686757095,-0.0435724344309714,0.128902600065466,0.0669804927144656,0.968297370000791,-0.050664863990207,0.236675431346469,0.0617900882291627,0.988432686757095,-0.0435724344309714,0.128902600065466,0.0669804927144656,0.988432686757095,-0.0435724344309714,0.128902600065466,0.0669804927144656,0.988430684189108,-0.0435809286981407,0.12893437076068,0.0669433584742116,0.988430684189108,-0.0435809286981407,0.12893437076068,0.0669433584742116,0.988432300517078,-0.0435740637992364,0.128908708549725,0.0669733761921814,0.988432686757095,-0.0435724344309714,0.128902600065466,0.0669804927144656,0.988430684189108,-0.0435809286981407,0.12893437076068,0.0669433584742116,0.988430684189108,-0.0435809286981407,0.12893437076068,0.0669433584742116,0.988432300517078,-0.0435740637992364,0.128908708549725,0.0669733761921814,0.987106986023226,0.0171400555657029,-0.0955925742163348,0.127232371643549,0.95844615802858,-0.096267360398244,0.0775579164458348,0.257095949168379,0.975964799186161,-0.0628602394607366,0.0830768067151659,0.191414589910137,0.979403559398141,-0.043726085189995,-0.0133309002968656,0.196669734350469,0.991361297034179,-0.0388045494846888,0.022829254352666,0.12319014095171,0.985415065686436,-0.0344547389303657,0.0759456011322409,0.148331672113882,0.993771097371971,-0.0191579980804705,-0.00856595353836402,0.109446797932315,0.993771097371971,-0.0191579980804705,-0.00856595353836402,0.109446797932315
537,1307,0.988462071763735,-0.0434157749781434,0.128341740324807,0.0677214948003437,0.988462071763735,-0.0434157749781434,0.128341740324807,0.0677214948003437,0.993707333599194,-0.0399178917765916,0.0779397509377291,0.0698404774543966,0.993711352064708,-0.0399142896609901,0.0778884998108421,0.0698425361495725,0.988462071763734,-0.0434157749781433,0.128341740324807,0.0677214948003437,0.968388172504012,-0.0505905311391857,0.236121191296746,0.0625438129154343,0.988462071763734,-0.0434157749781433,0.128341740324807,0.0677214948003437,0.988462071763734,-0.0434157749781433,0.128341740324807,0.0677214948003437,0.988460525507831,-0.0434240336811203,0.12837137485375,0.0676825895618745,0.988460525507831,-0.0434240336811203,0.12837137485375,0.0676825895618745,0.988461778489445,-0.0434173580615316,0.128347410584171,0.0677140139172026,0.988462071763734,-0.0434157749781433,0.128341740324807,0.0677214948003437,0.988460525507831,-0.0434240336811203,0.12837137485375,0.0676825895618745,0.988460525507831,-0.0434240336811203,0.12837137485375,0.0676825895618745,0.988461778489445,-0.0434173580615316,0.128347410584171,0.0677140139172026,0.987455407335791,0.0172554968130889,-0.0955610760983073,0.124507618594098,0.960632064576989,-0.0830715552692562,0.0684622353596386,0.256121212595246,0.978005863146981,-0.0526493661058747,0.0718144893035095,0.188614037189323,0.980569928597095,-0.0364147750281198,-0.0116363376919878,0.19240887436877,0.991267898034143,-0.0390878891364178,0.023748754282488,0.123677354110855,0.985383907726203,-0.0341695138457542,0.0761210129448863,0.148514612432672,0.993751135535705,-0.019255151368645,-0.0088867214927085,0.1095853363748,0.993751135535705,-0.019255151368645,-0.0088867214927085,0.1095853363748
538,1308,0.98848722249744,-0.0431734886722906,0.127800152711711,0.0685286932753179,0.988487222497441,-0.0431734886722906,0.127800152711711,0.0685286932753179,0.993704926983306,-0.0396348947164924,0.077397584994254,0.0706343191867209,0.993708917486306,-0.0396312516584266,0.0773463339922107,0.0706363632851059,0.98848722249744,-0.0431734886722906,0.127800152711711,0.0685286932753179,0.968472649825812,-0.0504383592565003,0.235585641780674,0.0633727373692443,0.98848722249744,-0.0431734886722906,0.127800152711711,0.0685286932753179,0.98848722249744,-0.0431734886722906,0.127800152711711,0.0685286932753179,0.988485913605102,-0.0431860170587581,0.127828717180058,0.0684863898814128,0.988485913605102,-0.0431860170587581,0.127828717180058,0.0684863898814128,0.988486973064402,-0.04317592758529,0.127805625938728,0.0685205468274728,0.98848722249744,-0.0431734886722906,0.127800152711711,0.0685286932753179,0.988485913605102,-0.0431860170587581,0.127828717180058,0.0684863898814128,0.988485913605102,-0.0431860170587581,0.127828717180058,0.0684863898814128,0.988486973064402,-0.04317592758529,0.127805625938728,0.0685205468274728,0.987855943826434,0.0174446930686231,-0.0954065645213747,0.121383295295336,0.962601171524215,-0.0700970752233822,0.0597233004655026,0.254791114458185,0.979574213982855,-0.0434335975963948,0.061364921652115,0.18649994179714,0.981455799071708,-0.0300117499093061,-0.00870682364660524,0.189124299226417,0.991163307128973,-0.0394220718910457,0.0246503390719596,0.12423187848782,0.985346059969239,-0.033882868595055,0.0762847440993342,0.148747205474814,0.993732677038846,-0.0193272760676438,-0.00917689957739585,0.10971603118579,0.993732677038846,-0.0193272760676438,-0.00917689957739585,0.10971603118579
539,1309,0.988519112766464,-0.0427728957990698,0.127221682635271,0.069390824665914,0.988519112766464,-0.0427728957990698,0.127221682635271,0.069390824665914,0.993707376733508,-0.0391910038392849,0.0768182417304469,0.0714749773062074,0.993711337356544,-0.0391873174243869,0.0767669906028269,0.0714769985095488,0.988519112766464,-0.0427728957990698,0.127221682635271,0.069390824665914,0.968567876455603,-0.0501348712676492,0.235014173052244,0.0642736481447097,0.988519112766464,-0.0427728957990698,0.127221682635271,0.069390824665914,0.988519112766464,-0.0427728957990698,0.127221682635271,0.069390824665914,0.988517484696453,-0.0427935532465205,0.127252038473382,0.0693456051549415,0.988517484696453,-0.0427935532465205,0.127252038473382,0.0693456051549415,0.988518797543778,-0.0427769263849439,0.127227522864175,0.0693821223191225,0.988519112766464,-0.0427728957990698,0.127221682635271,0.069390824665914,0.988517484696453,-0.0427935532465205,0.127252038473382,0.0693456051549415,0.988517484696453,-0.0427935532465205,0.127252038473382,0.0693456051549415,0.988518797543778,-0.0427769263849439,0.127227522864175,0.0693821223191225,0.988267371555354,0.0176976874955248,-0.0951727742638076,0.118137789107942,0.96435598739289,-0.0575669654956,0.0512598960084535,0.253132370755532,0.980859160737699,-0.0352429549718036,0.0512731777889092,0.18451098113993,0.982192843194277,-0.0249386999696607,-0.0032940463836472,0.186183858806792,0.991048955586663,-0.0398030089349961,0.025549375751085,0.124839567081258,0.985306079776816,-0.0336073576225123,0.0764708367606436,0.148978809881143,0.993714901938949,-0.0193860426879976,-0.00947737539755925,0.109841041368599,0.993714901938949,-0.0193860426879976,-0.00947737539755925,0.109841041368599
540,1310,0.988562947895247,-0.0421896691741716,0.126575860211839,0.0702985168781398,0.988562947895247,-0.0421896691741716,0.126575860211839,0.0702985168781398,0.99371833289113,-0.0385623997120975,0.0761710260911633,0.0723518554616022,0.993722260133636,-0.038558668072544,0.076119774399334,0.0723538442431605,0.988562947895247,-0.0421896691741716,0.126575860211839,0.0702985168781398,0.968682372522603,-0.0496548578687771,0.234377071198719,0.0652399015198804,0.988562947895247,-0.0421896691741716,0.126575860211839,0.0702985168781398,0.988562947895247,-0.0421896691741716,0.126575860211839,0.0702985168781398,0.988560715399217,-0.0422198651219565,0.126609674341353,0.0702508741699921,0.988560715399217,-0.0422198651219565,0.126609674341353,0.0702508741699921,0.988562514276151,-0.0421955420843507,0.126582377849651,0.0702893534907729,0.988562947895247,-0.0421896691741716,0.126575860211839,0.0702985168781398,0.988560715399217,-0.0422198651219565,0.126609674341353,0.0702508741699921,0.988560715399217,-0.0422198651219565,0.126609674341353,0.0702508741699921,0.988562514276151,-0.0421955420843507,0.126582377849651,0.0702893534907729,0.988672288877189,0.0180694455710992,-0.0946865878315527,0.115043689213757,0.96587540220207,-0.0461996657485002,0.0435941895571683,0.251097281830309,0.98207487097638,-0.0274130459785113,0.0413550041335014,0.181843989012633,0.982932658656076,-0.0206619001636209,0.00496760681338655,0.18273422588961,0.990932558517124,-0.0401924223328569,0.0264475882150828,0.125450224134236,0.985267748007869,-0.0333731523770256,0.0766631778216005,0.149185973208661,0.993694377850629,-0.0193824739730174,-0.00979015273698816,0.109999800182195,0.993694377850629,-0.0193824739730174,-0.00979015273698816,0.109999800182195
541,1311,0.988628179031724,-0.0414083159255986,0.125802359080241,0.0712280945025835,0.988628179031724,-0.0414083159255986,0.125802359080241,0.0712280945025836,0.993744168452698,-0.0377348127283297,0.0753952093437878,0.0732405214524108,0.993748055681978,-0.0377310352564208,0.0753439563205065,0.0732424675495159,0.988628179031724,-0.0414083159255986,0.125802359080241,0.0712280945025836,0.968832157222112,-0.0489803197995666,0.233615412715183,0.0662496667659192,0.988628179031724,-0.0414083159255986,0.125802359080241,0.0712280945025836,0.988628179031724,-0.0414083159255986,0.125802359080241,0.0712280945025836,0.988624859145468,-0.0414488956330387,0.125842731640496,0.0711792373074002,0.988624859145468,-0.0414488956330387,0.125842731640496,0.0711792373074002,0.988627532727779,-0.041416188623207,0.125810160586931,0.0712187078344057,0.988628179031724,-0.0414083159255986,0.125802359080241,0.0712280945025836,0.988624859145468,-0.0414488956330387,0.125842731640496,0.0711792373074002,0.988624859145468,-0.0414488956330387,0.125842731640496,0.0711792373074002,0.988627532727779,-0.041416188623207,0.125810160586931,0.0712187078344057,0.989085990987028,0.0184650469106932,-0.0938537900517378,0.112068776065052,0.967242065207697,-0.0362794780954829,0.0368527441361425,0.248532617600797,0.983365806663344,-0.0191781381653031,0.031933612409121,0.177775514906774,0.983761355492049,-0.0162135799339977,0.0155454416659831,0.178070363928363,0.990823950970197,-0.0405887258524825,0.0272893850210917,0.125998980085759,0.985238112615432,-0.0331512026517134,0.0768611760732283,0.149329229641642,0.993677334173523,-0.0193056148100128,-0.0100204327253135,0.110146446672625,0.993677334173523,-0.0193056148100128,-0.0100204327253135,0.110146446672625
542,1312,0.988707449031544,-0.0404459732075411,0.124925534891603,0.0722171324055314,0.988707449031544,-0.0404459732075411,0.124925534891603,0.0722171324055314,0.993778773597058,-0.0367234482464445,0.0745154895732719,0.0741793725403087,0.993782615454242,-0.0367196223540998,0.0744642347663806,0.0741812664744643,0.988707449031544,-0.0404459732075411,0.124925534891603,0.0722171324055314,0.969007243103724,-0.0481324171351656,0.232752597946699,0.0673384094132732,0.988707449031544,-0.0404459732075411,0.124925534891603,0.0722171324055314,0.988707449031544,-0.0404459732075411,0.124925534891603,0.0722171324055314,0.98870338836396,-0.0404961221688932,0.124971403448069,0.072165242652722,0.98870338836396,-0.0404961221688932,0.124971403448069,0.072165242652722,0.988706663214947,-0.0404556759120972,0.124934382838977,0.0722071491301593,0.988707449031544,-0.0404459732075411,0.124925534891603,0.0722171324055314,0.98870338836396,-0.0404961221688932,0.124971403448069,0.072165242652722,0.98870338836396,-0.0404961221688932,0.124971403448069,0.072165242652722,0.988706663214947,-0.0404556759120972,0.124934382838977,0.0722071491301593,0.989524117635861,0.0189369591766238,-0.0926001150762465,0.109126673558666,0.968608249594996,-0.0268652760864539,0.0300794931967374,0.245298878608006,0.984658669521919,-0.0110695994300769,0.0231620673896212,0.172592836288248,0.984658669521919,-0.0110695994300769,0.0231620673896212,0.172592836288248,0.990720558066445,-0.0409903650075283,0.0281320241110755,0.126495671943647,0.985219911984638,-0.0329883391266864,0.0770889943649404,0.149367939861429,0.993661099672174,-0.0191993392675504,-0.0102846348097195,0.110287037573811,0.993661099672174,-0.0191993392675504,-0.0102846348097195,0.110287037573811
543,1313,0.988798129932389,-0.0392700737536952,0.123933949382903,0.0733245916452732,0.988798129932389,-0.0392700737536952,0.123933949382903,0.0733245916452732,0.993818942436655,-0.0354927845372272,0.0735205768579207,0.0752256384377075,0.993822732980595,-0.0354889046847581,0.0734693199806218,0.075227468898288,0.988798129932389,-0.0392700737536952,0.123933949382903,0.0733245916452732,0.969206274284392,-0.0470852548773016,0.231776969207904,0.0685683105064306,0.988798129932389,-0.0392700737536952,0.123933949382903,0.0733245916452732,0.988798129932389,-0.0392700737536952,0.123933949382903,0.0733245916452732,0.988793485203272,-0.0393313798823056,0.123985833695337,0.0732666310061642,0.988793485203272,-0.0393313798823056,0.123985833695337,0.0732666310061642,0.988797233196165,-0.0392819304946668,0.12394395597107,0.0733134185430156,0.988798129932389,-0.0392700737536952,0.123933949382903,0.0733245916452732,0.988793485203272,-0.0393313798823056,0.123985833695337,0.0732666310061642,0.988793485203272,-0.0393313798823056,0.123985833695337,0.0732666310061642,0.988797233196165,-0.0392819304946668,0.12394395597107,0.0733134185430156,0.98999261452116,0.019468247284919,-0.090960970203137,0.106121215790789,0.96995706545835,-0.0176409472920167,0.0233017171444346,0.241514219300203,0.985854105401757,-0.00393383025093954,0.0153103110997218,0.166858629432493,0.985854105401757,-0.00393383025093954,0.0153103110997218,0.166858629432493,0.990622560165192,-0.0414216277630343,0.0289849565075036,0.126929367529659,0.985207650107986,-0.0329018639052366,0.0773677848126546,0.149323740220516,0.993648056082301,-0.0191086479572717,-0.0104936740058202,0.110400557167844,0.993648056082301,-0.0191086479572717,-0.0104936740058202,0.110400557167844
544,1314,0.988886952085957,-0.0379784073602037,0.122855318910011,0.0746110392907665,0.988886952085957,-0.0379784073602037,0.122855318910011,0.0746110392907665,0.993852831086597,-0.0341374068520605,0.0724388261327445,0.0764447778666585,0.99385656583858,-0.0341334641235818,0.0723875675090578,0.0764465384212393,0.988886952085957,-0.0379784073602037,0.122855318910011,0.0746110392907665,0.969413017491151,-0.0459426829593781,0.230714617891966,0.0699888311958411,0.988886952085957,-0.0379784073602037,0.122855318910011,0.0746110392907665,0.988886952085957,-0.0379784073602037,0.122855318910011,0.0746110392907665,0.988882394401516,-0.038046060483777,0.122911859065126,0.0745438275482564,0.988882394401516,-0.038046060483777,0.122911859065126,0.0745438275482564,0.988886077296712,-0.0379914434617788,0.122866208071851,0.0745980647634876,0.988886952085957,-0.0379784073602037,0.122855318910011,0.0746110392907665,0.988882394401516,-0.038046060483777,0.122911859065126,0.0745438275482564,0.988882394401516,-0.038046060483777,0.122911859065126,0.0745438275482564,0.988886077296712,-0.0379914434617788,0.122866208071851,0.0745980647634876,0.990510422340134,0.0201696895622358,-0.0888515523184027,0.102896494153797,0.97121555813962,-0.00872916941701852,0.0169882536747485,0.237435339547251,0.987161859407952,0.00231570836703923,0.00965756763219776,0.159414027652603,0.987161859407952,0.00231570836703923,0.00965756763219776,0.159414027652603,0.990522418243218,-0.0418640268329064,0.0298035389781094,0.127375395109582,0.985199298500476,-0.0328790553101007,0.0777029508458585,0.149209789846149,0.993634506917178,-0.0190007793321169,-0.0106883907941825,0.110522374886089,0.993634506917178,-0.0190007793321169,-0.0106883907941825,0.110522374886089
545,1315,0.988964967059319,-0.0366011023538899,0.121745134904281,0.0760708575144234,0.988964967059319,-0.0366011023538899,0.121745134904281,0.0760708575144234,0.993874322892389,-0.0326876900951078,0.0713261118994696,0.0778327114569821,0.993878000255471,-0.0326836757850897,0.0712748521688107,0.0778343972397472,0.988964967059318,-0.0366011023538899,0.121745134904281,0.0760708575144234,0.969612484188865,-0.044734030501037,0.229619717029262,0.0715910788550636,0.988964967059318,-0.0366011023538899,0.121745134904281,0.0760708575144234,0.988964967059318,-0.0366011023538899,0.121745134904281,0.0760708575144234,0.98896097436568,-0.0366733553610939,0.121803487903554,0.0759945163993558,0.98896097436568,-0.0366733553610939,0.121803487903554,0.0759945163993558,0.988964204425663,-0.0366150067494426,0.121756348879256,0.0760561315940158,0.988964967059318,-0.0366011023538899,0.121745134904281,0.0760708575144234,0.98896097436568,-0.0366733553610939,0.121803487903554,0.0759945163993558,0.98896097436568,-0.0366733553610939,0.121803487903554,0.0759945163993558,0.988964204425663,-0.0366150067494426,0.121756348879256,0.0760561315940158,0.991073794308759,0.0211280702449122,-0.0861089282408437,0.0995569754431013,0.97236625232019,-0.00090250624294891,0.0119463165593481,0.233153044912422,0.988241062608432,0.00176553484054607,0.00389328015502834,0.15284412789152,0.988241062608432,0.00176553484054607,0.00389328015502834,0.15284412789152,0.990420624839455,-0.0422793646679258,0.0305625619414769,0.127849016513518,0.985177500269324,-0.0329563175301877,0.0781379380181179,0.14910947904212,0.993624627769224,-0.0188744256680187,-0.010801492484503,0.110621801225077,0.993624627769224,-0.0188744256680187,-0.010801492484503,0.110621801225077
546,1316,0.989021006626431,-0.0352068987527764,0.120671132713149,0.0776942756036617,0.989021006626431,-0.0352068987527764,0.120671132713149,0.0776942756036617,0.993875706541732,-0.031212782023951,0.0702506495685846,0.079383174663724,0.993879328437228,-0.0312086877498693,0.0701993897679935,0.0793847843752009,0.989021006626431,-0.0352068987527764,0.120671132713149,0.0776942756036617,0.969786134814102,-0.0435265486757605,0.228558365720791,0.0733577926449715,0.989021006626431,-0.0352068987527764,0.120671132713149,0.0776942756036617,0.989021006626431,-0.0352068987527764,0.120671132713149,0.0776942756036617,0.989018153591841,-0.035280226949467,0.120727768660753,0.0776092992261594,0.989018153591841,-0.035280226949467,0.120727768660753,0.0776092992261594,0.989020467229789,-0.0352209808654818,0.120681988378053,0.0776778963963616,0.989021006626431,-0.0352068987527764,0.120671132713149,0.0776942756036617,0.989018153591841,-0.035280226949467,0.120727768660753,0.0776092992261594,0.989018153591841,-0.035280226949467,0.120727768660753,0.0776092992261594,0.989020467229789,-0.0352209808654818,0.120681988378053,0.0776778963963616,0.991625296458222,0.0221997142106362,-0.0827507956771487,0.0966372077820386,0.97326809149209,0.00458754689456593,0.00899829723082605,0.229449792206879,0.988717309968503,-0.00627355157070515,0.00291886398040019,0.149633564925793,0.988717309968503,-0.00627355157070515,0.00291886398040019,0.149633564925793,0.990326308499353,-0.0425953444333341,0.0312001764592488,0.128319867189622,0.985135154485407,-0.0331324420082687,0.0786706793163784,0.149070093913844,0.993613989651557,-0.0188250818803158,-0.0108989237216667,0.11071616558852,0.993613989651557,-0.0188250818803158,-0.0108989237216667,0.11071616558852
547,1317,0.989053790957343,-0.0338428607399341,0.119608481552854,0.079505160275715,0.989053790957343,-0.0338428607399341,0.119608481552854,0.079505160275715,0.99385444189559,-0.0297584730339359,0.0691877054893147,0.0811223952815633,0.993858008969167,-0.0297542890604918,0.0691364467868737,0.0811239299839104,0.989053790957343,-0.0338428607399341,0.119608481552854,0.079505160275715,0.969935424266984,-0.0423696380954728,0.227505742825311,0.0753075261921965,0.989053790957343,-0.0338428607399341,0.119608481552854,0.079505160275715,0.989053790957343,-0.0338428607399341,0.119608481552854,0.079505160275715,0.989052171506291,-0.0339147346905918,0.119664465614305,0.0794103801703557,0.989052171506291,-0.0339147346905918,0.119664465614305,0.0794103801703557,0.98905348901202,-0.0338566430266107,0.119619220416789,0.0794868901328924,0.989053790957343,-0.0338428607399341,0.119608481552854,0.079505160275715,0.989052171506291,-0.0339147346905918,0.119664465614305,0.0794103801703557,0.989052171506291,-0.0339147346905918,0.119664465614305,0.0794103801703557,0.98905348901202,-0.0338566430266107,0.119619220416789,0.0794868901328924,0.992085264725576,0.022943569590741,-0.0791940166657765,0.0947033676970377,0.973935525768633,0.00827526537553567,0.00805631950865496,0.226530808820159,0.988891320240597,-0.0172422474701687,-0.00152133674181068,0.147629086529402,0.988891320240597,-0.0172422474701687,-0.00152133674181068,0.147629086529402,0.990229188492825,-0.0428697175866077,0.0317555211443494,0.128840709590316,0.985074199169602,-0.033384829579407,0.0793314793377454,0.149066400206106,0.993606297567795,-0.0188361062508847,-0.01091034478469,0.11078217777063,0.993606297567795,-0.0188361062508847,-0.01091034478469,0.11078217777063
548,1318,0.989058005083389,-0.0325622014738051,0.118599650904338,0.0814744648403106,0.989058005083389,-0.0325622014738051,0.118599650904338,0.0814744648403106,0.993807379259877,-0.028379383742176,0.0681799643794249,0.0830240685840558,0.993810894358693,-0.0283751016906795,0.0681287081056065,0.0830255321565558,0.989058005083389,-0.0325622014738051,0.118599650904338,0.0814744648403106,0.970050405606757,-0.0413130000496767,0.226503477227904,0.0774055644817031,0.989058005083389,-0.0325622014738051,0.118599650904338,0.0814744648403106,0.989058005083389,-0.0325622014738051,0.118599650904338,0.0814744648403106,0.989057883088995,-0.0326298338022974,0.118652912050974,0.0813712744607969,0.989057883088995,-0.0326298338022974,0.118652912050974,0.0813712744607969,0.989057992556229,-0.0325751469780899,0.11860985052394,0.081454591759378,0.989058005083389,-0.0325622014738051,0.118599650904338,0.0814744648403106,0.989057883088995,-0.0326298338022974,0.118652912050974,0.0813712744607969,0.989057883088995,-0.0326298338022974,0.118652912050974,0.0813712744607969,0.989057992556229,-0.0325751469780899,0.11860985052394,0.081454591759378,0.992382795421523,0.0232758240955813,-0.0760667840390163,0.0940662943354183,0.974378285788563,0.0101295238635143,0.00915846412847081,0.224500493239652,0.989926220270079,-0.0134016618023868,-0.00175000033362281,0.140937615211711,0.989926220270079,-0.0134016618023868,-0.00175000033362281,0.140937615211711,0.990122746023923,-0.0431178646157547,0.0322520608287782,0.129451157311627,0.984980232282183,-0.0337408725020754,0.0801351177544341,0.149177271856739,0.993597467182157,-0.0188927238163087,-0.0109266531812951,0.110850108011942,0.993597467182157,-0.0188927238163087,-0.0109266531812951,0.110850108011942
549,1319,0.989028582579699,-0.0314540271037923,0.117673120229465,0.0835831549704136,0.989028582579699,-0.0314540271037923,0.117673120229465,0.0835831549704136,0.993730906155079,-0.0271654725187278,0.0672561263852685,0.0850737134412771,0.993734373606525,-0.0271610847572418,0.0672048740568228,0.0850751144028864,0.989028582579699,-0.0314540271037923,0.117673120229465,0.0835831549704136,0.970122915357481,-0.0404431112950248,0.225579319713594,0.0796232024263815,0.989028582579699,-0.0314540271037923,0.117673120229465,0.0835831549704136,0.989028582579699,-0.0314540271037923,0.117673120229465,0.0835831549704136,0.989030217571647,-0.0315128229148191,0.117722130101617,0.0834725751756722,0.989030217571647,-0.0315128229148191,0.117722130101617,0.0834725751756722,0.989028909314603,-0.031465239352873,0.117682491425656,0.0835618720726367,0.989028582579699,-0.0314540271037923,0.117673120229465,0.0835831549704136,0.989030217571647,-0.0315128229148191,0.117722130101617,0.0834725751756722,0.989030217571647,-0.0315128229148191,0.117722130101617,0.0834725751756722,0.989028909314603,-0.031465239352873,0.117682491425656,0.0835618720726367,0.992504026430198,0.0236789325235209,-0.0738672677429068,0.094438829040755,0.97469499885181,0.010080287526257,0.0113622378562831,0.223022300605918,0.990820998825986,-0.00494036527374157,-1.16419022763322e-05,0.135090121551897,0.990820998825986,-0.00494036527374157,-1.16419022763322e-05,0.135090121551897,0.990002709957756,-0.0432898163665197,0.0326295233860762,0.13021497716795,0.984846429634592,-0.0341635833157183,0.0810566802949596,0.149466297841977,0.993589856338208,-0.0190239955658735,-0.0109448233815683,0.110894074754591,0.993589856338208,-0.0190239955658735,-0.0109448233815683,0.110894074754591
550,1320,0.988963031153408,-0.0305547687439746,0.116957565721356,0.0856706305532967,0.988963031153409,-0.0305547687439746,0.116957565721356,0.0856706305532967,0.993629073157525,-0.0261612855002141,0.0665448280764179,0.0871127888049367,0.99363250392349,-0.0261567925735873,0.0664935810010134,0.0871141379723151,0.988963031153408,-0.0305547687439746,0.116957565721356,0.0856706305532967,0.970136344709462,-0.0397785450104205,0.224860894424459,0.0817968103855595,0.988963031153408,-0.0305547687439746,0.116957565721356,0.0856706305532967,0.988963031153408,-0.0305547687439746,0.116957565721356,0.0856706305532967,0.988966539353266,-0.0306026761026141,0.116995811587079,0.0855607405651937,0.988966539353266,-0.0306026761026141,0.116995811587079,0.0855607405651937,0.988963718356602,-0.0305638743369593,0.116964818346554,0.0856495454101008,0.988963031153408,-0.0305547687439746,0.116957565721356,0.0856706305532967,0.988966539353266,-0.0306026761026141,0.116995811587079,0.0855607405651937,0.988966539353266,-0.0306026761026141,0.116995811587079,0.0855607405651937,0.988963718356602,-0.0305638743369593,0.116964818346554,0.0856495454101008,0.9924751734463,0.0253584039901719,-0.0730596063583944,0.0949330045798827,0.975114701890878,0.00829841530692002,0.0141855524682564,0.221090987063764,0.990455002770138,-0.0056037286839339,-0.0025024183038441,0.137699758950674,0.990455002770138,-0.0056037286839339,-0.0025024183038441,0.137699758950674,0.98986606252895,-0.0433922418134337,0.0329457521694362,0.131136833185144,0.984688500489829,-0.0346490475867542,0.0821602738890675,0.149792155665431,0.993598963310172,-0.019193953293783,-0.0108738832832271,0.110790121076974,0.993598963310172,-0.019193953293783,-0.0108738832832271,0.110790121076974
551,1321,0.988861008526201,-0.029863093288303,0.116418223179886,0.0878003347797504,0.988861008526201,-0.029863093288303,0.116418223179886,0.0878003347797504,0.993499771626967,-0.0253622669605229,0.0660113675739476,0.089204588126426,0.993503174879573,-0.0253576661492142,0.0659601271680529,0.0892058960811847,0.988861008526201,-0.029863093288303,0.116418223179886,0.0878003347797504,0.970094171359929,-0.0393249436685426,0.224313609853061,0.0839895941986154,0.988861008526201,-0.029863093288303,0.116418223179886,0.0878003347797504,0.988861008526201,-0.029863093288303,0.116418223179886,0.0878003347797504,0.988866423813404,-0.0299000766552334,0.116447118962494,0.0876883672777393,0.988866423813404,-0.0299000766552334,0.116447118962494,0.0876883672777393,0.98886206218647,-0.0298701019072563,0.116423692263516,0.0877788292249418,0.988861008526201,-0.029863093288303,0.116418223179886,0.0878003347797504,0.988866423813404,-0.0299000766552334,0.116447118962494,0.0876883672777393,0.988866423813404,-0.0299000766552334,0.116447118962494,0.0876883672777393,0.98886206218647,-0.0298701019072563,0.116423692263516,0.0877788292249418,0.992419683582017,0.027021596621975,-0.0722171217473107,0.0956958321010033,0.975252965593727,0.00625436499116954,0.0161250213036099,0.220414427175618,0.989220075692184,-0.0177420262599117,-0.00783775264430681,0.145146243441669,0.989220075692184,-0.0177420262599117,-0.00783775264430681,0.145146243441669,0.989707771977647,-0.0434353033577497,0.0330479847482739,0.132286549631244,0.984486260482125,-0.0351993113933384,0.0833664210475005,0.150325816948013,0.993592776220979,-0.0193395181181853,-0.0107968202819375,0.110827824810584,0.993592776220979,-0.0193395181181853,-0.0107968202819375,0.110827824810584
552,1322,0.988746561238857,-0.0292710256393762,0.115920177310332,0.0899219505387615,0.988746561238857,-0.0292710256393762,0.115920177310332,0.0899219505387615,0.993360160293586,-0.0246631385807773,0.0655197818282715,0.0912933717529475,0.993363538192563,-0.0246584300401901,0.0654685486235647,0.0912946436469827,0.988746561238857,-0.0292710256393762,0.115920177310332,0.0899219505387615,0.970035113184757,-0.0389694593239438,0.223806007644924,0.0861633992520954,0.988746561238857,-0.0292710256393762,0.115920177310332,0.0899219505387615,0.988746561238857,-0.0292710256393762,0.115920177310332,0.0899219505387615,0.988752687676236,-0.0293024821661773,0.115946540046185,0.0898102833936083,0.988752687676236,-0.0293024821661773,0.115946540046185,0.0898102833936083,0.988747741791362,-0.0292770171634158,0.115925215458778,0.0899005216299142,0.988746561238857,-0.0292710256393762,0.115920177310332,0.0899219505387615,0.988752687676236,-0.0293024821661773,0.115946540046185,0.0898102833936083,0.988752687676236,-0.0293024821661773,0.115946540046185,0.0898102833936083,0.988747741791362,-0.0292770171634158,0.115925215458778,0.0899005216299142,0.992233634148503,0.0289277437092921,-0.0720495673420072,0.0971826154935875,0.975060022199991,0.00500863036549639,0.0167283558978924,0.221253313733759,0.989173453905945,-0.0166810220278426,-0.00919691904050038,0.145509581375425,0.989173453905945,-0.0166810220278426,-0.00919691904050038,0.145509581375425,0.989534626126689,-0.0434123883789734,0.0330204322073143,0.133589817308019,0.98425842854513,-0.0357929101077834,0.0846789190804919,0.150942684775534,0.99358754687519,-0.019528147070379,-0.010679695830957,0.11085297588923,0.99358754687519,-0.019528147070379,-0.010679695830957,0.11085297588923
553,1323,0.98862041840584,-0.0287230000721037,0.115407005308433,0.0921188401124312,0.98862041840584,-0.0287230000721037,0.115407005308433,0.0921188401124312,0.993208099780514,-0.0240041697621814,0.0650136838948446,0.0934595702474076,0.993211451577403,-0.0239993494995461,0.0649624585334189,0.0934608081518685,0.98862041840584,-0.0287230000721037,0.115407005308433,0.0921188401124312,0.969966091403935,-0.0386660174463833,0.223282086361116,0.0884071859728479,0.98862041840584,-0.0287230000721037,0.115407005308433,0.0921188401124312,0.98862041840584,-0.0287230000721037,0.115407005308433,0.0921188401124312,0.988627172139934,-0.0287519782807599,0.115433998445889,0.092003425231538,0.988627172139934,-0.0287519782807599,0.115433998445889,0.092003425231538,0.988621718617862,-0.0287285410318859,0.115412190563868,0.0920966594209213,0.98862041840584,-0.0287230000721037,0.115407005308433,0.0921188401124312,0.988627172139934,-0.0287519782807599,0.115433998445889,0.092003425231538,0.988627172139934,-0.0287519782807599,0.115433998445889,0.092003425231538,0.988621718617862,-0.0287285410318859,0.115412190563868,0.0920966594209213,0.991893192462831,0.0293453731693792,-0.0723119466285468,0.100288215629924,0.974469140642856,0.00463189550125527,0.0164085788868315,0.223873173957387,0.990151100032659,-0.00396901829710816,-0.00595830902066105,0.139819685851048,0.990151100032659,-0.00396901829710816,-0.00595830902066105,0.139819685851048,0.989344903489195,-0.0433354001324064,0.0328972311221929,0.135042501531234,0.984004498363176,-0.0364184154007252,0.0860905753014034,0.151648472016726,0.993581174661445,-0.0197145508686488,-0.010486690278903,0.110895514649719,0.993581174661445,-0.0197145508686488,-0.010486690278903,0.110895514649719
554,1324,0.988480075585685,-0.0282586309392094,0.114889311242385,0.0943876904570158,0.988480075585685,-0.0282586309392094,0.114889311242385,0.0943876904570158,0.993041627808242,-0.0234250920410913,0.0645037914202599,0.0957018881487418,0.993044953307357,-0.0234201561303999,0.0644525746453993,0.0957030961839562,0.988480075585685,-0.0282586309392094,0.114889311242385,0.0943876904570158,0.969883452155446,-0.0384536289200981,0.222752110882627,0.0907133107941898,0.988480075585685,-0.0282586309392094,0.114889311242385,0.0943876904570158,0.988480075585685,-0.0282586309392094,0.114889311242385,0.0943876904570158,0.988487577064982,-0.0282833025241549,0.114916562675012,0.0942684910746358,0.988487577064982,-0.0282833025241549,0.114916562675012,0.0942684910746358,0.988481520216128,-0.0282633308507944,0.114894543318115,0.0943647828172861,0.988480075585685,-0.0282586309392094,0.114889311242385,0.0943876904570158,0.988487577064982,-0.0282833025241549,0.114916562675012,0.0942684910746358,0.988487577064982,-0.0282833025241549,0.114916562675012,0.0942684910746358,0.988481520216128,-0.0282633308507944,0.114894543318115,0.0943647828172861,0.991391302164549,0.0281976030359739,-0.0725548152839536,0.105280482306158,0.973389652055001,0.00475154287135078,0.0162259669857893,0.22853167418973,0.99049026113296,0.000795846768441519,-0.00574219088025924,0.137460672457892,0.99049026113296,0.000795846768441519,-0.00574219088025924,0.137460672457892,0.989139142104299,-0.0432080819875423,0.0327555253557868,0.13661586572136,0.983727723262849,-0.0370175757209433,0.0875313530187878,0.152472055834954,0.993572744407757,-0.0199156372407437,-0.0102299428318663,0.110959079092209,0.993572744407757,-0.0199156372407437,-0.0102299428318663,0.110959079092209
555,1325,0.988308373545734,-0.0280629652556861,0.114531185305097,0.0966521409646646,0.988308373545734,-0.0280629652556861,0.114531185305097,0.0966521409646646,0.992851946796092,-0.023114594134896,0.0641548546192316,0.0979534680854858,0.992855254298845,-0.0231095420980965,0.0641036476277417,0.0979546601035987,0.988308373545734,-0.0280629652556861,0.114531185305097,0.0966521409646646,0.969752119139558,-0.0385078352992635,0.222377294372292,0.0929855526012512,0.988308373545734,-0.0280629652556861,0.114531185305097,0.0966521409646646,0.988308373545734,-0.0280629652556861,0.114531185305097,0.0966521409646646,0.988317472474725,-0.0280739860695708,0.114550470271053,0.0965329719216075,0.988317472474725,-0.0280739860695708,0.114550470271053,0.0965329719216075,0.98831013159864,-0.028064969668321,0.114534821969307,0.0966292699623348,0.988308373545734,-0.0280629652556861,0.114531185305097,0.0966521409646646,0.988317472474725,-0.0280739860695708,0.114550470271053,0.0965329719216075,0.988317472474725,-0.0280739860695708,0.114550470271053,0.0965329719216075,0.98831013159864,-0.028064969668321,0.114534821969307,0.0966292699623348,0.990812184623965,0.0264364187085571,-0.0722988265534279,0.111198966926628,0.971718605632675,0.00525503874632503,0.0166829125522776,0.235493134642686,0.989726469495987,-0.00975111964665746,-0.00818399304276744,0.142405946162794,0.989726469495987,-0.00975111964665746,-0.00818399304276744,0.142405946162794,0.988887221682147,-0.0431090220091758,0.0326464251005242,0.138484244386617,0.983417157227385,-0.0375548372590216,0.088957772630309,0.153514962651565,0.993561931354729,-0.0201016365306686,-0.00987879198380166,0.111054141032163,0.993561931354729,-0.0201016365306686,-0.00987879198380166,0.111054141032163
556,1326,0.988091023431163,-0.028211232837134,0.114462844711089,0.0988863637576542,0.988091023431163,-0.028211232837134,0.114462844711089,0.0988863637576542,0.992631404321711,-0.0231491212775919,0.0640976486222778,0.100192338926075,0.992634708874325,-0.0231439537697042,0.064046453005468,0.100193532721967,0.988091023431163,-0.028211232837134,0.114462844711089,0.0988863637576542,0.969543589100561,-0.038900574854876,0.222285497139604,0.0951899777884326,0.988091023431163,-0.028211232837134,0.114462844711089,0.0988863637576542,0.988091023431163,-0.028211232837134,0.114462844711089,0.0988863637576542,0.988102477691421,-0.028204374255332,0.114467241260919,0.09876870724604,0.988102477691421,-0.028204374255332,0.114467241260919,0.09876870724604,0.988093239796854,-0.0282097709260223,0.114463567413034,0.0988637953304476,0.988091023431163,-0.028211232837134,0.114462844711089,0.0988863637576542,0.988102477691421,-0.028204374255332,0.114467241260919,0.09876870724604,0.988102477691421,-0.028204374255332,0.114467241260919,0.09876870724604,0.988093239796854,-0.0282097709260223,0.114463567413034,0.0988637953304476,0.990297762662829,0.0245213072424401,-0.0715585840851197,0.116569360467705,0.969800788737769,0.00600340685027185,0.0175751937897949,0.243190258507701,0.988996598089935,-0.0184807262661683,-0.00970735251122113,0.146458045290901,0.988996598089935,-0.0184807262661683,-0.00970735251122113,0.146458045290901,0.988558397661461,-0.0431344702421463,0.0326960752387654,0.140793034465184,0.983070274308012,-0.0380080947535423,0.0903776009278573,0.154790535097277,0.993550479271455,-0.0202774589425569,-0.00949578156151669,0.111157995352698,0.993550479271455,-0.0202774589425569,-0.00949578156151669,0.111157995352698
557,1327,0.987852084636676,-0.0285089004662988,0.114572102043536,0.101038284360444,0.987852084636676,-0.0285089004662988,0.114572102043536,0.101038284360444,0.992398327040626,-0.0233370382031393,0.0642189082332217,0.102356606822445,0.992401637847584,-0.023331759071649,0.0641677246373445,0.102357810307382,0.987852084636676,-0.0285089004662988,0.114572102043536,0.101038284360444,0.969294096649112,-0.039432772097994,0.222367852642604,0.0972961910712184,0.987852084636676,-0.0285089004662988,0.114572102043536,0.101038284360444,0.987852084636676,-0.0285089004662988,0.114572102043536,0.101038284360444,0.987864729054915,-0.0284936777426386,0.114566873468918,0.100924818164388,0.987864729054915,-0.0284936777426386,0.114566873468918,0.100924818164388,0.987854520091039,-0.0285059098582241,0.114571019468386,0.101016541897024,0.987852084636676,-0.0285089004662988,0.114572102043536,0.101038284360444,0.987864729054915,-0.0284936777426386,0.114566873468918,0.100924818164388,0.987864729054915,-0.0284936777426386,0.114566873468918,0.100924818164388,0.987854520091039,-0.0285059098582241,0.114571019468386,0.101016541897024,0.990010809092114,0.0228645736586564,-0.0704559475769467,0.119965697610692,0.968305195857715,0.00671965476828713,0.0186719473334213,0.248980425530856,0.989188116849357,-0.0165206894955928,-0.00849704080342732,0.145470741388768,0.989188116849357,-0.0165206894955928,-0.00849704080342732,0.145470741388768,0.98812851597978,-0.0433352426535961,0.0329052095725931,0.143670942903342,0.982697724648767,-0.0383325230965549,0.0917579605010351,0.156257084088622,0.993534226692673,-0.0204463194543339,-0.009159524080599,0.111300456106796,0.993534226692673,-0.0204463194543339,-0.009159524080599,0.111300456106796
558,1328,0.987642818008529,-0.0286119772108002,0.114616545142915,0.102985758121022,0.987642818008529,-0.0286119772108002,0.114616545142915,0.102985758121022,0.992191589557903,-0.0233410062174202,0.0642739293562166,0.104306802483977,0.992194903202882,-0.0233356265034697,0.06422275642287,0.104308006170972,0.987642818008529,-0.0286119772108002,0.114616545142915,0.102985758121022,0.969081214968991,-0.0397491025588737,0.222389044645979,0.0992205647103321,0.987642818008529,-0.0286119772108002,0.114616545142915,0.102985758121022,0.987642818008529,-0.0286119772108002,0.114616545142915,0.102985758121022,0.98765401474106,-0.0286060651641074,0.114614073298536,0.102882721598965,0.98765401474106,-0.0286060651641074,0.114614073298536,0.102882721598965,0.987644954272969,-0.0286109170940254,0.114616092118943,0.102966067952335,0.987642818008529,-0.0286119772108002,0.114616545142915,0.102985758121022,0.98765401474106,-0.0286060651641074,0.114614073298536,0.102882721598965,0.98765401474106,-0.0286060651641074,0.114614073298536,0.102882721598965,0.987644954272969,-0.0286109170940254,0.114616092118943,0.102966067952335,0.990024628901937,0.022131153051224,-0.0689299644644273,0.12087227238345,0.967631479875362,0.00722732343058837,0.0198759211714874,0.251479686471557,0.989519766665834,-0.0131072809180892,-0.00725919377622362,0.143618016523851,0.989519766665834,-0.0131072809180892,-0.00725919377622362,0.143618016523851,0.987618211650864,-0.0436894678262912,0.0332839217099684,0.146947878420237,0.982319460568843,-0.0385426133078074,0.0931017193899026,0.157781539458158,0.993517307256938,-0.0206512006188639,-0.00892341538224055,0.111432763368049,0.993517307256938,-0.0206512006188639,-0.00892341538224055,0.111432763368049
559,1329,0.987486723751762,-0.0283746359820621,0.114461129876592,0.104706734235534,0.987486723751762,-0.0283746359820621,0.114461129876592,0.104706734235534,0.992027798426147,-0.023016507361522,0.0641266480364245,0.106013492302925,0.992031104475224,-0.0230110396245009,0.0640754835508949,0.106014679251437,0.987486723751762,-0.0283746359820621,0.114461129876592,0.104706734235534,0.968943133054375,-0.0397021995488313,0.222217426736489,0.100957196436758,0.987486723751762,-0.0283746359820621,0.114461129876592,0.104706734235534,0.987486723751762,-0.0283746359820621,0.114461129876592,0.104706734235534,0.98749516879514,-0.0283862097605573,0.114468786381675,0.10461554208622,0.98749516879514,-0.0283862097605573,0.114468786381675,0.10461554208622,0.987488321380888,-0.0283769992347127,0.114462681275948,0.10468932918837,0.987486723751762,-0.0283746359820621,0.114461129876592,0.104706734235534,0.98749516879514,-0.0283862097605573,0.114468786381675,0.10461554208622,0.98749516879514,-0.0283862097605573,0.114468786381675,0.10461554208622,0.987488321380888,-0.0283769992347127,0.114462681275948,0.10468932918837,0.990246946224337,0.022520023896633,-0.0671513151595406,0.119977226544936,0.967710712083516,0.00742043809449149,0.0209899761141649,0.251078345780808,0.989336347576184,-0.0155816515527385,-0.00737353230787014,0.144625151757259,0.989336347576184,-0.0155816515527385,-0.00737353230787014,0.144625151757259,0.987071518768765,-0.0441725331167456,0.0338422980609165,0.150310688294381,0.981970336076963,-0.0386760962672136,0.0943568856621671,0.159170338852949,0.993498799954411,-0.020864930305623,-0.00874142108670949,0.111572293737611,0.993498799954411,-0.020864930305623,-0.00874142108670949,0.111572293737611
560,1330,0.987372258510109,-0.0278012663665314,0.114161661883436,0.106255483007113,0.987372258510109,-0.0278012663665314,0.114161661883436,0.106255483007113,0.991898261389762,-0.022365167395664,0.0638333844575806,0.107531099538792,0.991901552313776,-0.0223596213880494,0.0637822266533877,0.107532252892055,0.987372258510109,-0.0278012663665314,0.114161661883436,0.106255483007113,0.968862248635861,-0.0393023862243611,0.221907199269437,0.102559546204773,0.987372258510109,-0.0278012663665314,0.114161661883436,0.106255483007113,0.987372258510109,-0.0278012663665314,0.114161661883436,0.106255483007113,0.987378477684285,-0.0278305156254445,0.114177026632682,0.106173493844774,0.987378477684285,-0.0278305156254445,0.114177026632682,0.106173493844774,0.987373433256365,-0.0278070240954741,0.114164673711041,0.106239822980579,0.987372258510109,-0.0278012663665314,0.114161661883436,0.106255483007113,0.987378477684285,-0.0278305156254445,0.114177026632682,0.106173493844774,0.987378477684285,-0.0278305156254445,0.114177026632682,0.106173493844774,0.987373433256365,-0.0278070240954741,0.114164673711041,0.106239822980579,0.990559913747589,0.0235353603491997,-0.0655152493484753,0.118088509993182,0.968147120898188,0.00724985908284429,0.0218807462357056,0.249318721286626,0.988882286503353,-0.0207666657879456,-0.00799654505813907,0.147025930703003,0.988882286503353,-0.0207666657879456,-0.00799654505813907,0.147025930703003,0.986552385109493,-0.0447042889734224,0.0345203883026807,0.153376206673602,0.981672485099526,-0.0387701598393208,0.0955423714135233,0.160273709538514,0.993478129804229,-0.0211341992824035,-0.00865635677108682,0.111712213785402,0.993478129804229,-0.0211341992824035,-0.00865635677108682,0.111712213785402
561,1331,0.987287430400653,-0.027011565621222,0.113831686514164,0.107592993456395,0.987287430400653,-0.027011565621222,0.113831686514164,0.107592993456395,0.991796772723795,-0.02150851152846,0.0635081466935366,0.108826746942319,0.99180004687362,-0.02150289869823,0.0634569941241122,0.108827856111342,0.987287430400653,-0.027011565621222,0.113831686514164,0.107592993456395,0.968814172488033,-0.0386643515155346,0.221569903795868,0.103975693506226,0.987287430400653,-0.027011565621222,0.113831686514164,0.107592993456395,0.987287430400653,-0.027011565621222,0.113831686514164,0.107592993456395,0.987292048731304,-0.0270525149453271,0.113848961133684,0.107522025631307,0.987292048731304,-0.0270525149453271,0.113848961133684,0.107522025631307,0.987288303048503,-0.0270195205546333,0.113835017842495,0.107579463121004,0.987287430400653,-0.027011565621222,0.113831686514164,0.107592993456395,0.987292048731304,-0.0270525149453271,0.113848961133684,0.107522025631307,0.987292048731304,-0.0270525149453271,0.113848961133684,0.107522025631307,0.987288303048503,-0.0270195205546333,0.113835017842495,0.107579463121004,0.990893812309218,0.0243889623975838,-0.0640634809542421,0.115890041196386,0.968514690348592,0.00692623831649216,0.0226388694315288,0.247828173121251,0.988683730663909,-0.0228291132499024,-0.00782297337058695,0.148061181260857,0.988683730663909,-0.0228291132499024,-0.00782297337058695,0.148061181260857,0.986111348919864,-0.0452199175236001,0.0352966994743216,0.155864394897694,0.981437040276701,-0.0388466628352202,0.0966424665815505,0.161035730235591,0.99346054753389,-0.0214173004265195,-0.0085672693782256,0.111821472139771,0.99346054753389,-0.0214173004265195,-0.0085672693782256,0.111821472139771
562,1332,0.987211645412992,-0.0261043649217261,0.113566693070919,0.108785732143249,0.987211645412992,-0.0261043649217261,0.113566693070919,0.108785732143249,0.991707618038441,-0.0205418652179735,0.0632473472851835,0.109971838028088,0.991710878737506,-0.0205361933303025,0.0631961993143098,0.109972897340253,0.987211645412992,-0.026104364921726,0.113566693070919,0.108785732143249,0.968767948258349,-0.0378936283352612,0.221298190325632,0.105260848930162,0.987211645412992,-0.026104364921726,0.113566693070919,0.108785732143249,0.987211645412992,-0.026104364921726,0.113566693070919,0.108785732143249,0.987215726120882,-0.0261517740440936,0.113580813444535,0.108722553461757,0.987215726120882,-0.0261517740440936,0.113580813444535,0.108722553461757,0.987212423573421,-0.0261135167879745,0.113569377652267,0.108773670724734,0.987211645412992,-0.026104364921726,0.113566693070919,0.108785732143249,0.987215726120882,-0.0261517740440936,0.113580813444535,0.108722553461757,0.987215726120882,-0.0261517740440936,0.113580813444535,0.108722553461757,0.987212423573421,-0.0261135167879745,0.113569377652267,0.108773670724734,0.991187494275484,0.0244985565111222,-0.0626343319920691,0.114123233290446,0.968638129544885,0.00667346115580745,0.0233711608802396,0.247284103304474,0.988720911241685,-0.0221424360684925,-0.00716377849405803,0.147950506846217,0.988720911241685,-0.0221424360684925,-0.00716377849405803,0.147950506846217,0.985780602980124,-0.0457816164575651,0.0361195567829824,0.157594492291059,0.981259611618257,-0.0389395613752241,0.0976756655993725,0.161470584059179,0.993435777091715,-0.0217845643691292,-0.00853465451060996,0.111972984339137,0.993435777091715,-0.0217845643691292,-0.00853465451060996,0.111972984339137
563,1333,0.987141718547044,-0.0251846677945208,0.113348794280329,0.109859049910623,0.987141718547044,-0.0251846677945208,0.113348794280329,0.109859049910623,0.991626707373282,-0.0195688079009754,0.0630332839445921,0.110997027421998,0.991629957032015,-0.01956308313987,0.0629821401470168,0.110998036546813,0.987141718547044,-0.0251846677945208,0.113348794280329,0.109859049910623,0.968722374644424,-0.0370973691647045,0.22107392999647,0.106428678185171,0.987141718547044,-0.0251846677945208,0.113348794280329,0.109859049910623,0.987141718547044,-0.0251846677945208,0.113348794280329,0.109859049910623,0.987145472526916,-0.0252330244928545,0.113360401397556,0.109802231031703,0.987145472526916,-0.0252330244928545,0.113360401397556,0.109802231031703,0.987142435831848,-0.025193956548802,0.113351001289974,0.109848197253951,0.987141718547044,-0.0251846677945208,0.113348794280329,0.109859049910623,0.987145472526916,-0.0252330244928545,0.113360401397556,0.109802231031703,0.987145472526916,-0.0252330244928545,0.113360401397556,0.109802231031703,0.987142435831848,-0.025193956548802,0.113351001289974,0.109848197253951,0.991389023458289,0.0240727486413096,-0.0612108026598243,0.113232259436139,0.968547685999402,0.00654479998776267,0.0241672099662283,0.247565125776579,0.988655965208824,-0.0222879999255941,-0.00649806347219622,0.148392731248659,0.988655965208824,-0.0222879999255941,-0.00649806347219622,0.148392731248659,0.985571038937233,-0.046298145901151,0.03694449823426,0.158560124068182,0.98111397989199,-0.0390493449177484,0.0987118494157496,0.161698725743023,0.993414276410179,-0.0221493765122012,-0.00845912088317259,0.112097831461832,0.993414276410179,-0.0221493765122012,-0.00845912088317259,0.112097831461832
564,1334,0.987079993705535,-0.024301033946888,0.113148349565679,0.110815146825493,0.987079993705535,-0.024301033946888,0.113148349565679,0.110815146825493,0.991554875193216,-0.0186377247181242,0.0628362352764987,0.111906980274578,0.991558114689147,-0.0186319530269192,0.0627850951839712,0.111907941377036,0.987079993705535,-0.024301033946888,0.113148349565679,0.110815146825493,0.968683036585117,-0.0363240815995339,0.220867918936621,0.107476035062677,0.987079993705535,-0.024301033946888,0.113148349565679,0.110815146825493,0.987079993705535,-0.024301033946888,0.113148349565679,0.110815146825493,0.987083313217837,-0.0243476346111431,0.113158957384379,0.1107645061354,0.987083313217837,-0.0243476346111431,0.113158957384379,0.1107645061354,0.987080626810804,-0.0243099633893398,0.113150377078943,0.110805478301808,0.987079993705535,-0.024301033946888,0.113148349565679,0.110815146825493,0.987083313217837,-0.0243476346111431,0.113158957384379,0.1107645061354,0.987083313217837,-0.0243476346111431,0.113158957384379,0.1107645061354,0.987080626810804,-0.0243099633893398,0.113150377078943,0.110805478301808,0.991489903421631,0.023616168561122,-0.0599589958591552,0.113114839039884,0.968358247546207,0.00642406738678234,0.0250137123541465,0.24822439437274,0.988485254959164,-0.0233039527396806,-0.00590561024118567,0.149395281996127,0.988485254959164,-0.0233039527396806,-0.00590561024118567,0.149395281996127,0.985462875800534,-0.0467161343237648,0.0377525153043906,0.158919069972667,0.980984804044913,-0.03919935635382,0.099744227358792,0.161812588518347,0.993390625647143,-0.0225179597485463,-0.00831464282083735,0.1122447017899,0.993390625647143,-0.0225179597485463,-0.00831464282083735,0.1122447017899
565,1335,0.987031809446244,-0.023531949355877,0.112911560577559,0.111648707958155,0.987031809446244,-0.023531949355877,0.112911560577559,0.111648707958155,0.991494718989316,-0.0178272703372182,0.0626022011361027,0.112700377379743,0.991497946414883,-0.0178214577271822,0.062551064146477,0.112701296681498,0.987031809446244,-0.023531949355877,0.112911560577559,0.111648707958155,0.968661148636765,-0.0356511931676068,0.220627270509542,0.108389017224712,0.987031809446244,-0.023531949355877,0.112911560577559,0.111648707958155,0.987031809446244,-0.023531949355877,0.112911560577559,0.111648707958155,0.987034420056658,-0.0235727344733665,0.112923934473016,0.1116045018626,0.987034420056658,-0.0235727344733665,0.112923934473016,0.1116045018626,0.987032304341695,-0.0235397296582481,0.112913949512048,0.111640276419986,0.987031809446244,-0.023531949355877,0.112911560577559,0.111648707958155,0.987034420056658,-0.0235727344733665,0.112923934473016,0.1116045018626,0.987034420056658,-0.0235727344733665,0.112923934473016,0.1116045018626,0.987032304341695,-0.0235397296582481,0.112913949512048,0.111640276419986,0.991507429587211,0.0234172011424704,-0.0590408396576788,0.113484937399337,0.968199934258037,0.00635661752300981,0.025888481018046,0.248753426643691,0.988432931692879,-0.0231161431786415,-0.00509580110107274,0.149799920830096,0.988432931692879,-0.0231161431786415,-0.00509580110107274,0.149799920830096,0.985447013315191,-0.0470074740962297,0.0384784856015426,0.158757322580955,0.980861858661407,-0.0393923006969344,0.100794511320891,0.161860209306284,0.993367374706036,-0.0228977852641832,-0.00808799303927986,0.112390100401379,0.993367374706036,-0.0228977852641832,-0.00808799303927986,0.112390100401379
566,1336,0.98700110400686,-0.0228366316220701,0.112586452214723,0.112390389816478,0.98700110400686,-0.0228366316220701,0.112586452214723,0.112390389816478,0.991447530404264,-0.0170951570209201,0.0622790734383818,0.11340576296367,0.991450741164399,-0.0170893080311935,0.0622279388829641,0.113406644505324,0.98700110400686,-0.0228366316220701,0.112586452214723,0.112390389816478,0.968666333271514,-0.0350415349417473,0.220300756511134,0.109202574584432,0.98700110400686,-0.0228366316220701,0.112586452214723,0.112390389816478,0.98700110400686,-0.0228366316220701,0.112586452214723,0.112390389816478,0.987002799684948,-0.0228734374636685,0.112603329739059,0.11235109881237,0.987002799684948,-0.0228734374636685,0.112603329739059,0.11235109881237,0.987001421703255,-0.0228436627355181,0.112589727837727,0.11238288932932,0.98700110400686,-0.0228366316220701,0.112586452214723,0.112390389816478,0.987002799684948,-0.0228734374636685,0.112603329739059,0.11235109881237,0.987002799684948,-0.0228734374636685,0.112603329739059,0.11235109881237,0.987001421703255,-0.0228436627355181,0.112589727837727,0.11238288932932,0.991471875203582,0.0233997559703986,-0.0584786239390974,0.114088661325337,0.968166003383768,0.00638721148962088,0.0268429367355347,0.248783540791391,0.988429438363531,-0.0224135683758872,-0.00421360969972587,0.149957069931071,0.988429438363531,-0.0224135683758872,-0.00421360969972587,0.149957069931071,0.985488986569867,-0.047167624991065,0.0391271165627448,0.158290054178029,0.98073435501903,-0.0396565511671149,0.101895556830702,0.16187890020969,0.993346534881563,-0.0232846738928329,-0.00778544532740658,0.112516098588388,0.993346534881563,-0.0232846738928329,-0.00778544532740658,0.112516098588388
567,1337,0.987003513925272,-0.0221527391164225,0.112107099591225,0.112983706214868,0.987003513925272,-0.0221527391164225,0.112107099591225,0.112983706214868,0.991425575300029,-0.016381994474527,0.0618002178038117,0.113963555479129,0.99142876136294,-0.0163761167172815,0.061749084381378,0.113964400238276,0.987003513925272,-0.0221527391164225,0.112107099591225,0.112983706214868,0.968721372506469,-0.0344269389101989,0.219824568073668,0.109867409169787,0.987003513925272,-0.0221527391164225,0.112107099591225,0.112983706214868,0.987003513925272,-0.0221527391164225,0.112107099591225,0.112983706214868,0.987003505542172,-0.0221887746541514,0.112131914207534,0.112952078966994,0.987003505542172,-0.0221887746541514,0.112131914207534,0.112952078966994,0.98700349823702,-0.0221596484713205,0.112111926469043,0.11297769864408,0.987003513925272,-0.0221527391164225,0.112107099591225,0.112983706214868,0.987003505542172,-0.0221887746541514,0.112131914207534,0.112952078966994,0.987003505542172,-0.0221887746541514,0.112131914207534,0.112952078966994,0.98700349823702,-0.0221596484713205,0.112111926469043,0.11297769864408,0.991429301101006,0.0233441684248982,-0.0582067022238899,0.11460789909574,0.968302276481388,0.00642255608026846,0.0278453909740792,0.248141262864238,0.988377261208049,-0.0222980136200122,-0.00348253988873221,0.150336489354385,0.988377261208049,-0.0222980136200122,-0.00348253988873221,0.150336489354385,0.985569879254188,-0.0471614558221207,0.0396727651430505,0.157651139854832,0.980605584738251,-0.0399618220524949,0.103045052501297,0.161856285368851,0.993324502611635,-0.0236913883520294,-0.00739228711917126,0.112652140327873,0.993324502611635,-0.0236913883520294,-0.00739228711917126,0.112652140327873
568,1338,0.987039809718783,-0.021463485007633,0.111503671260208,0.113396049918555,0.987039809718783,-0.021463485007633,0.111503671260208,0.113396049918555,0.991431156440068,-0.0156726747421907,0.0611957246391061,0.114340336680586,0.991434311325891,-0.0156667775531829,0.0611445909296259,0.114341144855662,0.987039809718783,-0.021463485007633,0.111503671260208,0.113396049918555,0.968823719000304,-0.0337871387613432,0.219228775886324,0.110352954560021,0.987039809718783,-0.021463485007633,0.111503671260208,0.113396049918555,0.987039809718783,-0.021463485007633,0.111503671260208,0.113396049918555,0.987038020745245,-0.0214997500672082,0.111535086377199,0.113373854380927,0.987038020745245,-0.0214997500672082,0.111535086377199,0.113373854380927,0.987039451640989,-0.0214704467529989,0.11150975438237,0.113391866983777,0.987039809718783,-0.021463485007633,0.111503671260208,0.113396049918555,0.987038020745245,-0.0214997500672082,0.111535086377199,0.113373854380927,0.987038020745245,-0.0214997500672082,0.111535086377199,0.113373854380927,0.987039451640989,-0.0214704467529989,0.11150975438237,0.113391866983777,0.991416933087742,0.0231833493918584,-0.0579588194891867,0.114872852934414,0.968544334771022,0.00646510623117141,0.0287847783376815,0.24708603869994,0.988315633318413,-0.022334666654246,-0.00284387241879401,0.150749076260962,0.988315633318413,-0.022334666654246,-0.00284387241879401,0.150749076260962,0.985669823938814,-0.047026674210814,0.0401601585989165,0.156941555205775,0.980467351008173,-0.0403228576310583,0.104226944241538,0.161847412254733,0.993300913747507,-0.0241337895763225,-0.00688473191468889,0.11279829526867,0.993300913747507,-0.0241337895763225,-0.00688473191468889,0.11279829526867
569,1339,0.98710668824944,-0.0207758614554036,0.110850508048278,0.113582192527913,0.98710668824944,-0.0207758614554036,0.110850508048278,0.113582192527913,0.991464753143222,-0.0149764795688961,0.0605400065740665,0.114491291976222,0.991467874209967,-0.0149705745952087,0.0604888711326892,0.114492064244432,0.98710668824944,-0.0207758614554036,0.110850508048278,0.113582192527913,0.968961925270249,-0.0331241172466405,0.218586908340619,0.110613488035107,0.98710668824944,-0.0207758614554036,0.110850508048278,0.113582192527913,0.98710668824944,-0.0207758614554036,0.110850508048278,0.113582192527913,0.987103279273514,-0.0208120564058064,0.110884739710714,0.113571778426352,0.987103279273514,-0.0208120564058064,0.110884739710714,0.113571778426352,0.987106020563226,-0.0207828074079888,0.110857101038225,0.113580289810673,0.98710668824944,-0.0207758614554036,0.110850508048278,0.113582192527913,0.987103279273514,-0.0208120564058064,0.110884739710714,0.113571778426352,0.987103279273514,-0.0208120564058064,0.110884739710714,0.113571778426352,0.987106020563226,-0.0207828074079888,0.110857101038225,0.113580289810673,0.991460029256998,0.0229065737831216,-0.0575136008226032,0.114780159364107,0.96877884077987,0.006542567021785,0.0296704087112705,0.246057756067316,0.988281832295782,-0.0221600849485217,-0.00224549893175995,0.151006318820488,0.988277192694894,-0.0219271231050871,-0.00376997486173106,0.151040322301612,0.985763617815207,-0.0467764995127072,0.0406464747859866,0.156300713282708,0.980321715614236,-0.040711168351375,0.105420391102933,0.161859432243942,0.993269311339251,-0.0246222393713717,-0.00623240651717007,0.113008750055013,0.993269311339251,-0.0246222393713717,-0.00623240651717007,0.113008750055013
570,1340,0.987192615035432,-0.0201352446544959,0.110254952912176,0.113530428082271,0.987192615035432,-0.0201352446544959,0.110254952912176,0.113530428082271,0.991520301273252,-0.0143393214362012,0.0599408540576419,0.114407036665536,0.99152339143829,-0.014333420808877,0.0598897157521349,0.114407776072065,0.987192615035432,-0.0201352446544959,0.110254952912176,0.113530428082271,0.96911273789013,-0.0324816905055212,0.218004392343952,0.110632391096566,0.987192615035432,-0.0201352446544959,0.110254952912176,0.113530428082271,0.987192615035432,-0.0201352446544959,0.110254952912176,0.113530428082271,0.987188168513181,-0.0201690856602893,0.110286444520098,0.113532497930485,0.987188168513181,-0.0201690856602893,0.110286444520098,0.113532497930485,0.98719175296032,-0.0201417203618141,0.110260974826423,0.113530927144652,0.987192615035432,-0.0201352446544959,0.110254952912176,0.113530428082271,0.987188168513181,-0.0201690856602893,0.110286444520098,0.113532497930485,0.987188168513181,-0.0201690856602893,0.110286444520098,0.113532497930485,0.98719175296032,-0.0201417203618141,0.110260974826423,0.113530927144652,0.991567828634377,0.0226930708063421,-0.0569525630338179,0.11416948505868,0.969066830607296,0.00660063018828993,0.0305905538040746,0.244806306119365,0.988249764314224,-0.022027064439611,-0.00179656705944905,0.151241476162641,0.988241306489364,-0.0216184655677812,-0.00446592303045548,0.1513004217647,0.985839819824976,-0.0464716908777219,0.0411490418543349,0.155778650491315,0.980175332479365,-0.0411133430931739,0.106633098034567,0.161849908934853,0.993230306712997,-0.0251469539336076,-0.00546196211750698,0.113275573291394,0.993230306712997,-0.0251469539336076,-0.00546196211750698,0.113275573291394
571,1341,0.987283631273666,-0.0195137855082656,0.109760895737014,0.113326031260382,0.987283631273666,-0.0195137855082656,0.109760895737014,0.113326031260382,0.991586090660583,-0.0137290533627602,0.0594428096776255,0.114171319865604,0.99158915513861,-0.0137231648934763,0.0593916679796557,0.114172027797522,0.987283631273666,-0.0195137855082656,0.109760895737014,0.113326031260382,0.969257462376935,-0.0318415430079989,0.217523319302855,0.110497481079713,0.987283631273666,-0.0195137855082656,0.109760895737014,0.113326031260382,0.987283631273666,-0.0195137855082656,0.109760895737014,0.113326031260382,0.987278875893644,-0.0195465508709933,0.109787175153783,0.113336356633621,0.987278875893644,-0.0195465508709933,0.109787175153783,0.113336356633621,0.987282715885977,-0.0195200649246417,0.109765896905986,0.113328080609223,0.987283631273666,-0.0195137855082656,0.109760895737014,0.113326031260382,0.987278875893644,-0.0195465508709933,0.109787175153783,0.113336356633621,0.987278875893644,-0.0195465508709933,0.109787175153783,0.113336356633621,0.987282715885977,-0.0195200649246417,0.109765896905986,0.113328080609223,0.991715572926173,0.0223158772107193,-0.0559379037727908,0.113460014813742,0.969081822267282,0.00678023497219272,0.0313887677558939,0.244640952057524,0.988208356893874,-0.0220014176918132,-0.00121867949788424,0.15152127179027,0.988194180310335,-0.0213552303011948,-0.00543174146976414,0.151613694382049,0.9858581930158,-0.0462722309724484,0.0416246628692054,0.155595280601561,0.979988326301166,-0.0415166250329115,0.107861971598237,0.162064941434776,0.993170823047865,-0.0256670636393188,-0.00469166491173913,0.113714143231694,0.993170823047865,-0.0256670636393188,-0.00469166491173913,0.113714143231694
572,1342,0.987376419446665,-0.0189011314077046,0.109349664281028,0.113018602335276,0.987376419446665,-0.0189011314077046,0.109349664281028,0.113018602335276,0.99165785910458,-0.0131328153073644,0.059027393926977,0.11383315160538,0.991660902157207,-0.0131269442800946,0.0589762485280612,0.113833828786429,0.987376419446665,-0.0189011314077046,0.109349664281028,0.113018602335276,0.969394851919961,-0.0311988320118908,0.217124765581372,0.110259195187542,0.987376419446665,-0.0189011314077046,0.109349664281028,0.113018602335276,0.987376419446665,-0.0189011314077046,0.109349664281028,0.113018602335276,0.987371559116564,-0.0189334027072438,0.109371541693171,0.113034491980588,0.987371559116564,-0.0189334027072438,0.109371541693171,0.113034491980588,0.987375485641041,-0.0189073208053885,0.109353826965461,0.113021697488084,0.987376419446665,-0.0189011314077046,0.109349664281028,0.113018602335276,0.987371559116564,-0.0189334027072438,0.109371541693171,0.113034491980588,0.987371559116564,-0.0189334027072438,0.109371541693171,0.113034491980588,0.987375485641041,-0.0189073208053885,0.109353826965461,0.113021697488084,0.991909975295748,0.0220081387958701,-0.0547007324723063,0.112419182538051,0.969015953425151,0.00696171815206427,0.0321738422369616,0.244794731078161,0.988195967407236,-0.0216529380977438,-0.000531583310648237,0.151656182501726,0.988175996214908,-0.0207665333222907,-0.00630500479078172,0.151780099199584,0.985820838951425,-0.0461465344890176,0.0420027200673463,0.155767590822694,0.979775089908135,-0.0418936556943832,0.109102288160317,0.162426554252224,0.993080384247736,-0.0262345014593806,-0.00392550474080636,0.114401450026113,0.993080384247736,-0.0262345014593806,-0.00392550474080636,0.114401450026113
573,1343,0.987463749376647,-0.0183073849006998,0.109006278539174,0.112684579975047,0.987463749376647,-0.0183073849006998,0.109006278539174,0.112684579975047,0.99172762444941,-0.0125568119566444,0.0586800136151569,0.113469385208261,0.991730649585606,-0.0125509596916003,0.0586288646185157,0.113470032682092,0.987463749376647,-0.0183073849006998,0.109006278539174,0.112684579975047,0.969519365223082,-0.0305719936724656,0.216793047746872,0.109992400232679,0.987463749376647,-0.0183073849006998,0.109006278539174,0.112684579975047,0.987463749376647,-0.0183073849006998,0.109006278539174,0.112684579975047,0.987459155253758,-0.0183386860797811,0.109024543397839,0.112702077333536,0.987459155253758,-0.0183386860797811,0.109024543397839,0.112702077333536,0.987462869682487,-0.0183133843149167,0.109009754348695,0.112687951486389,0.987463749376647,-0.0183073849006998,0.109006278539174,0.112684579975047,0.987459155253758,-0.0183386860797811,0.109024543397839,0.112702077333536,0.987459155253758,-0.0183386860797811,0.109024543397839,0.112702077333536,0.987462869682487,-0.0183133843149167,0.109009754348695,0.112687951486389,0.99215168187916,0.0218511706777683,-0.0533462791347545,0.11095828489501,0.968968273306318,0.0071038479074714,0.0329366013092858,0.244877930742795,0.988184011249793,-0.0212183752614162,0.000198412745553473,0.151796248616089,0.988157781920063,-0.0200809012443057,-0.00720260287460557,0.151950906373961,0.985726333851355,-0.0460871047797696,0.0423490709583695,0.156288610314214,0.979529125767662,-0.042272980833811,0.110331239442983,0.162980687405717,0.992960002919422,-0.0268384276355553,-0.00316030440326858,0.115326249745635,0.992960002919422,-0.0268384276355553,-0.00316030440326858,0.115326249745635
574,1344,0.987533221131312,-0.0177561710036241,0.108767817474958,0.112394027577263,0.987533221131312,-0.0177561710036241,0.108767817474958,0.112394027577263,0.991784887233563,-0.0120210769979544,0.0584383299843615,0.113151194211806,0.991787899904711,-0.0120152411445053,0.058387178034681,0.113151814055224,0.987533221131312,-0.0177561710036241,0.108767817474958,0.112394027577263,0.969614605239876,-0.0299922046677082,0.216563658682084,0.109764141243481,0.987533221131312,-0.0177561710036241,0.108767817474958,0.112394027577263,0.987533221131312,-0.0177561710036241,0.108767817474958,0.112394027577263,0.987529529695715,-0.0177852969731016,0.108780655078297,0.112409431416033,0.987529529695715,-0.0177852969731016,0.108780655078297,0.112409431416033,0.987532519867147,-0.017761743177627,0.10877023709174,0.112396967072702,0.987533221131312,-0.0177561710036241,0.108767817474958,0.112394027577263,0.987529529695715,-0.0177852969731016,0.108780655078297,0.112409431416033,0.987529529695715,-0.0177852969731016,0.108780655078297,0.112409431416033,0.987532519867147,-0.017761743177627,0.10877023709174,0.112396967072702,0.992418160949671,0.0218140595954048,-0.0520025428051014,0.109206575640134,0.96896868211229,0.00714071734807158,0.0336578769999115,0.244777144678964,0.98820373472094,-0.020326304649254,0.00106874693938197,0.151786289904166,0.988171147943545,-0.0189177425905147,-0.00809604275998258,0.151968271289914,0.985583878575211,-0.0461088089547596,0.0425913297721082,0.157112617754464,0.97924453525823,-0.0426205747326542,0.111563926604795,0.163759326625605,0.992809735359742,-0.0274410999814881,-0.00240940376761262,0.116490386642894,0.992809735359742,-0.0274410999814881,-0.00240940376761262,0.116490386642894
575,1345,0.987577690338148,-0.0172935856413765,0.108616264497634,0.112221854059771,0.987577690338149,-0.0172935856413765,0.108616264497634,0.112221854059771,0.991821596668648,-0.0115678397264846,0.0582847128216867,0.112955733440187,0.991824601416855,-0.0115620139546392,0.0582335589789005,0.112956329907893,0.987577690338148,-0.0172935856413765,0.108616264497634,0.112221854059771,0.969675449447103,-0.0295135088105312,0.216417906159844,0.109643811638591,0.987577690338148,-0.0172935856413765,0.108616264497634,0.112221854059771,0.987577690338148,-0.0172935856413765,0.108616264497634,0.112221854059771,0.987575289490373,-0.0173181713350228,0.108624484817251,0.112231233744458,0.987575289490373,-0.0173181713350228,0.108624484817251,0.112231233744458,0.987577239980613,-0.0172982672405449,0.108617804371813,0.112223605343067,0.987577690338148,-0.0172935856413765,0.108616264497634,0.112221854059771,0.987575289490373,-0.0173181713350228,0.108624484817251,0.112231233744458,0.987575289490373,-0.0173181713350228,0.108624484817251,0.112231233744458,0.987577239980613,-0.0172982672405449,0.108617804371813,0.112223605343067,0.992677620142193,0.0219053350642239,-0.0508041176371599,0.107378956949985,0.969012383413215,0.00706058682854722,0.0343853146857996,0.244505212704015,0.988244327237787,-0.0190816131577001,0.00207963287896619,0.15167305907353,0.988204305734787,-0.0173594063306971,-0.00913374609921132,0.151879807154435,0.985411664106745,-0.0461726417894197,0.0427742386687441,0.158121168408508,0.978920970283241,-0.042955270306052,0.112788951823755,0.164764167946647,0.992623366664532,-0.0281271265816788,-0.0017063016941677,0.117918638205998,0.992623366664532,-0.0281271265816788,-0.0017063016941677,0.117918638205998
576,1346,0.987591940618618,-0.0168768095482739,0.108576229001515,0.112198639120244,0.987591940618618,-0.0168768095482739,0.108576229001515,0.112198639120244,0.991833793828686,-0.0111527820745605,0.0582440048282462,0.112911366889967,0.991836796477339,-0.0111469585914973,0.0581928503564386,0.112911941950897,0.987591940618618,-0.0168768095482739,0.108576229001515,0.112198639120244,0.96969401034423,-0.0290967041926293,0.216379677838657,0.109666508680134,0.987591940618618,-0.0168768095482739,0.108576229001515,0.112198639120244,0.987591940618618,-0.0168768095482739,0.108576229001515,0.112198639120244,0.987591112717319,-0.0168988777178905,0.108578642304169,0.112200269380371,0.987591112717319,-0.0168988777178905,0.108578642304169,0.112200269380371,0.987591794493129,-0.0168810241403767,0.108576644852076,0.112198888882556,0.987591940618618,-0.0168768095482739,0.108576229001515,0.112198639120244,0.987591112717319,-0.0168988777178905,0.108578642304169,0.112200269380371,0.987591112717319,-0.0168988777178905,0.108578642304169,0.112200269380371,0.987591794493129,-0.0168810241403767,0.108576644852076,0.112198888882556,0.99291694147056,0.0220535053123812,-0.0497426756084162,0.105618447571916,0.969083155213805,0.00688344132742484,0.0351478387232366,0.244121047739505,0.988319350872716,-0.0172673705486832,0.00321112971012159,0.151381594821999,0.988271398084307,-0.0152037248557479,-0.0102515555879134,0.151602757517889,0.985225936743536,-0.04621181804941,0.0429275518893315,0.159221690510995,0.978559908517339,-0.0432655601869621,0.114016547878503,0.165978382791598,0.992429140118278,-0.0288511643718338,-0.000853741499346712,0.119378738827052,0.992429140118278,-0.0288511643718338,-0.000853741499346712,0.119378738827052
577,1347,0.987585128580817,-0.0164703726061334,0.108586070521774,0.112309420445777,0.987585128580817,-0.0164703726061334,0.108586070521774,0.112309420445777,0.991827490764937,-0.0107412401844552,0.0582541798352434,0.113001348903237,0.991830493938381,-0.0107354120610657,0.0582030256885063,0.113001902738539,0.987585128580817,-0.0164703726061334,0.108586070521774,0.112309420445777,0.969686158687014,-0.0287048920439347,0.216388711711523,0.109821255990802,0.987585128580817,-0.0164703726061334,0.108586070521774,0.112309420445777,0.987585128580817,-0.0164703726061334,0.108586070521774,0.112309420445777,0.987585432375985,-0.0164917979389396,0.108585699615374,0.11230396341412,0.987585432375985,-0.0164917979389396,0.108585699615374,0.11230396341412,0.987585196124697,-0.0164744791363551,0.108585976362354,0.112308315230727,0.987585128580817,-0.0164703726061334,0.108586070521774,0.112309420445777,0.987585432375985,-0.0164917979389396,0.108585699615374,0.11230396341412,0.987585432375985,-0.0164917979389396,0.108585699615374,0.11230396341412,0.987585196124697,-0.0164744791363551,0.108585976362354,0.112308315230727,0.993130595120876,0.022184226418141,-0.0488227896601039,0.103999117029372,0.969188258775383,0.00663205717512942,0.0359431622370736,0.243594384085442,0.988386260658564,-0.0152689552794667,0.00447196560130616,0.151127298228065,0.988327257716545,-0.0127959595583955,-0.0116889002670534,0.15135674641066,0.985052489932618,-0.0461993890015094,0.0430242693793108,0.160268901468167,0.978159957057114,-0.0435531440260065,0.115264646976947,0.167392602025164,0.992246549156458,-0.0296421378709722,0.000172673568755367,0.120698382480377,0.992246549156458,-0.0296421378709722,0.000172673568755367,0.120698382480377
578,1348,0.987558729417364,-0.0160992129429986,0.108683531184936,0.11250093929986,0.987558729417364,-0.0160992129429986,0.108683531184936,0.11250093929986,0.991806078913611,-0.0103608266998908,0.058352856222073,0.113173756988224,0.991809087176373,-0.0103549896849617,0.0583017031795331,0.113174291203255,0.987558729417364,-0.0160992129429986,0.108683531184936,0.11250093929986,0.969649215795215,-0.0283570106173052,0.216482683619243,0.110052378209582,0.987558729417364,-0.0160992129429986,0.108683531184936,0.11250093929986,0.987558729417364,-0.0160992129429986,0.108683531184936,0.11250093929986,0.987560069331452,-0.0161188422711561,0.108678640130816,0.112491091048187,0.987560069331452,-0.0161188422711561,0.108678640130816,0.112491091048187,0.987558995004182,-0.0161029656200434,0.108682555737899,0.112499013163883,0.987558729417364,-0.0160992129429986,0.108683531184936,0.11250093929986,0.987560069331452,-0.0161188422711561,0.108678640130816,0.112491091048187,0.987560069331452,-0.0161188422711561,0.108678640130816,0.112491091048187,0.987558995004182,-0.0161029656200434,0.108682555737899,0.112499013163883,0.993313023891655,0.022253093039173,-0.0480395426769296,0.102597459797008,0.969345797461001,0.00629834909875101,0.036751794575984,0.242854609465769,0.988435823392049,-0.0132222464954546,0.00580600163923622,0.150950606417666,0.988365975182811,-0.0103317032566359,-0.0131067051803121,0.15117595472847,0.984906448428126,-0.0460819817074859,0.0430329449540615,0.161195237073517,0.977762698495928,-0.0438482352971916,0.116528523588978,0.168755861769173,0.992086493086492,-0.0303555500024759,0.00167057607649708,0.121820113261182,0.992086493086492,-0.0303555500024759,0.00167057607649708,0.121820113261182
579,1349,0.987511882050951,-0.0158216226877025,0.108919348380057,0.112723265620632,0.987511882050951,-0.0158216226877025,0.108919348380057,0.112723265620632,0.99177127691214,-0.0100722959903925,0.0585907495720185,0.113381688160538,0.991774297444435,-0.0100664482516782,0.0585395983240953,0.113382207494156,0.987511882050951,-0.0158216226877025,0.108919348380057,0.112723265620632,0.969576753672992,-0.0281055159784499,0.216711929483104,0.110303845482543,0.987511882050951,-0.0158216226877025,0.108919348380057,0.112723265620632,0.987511882050951,-0.0158216226877025,0.108919348380057,0.112723265620632,0.987514296164537,-0.0158364837434702,0.108907313491042,0.112711657433766,0.987514296164537,-0.0158364837434702,0.108907313491042,0.112711657433766,0.987512354098174,-0.0158244361318166,0.108916980554778,0.112721023200746,0.987511882050951,-0.0158216226877025,0.108919348380057,0.112723265620632,0.987514296164537,-0.0158364837434702,0.108907313491042,0.112711657433766,0.987514296164537,-0.0158364837434702,0.108907313491042,0.112711657433766,0.987512354098174,-0.0158244361318166,0.108916980554778,0.112721023200746,0.993452942624387,0.0221712214415115,-0.0474346244904195,0.101536417753394,0.969563988666038,0.00588855133578207,0.0375471871224117,0.241870224675058,0.988495225598513,-0.0108527260733941,0.00731795957621716,0.150684620228347,0.988415846158082,-0.00752325656226074,-0.0145078815482713,0.150887497982052,0.984793562970093,-0.0458445114887723,0.0429130055204448,0.161982693693581,0.97738695821541,-0.0442040259844246,0.117854569983874,0.169914797269437,0.991879020459895,-0.0315126732039406,0.00296631604992243,0.123183445187064,0.991879020459895,-0.0315126732039406,0.00296631604992243,0.123183445187064
580,1350,0.987442850620808,-0.0156462092279014,0.109278727062161,0.113004303928315,0.987442850620808,-0.0156462092279014,0.109278727062161,0.113004303928315,0.991720599221537,-0.00988282614225777,0.0589531721805482,0.113653448328541,0.991723638446052,-0.00987696438760965,0.0589020235458739,0.113653957889781,0.987442850620808,-0.0156462092279014,0.109278727062161,0.113004303928315,0.969468671794196,-0.0279620280056595,0.217061553113562,0.110602448252003,0.987442850620808,-0.0156462092279014,0.109278727062161,0.113004303928315,0.987442850620808,-0.0156462092279014,0.109278727062161,0.113004303928315,0.987446429110499,-0.0156557230525345,0.109260157070298,0.112989672313893,0.987446429110499,-0.0156557230525345,0.109260157070298,0.112989672313893,0.987443546866349,-0.0156479915161985,0.109275109730928,0.113001471259481,0.987442850620808,-0.0156462092279014,0.109278727062161,0.113004303928315,0.987446429110499,-0.0156557230525345,0.109260157070298,0.112989672313893,0.987446429110499,-0.0156557230525345,0.109260157070298,0.112989672313893,0.987443546866349,-0.0156479915161985,0.109275109730928,0.113001471259481,0.99354184802697,0.0219061072770417,-0.0470122563049018,0.10091861295243,0.969815682790224,0.00545280584338211,0.0383435803805937,0.240743801926785,0.988548160365529,-0.00830346609272875,0.00887985830307188,0.150415209354948,0.988460727711418,-0.00453612534535084,-0.0158652771097252,0.150575915475541,0.984705341227697,-0.0455000118438152,0.0425890921501981,0.162700058726726,0.977003067931066,-0.0446791634535257,0.119233898247517,0.171032321843211,0.991665436794601,-0.0327840560902489,0.00453289605918196,0.124516344254732,0.991665436794601,-0.0327840560902489,0.00453289605918196,0.124516344254732
581,1351,0.987348273559939,-0.0155268966102069,0.109777183145946,0.113363451960519,0.987348273559939,-0.0155268966102069,0.109777183145946,0.113363451960519,0.991651477176842,-0.00974541490411187,0.0594557907544613,0.114006068466094,0.991654542324289,-0.00973953496306154,0.0594046456841274,0.114006570939803,0.987348273559939,-0.0155268966102069,0.109777183145946,0.113363451960519,0.969319924922674,-0.0278828797668223,0.217546607395182,0.11097252711666,0.987348273559939,-0.0155268966102069,0.109777183145946,0.113363451960519,0.987348273559939,-0.0155268966102069,0.109777183145946,0.113363451960519,0.987353191497513,-0.0155333380925571,0.109751332969896,0.113344764143338,0.987353191497513,-0.0155333380925571,0.109751332969896,0.113344764143338,0.98734922828149,-0.0155281075906186,0.109772162632536,0.113359832381566,0.987348273559939,-0.0155268966102069,0.109777183145946,0.113363451960519,0.987353191497513,-0.0155333380925571,0.109751332969896,0.113344764143338,0.987353191497513,-0.0155333380925571,0.109751332969896,0.113344764143338,0.98734922828149,-0.0155281075906186,0.109772162632536,0.113359832381566,0.993590561961996,0.021491672438271,-0.0466614267060208,0.100690687025211,0.970071483529469,0.00499697467262416,0.0390884950263935,0.239600577302369,0.988589136330451,-0.00562623288549166,0.0105358580128693,0.150162780770948,0.98849471768515,-0.00140357256346278,-0.0172533441167307,0.150261589268199,0.984628131249239,-0.0449687630137933,0.0420881643225739,0.163443690393959,0.976588682198953,-0.0452948581809734,0.12066757020041,0.172227347204812,0.991429823073087,-0.0343283602650901,0.00618942821547038,0.125897420867724,0.991429823073087,-0.0343283602650901,0.00618942821547038,0.125897420867724
582,1352,0.987232882407316,-0.0154393416701282,0.110337229403549,0.113835664139517,0.987232882407316,-0.0154393416701282,0.110337229403549,0.113835664139517,0.991564698106271,-0.00963397409829167,0.0600209777338488,0.114473220642932,0.991567792403675,-0.00962807006374925,0.0599698371384433,0.114473717368396,0.987232882407316,-0.0154393416701282,0.110337229403549,0.113835664139517,0.969143725848962,-0.0278477141409863,0.218090593438368,0.111451498502325,0.987232882407316,-0.0154393416701282,0.110337229403549,0.113835664139517,0.987232882407316,-0.0154393416701282,0.110337229403549,0.113835664139517,0.987238912107926,-0.0154440417145098,0.110307936171042,0.113811120779846,0.987238912107926,-0.0154440417145098,0.110307936171042,0.113811120779846,0.98723404863763,-0.01544022937276,0.110331579045055,0.113830906141059,0.987232882407316,-0.0154393416701282,0.110337229403549,0.113835664139517,0.987238912107926,-0.0154440417145098,0.110307936171042,0.113811120779846,0.987238912107926,-0.0154440417145098,0.110307936171042,0.113811120779846,0.98723404863763,-0.01544022937276,0.110331579045055,0.113830906141059,0.993619544652487,0.0210000202410119,-0.0463361157736348,0.100658650942053,0.970305780126315,0.00453702848655976,0.0397859865398754,0.238543882128686,0.988614700766465,-0.0029940781077463,0.0121517008864062,0.149947807887562,0.988515976654438,0.00165803835586722,-0.0185163253622881,0.149968531708525,0.984548924362219,-0.0442592315127404,0.0414158200663871,0.164284100908543,0.976125062824558,-0.0460420757092133,0.122192838704599,0.173576781740679,0.991165385346841,-0.036175562638809,0.0079284655756987,0.127356377899305,0.991165385346841,-0.036175562638809,0.0079284655756987,0.127356377899305
583,1353,0.987097292364031,-0.0153376474567929,0.110944874973151,0.114433066441834,0.987097292364031,-0.0153376474567929,0.110944874973151,0.114433066441834,0.99146016536504,-0.0095020498138369,0.0606347290712046,0.115064682566482,0.991463291317158,-0.00949611527448346,0.0605835938663186,0.11506517248709,0.987097292364031,-0.0153376474567929,0.110944874973151,0.114433066441834,0.968942222569884,-0.0278122435099327,0.218679672572794,0.112056455573671,0.987097292364031,-0.0153376474567929,0.110944874973151,0.114433066441834,0.987097292364031,-0.0153376474567929,0.110944874973151,0.114433066441834,0.987104392666958,-0.0153429674705227,0.110913030199568,0.114401971393613,0.987104392666958,-0.0153429674705227,0.110913030199568,0.114401971393613,0.987098663679268,-0.015338673334388,0.110938742434828,0.114427045273058,0.987097292364031,-0.0153376474567929,0.110944874973151,0.114433066441834,0.987104392666958,-0.0153429674705227,0.110913030199568,0.114401971393613,0.987104392666958,-0.0153429674705227,0.110913030199568,0.114401971393613,0.987098663679268,-0.015338673334388,0.110938742434828,0.114427045273058,0.993638424940031,0.0204171744812572,-0.0460379051389981,0.100728996616215,0.970498086997466,0.00411257410391304,0.0404914096407885,0.237648891463436,0.988631350805241,-0.000312628841064815,0.0137450457861289,0.149729850679649,0.988531191735359,0.00474730998690457,-0.0196712237781273,0.149654899583109,0.984465373101928,-0.0433570905156574,0.0406167787792116,0.165222181158884,0.975614592061375,-0.0469130576620357,0.123803872669292,0.175065513136657,0.990878809377075,-0.038293118201197,0.00981600401381152,0.128827280849603,0.990878809377075,-0.038293118201197,0.00981600401381152,0.128827280849603
584,1354,0.986951470027473,-0.0151965695937297,0.111564047484532,0.115105705297618,0.986951470027473,-0.0151965695937297,0.111564047484532,0.115105705297618,0.991345999381949,-0.00932696906387084,0.0612605124850098,0.115729282239028,0.991349157609356,-0.0093210002476426,0.0612093831674673,0.115729763128862,0.986951470027473,-0.0151965695937297,0.111564047484532,0.115105705297618,0.96872928296878,-0.027745890150345,0.219279085184415,0.112740519331978,0.986951470027473,-0.0151965695937297,0.111564047484532,0.115105705297618,0.986951470027473,-0.0151965695937297,0.111564047484532,0.115105705297618,0.986959138754178,-0.0152038898366254,0.111531499169016,0.115070521231803,0.986959138754178,-0.0152038898366254,0.111531499169016,0.115070521231803,0.986952946329057,-0.0151979906985555,0.111557794926502,0.115098919205423,0.986951470027473,-0.0151965695937297,0.111564047484532,0.115105705297618,0.986959138754178,-0.0152038898366254,0.111531499169016,0.115070521231803,0.986959138754178,-0.0152038898366254,0.111531499169016,0.115070521231803,0.986952946329057,-0.0151979906985555,0.111557794926502,0.115098919205423,0.99365237799624,0.0198373769823281,-0.0456996567983124,0.100861149831816,0.970662448248881,0.00372445185701348,0.0411799959824897,0.236864408362115,0.988640493210078,0.00227752066409127,0.0152468349149743,0.149506929973278,0.988540698666064,0.0077152390864302,-0.0207310846411683,0.149325096002813,0.984366161244652,-0.0422981884636233,0.039706757509752,0.166305433637104,0.975052942672547,-0.0478733402845225,0.125489805949337,0.17672637290005,0.990581302359828,-0.0406221753784811,0.0119555202502975,0.130213623780971,0.990581302359828,-0.0406221753784811,0.0119555202502975,0.130213623780971
585,1355,0.986799625215222,-0.0150162491730664,0.112191725096236,0.115818948172571,0.986799625215222,-0.0150162491730664,0.112191725096236,0.115818948172571,0.991226250956638,-0.00911063287085624,0.0618950960853951,0.116432439052529,0.991229441913215,-0.00910462778920151,0.061843972943102,0.116432908783765,0.986799625215222,-0.0150162491730664,0.112191725096236,0.115818948172571,0.968509423266151,-0.0276449908556671,0.21988629004474,0.113469251234061,0.986799625215222,-0.0150162491730664,0.112191725096236,0.115818948172571,0.986799625215222,-0.0150162491730664,0.112191725096236,0.115818948172571,0.986807625658792,-0.0150256315847479,0.112158716609696,0.11578152972561,0.986807625658792,-0.0150256315847479,0.112158716609696,0.11578152972561,0.986801163198172,-0.0150180666612266,0.112185386335998,0.115811748441758,0.986799625215222,-0.0150162491730664,0.112191725096236,0.115818948172571,0.986807625658792,-0.0150256315847479,0.112158716609696,0.11578152972561,0.986807625658792,-0.0150256315847479,0.112158716609696,0.11578152972561,0.986801163198172,-0.0150180666612266,0.112185386335998,0.115811748441758,0.993672815489688,0.0192863699174409,-0.0452868411651978,0.100952829130649,0.970808523082802,0.00339873224243614,0.0418466655196866,0.23615274022085,0.988634825637987,0.0046055870105667,0.0166183761805498,0.149344566948913,0.988537289206873,0.0103821566064767,-0.0216567942839552,0.149054426076748,0.984239361661584,-0.0411480731474889,0.038698872099539,0.167577183203654,0.974430171321966,-0.0489737042880568,0.127262558865037,0.178582358078485,0.990256281010519,-0.043263046071497,0.0142147608318064,0.131600711769841,0.990256281010519,-0.043263046071497,0.0142147608318064,0.131600711769841
586,1356,0.986654864305494,-0.0147543435609951,0.112763578749686,0.11652838021682,0.986654864305494,-0.0147543435609951,0.112763578749686,0.11652838021682,0.991110740165091,-0.00881301059493836,0.0624735678470093,0.117127643595033,0.991113960956833,-0.00880696965810817,0.0624224506614819,0.117128097975306,0.986654864305494,-0.0147543435609951,0.112763578749686,0.11652838021682,0.968302735365542,-0.0274625813479446,0.220438786591056,0.114203155278561,0.986654864305494,-0.0147543435609951,0.112763578749686,0.11652838021682,0.986654864305494,-0.0147543435609951,0.112763578749686,0.11652838021682,0.986662526289696,-0.0147679083221104,0.112733338370799,0.116491040510421,0.986662526289696,-0.0147679083221104,0.112733338370799,0.116491040510421,0.986656331879796,-0.0147569808609758,0.112757797348675,0.116521214439475,0.986654864305494,-0.0147543435609951,0.112763578749686,0.11652838021682,0.986662526289696,-0.0147679083221104,0.112733338370799,0.116491040510421,0.986662526289696,-0.0147679083221104,0.112733338370799,0.116491040510421,0.986656331879796,-0.0147569808609758,0.112757797348675,0.116521214439475,0.993709643958628,0.0188246810175291,-0.0447445547649952,0.100919273219186,0.970942758202156,0.0031329063095152,0.0424772505656696,0.23549103672375,0.988620341229112,0.00661044027058962,0.0178279045977423,0.149225630523435,0.988527506694834,0.0126736041880913,-0.0223915560425703,0.148833351378552,0.984074304829635,-0.0399256763355519,0.0376608243377269,0.169072071180966,0.973742700665516,-0.0501972724312616,0.129132541840178,0.180638238972217,0.989910311329506,-0.0461276439023278,0.0166106149900542,0.1329432339805,0.989910311329506,-0.0461276439023278,0.0166106149900542,0.1329432339805
587,1357,0.986522332859192,-0.0144329900941655,0.113254384354151,0.117212712585122,0.986522332859192,-0.0144329900941655,0.113254384354151,0.117212712585122,0.99100332396675,-0.00845729291746642,0.0629704747658254,0.117794759608095,0.991006570386893,-0.00845121757421998,0.0629193631196888,0.117795195641138,0.986522332859192,-0.0144329900941655,0.113254384354151,0.117212712585122,0.968117103885957,-0.0272183270562195,0.220912068409236,0.114918640206372,0.986522332859192,-0.0144329900941655,0.113254384354151,0.117212712585122,0.986522332859192,-0.0144329900941655,0.113254384354151,0.117212712585122,0.986529364183933,-0.01444973632491,0.113228334536682,0.117176631548422,0.986529364183933,-0.01444973632491,0.113228334536682,0.117176631548422,0.98652367698912,-0.0144362300628533,0.11324941895862,0.117205798094524,0.986522332859192,-0.0144329900941655,0.113254384354151,0.117212712585122,0.986529364183933,-0.01444973632491,0.113228334536682,0.117176631548422,0.986529364183933,-0.01444973632491,0.113228334536682,0.117176631548422,0.98652367698912,-0.0144362300628533,0.11324941895862,0.117205798094524,0.993767291575097,0.018433386199724,-0.0440764744061871,0.100717649260839,0.971072995537935,0.00290441338904505,0.0430545808196557,0.234851239703541,0.98859916006814,0.00828407813580867,0.0188698882493305,0.149154289510783,0.988513683099628,0.0145783199168271,-0.0229144123813291,0.148671115615742,0.983863207204445,-0.0386538543785974,0.0366148082174569,0.170816933792467,0.972981869707064,-0.0515933703571616,0.131131181379994,0.182890728650804,0.989545475319216,-0.0491617463463607,0.0191648813632765,0.134222137867703,0.989545475319216,-0.0491617463463607,0.0191648813632765,0.134222137867703
588,1358,0.986398105243627,-0.0140527261474861,0.113696041368983,0.117874972053569,0.986398105243627,-0.0140527261474861,0.113696041368983,0.117874972053569,0.990901703012929,-0.00804386269051112,0.063417874588092,0.118436837267052,0.990904972508109,-0.00803775423229262,0.0633667681825192,0.11843725197634,0.986398105243627,-0.0140527261474861,0.113696041368983,0.117874972053569,0.96794512364915,-0.0269130945142299,0.22133741087992,0.115618655469064,0.986398105243627,-0.0140527261474861,0.113696041368983,0.117874972053569,0.986398105243627,-0.0140527261474861,0.113696041368983,0.117874972053569,0.986404688837199,-0.0140725769533932,0.113672658403633,0.117840057490353,0.986404688837199,-0.0140725769533932,0.113672658403633,0.117840057490353,0.986399364916746,-0.0140565612435095,0.113691575600202,0.117868280785758,0.986398105243627,-0.0140527261474861,0.113696041368983,0.117874972053569,0.986404688837199,-0.0140725769533932,0.113672658403633,0.117840057490353,0.986404688837199,-0.0140725769533932,0.113672658403633,0.117840057490353,0.986399364916746,-0.0140565612435095,0.113691575600202,0.117868280785758,0.993845228688316,0.0181299369213766,-0.043352848912195,0.10031698406498,0.971195542186976,0.00274590557886229,0.0436240786566452,0.234240514429202,0.988578556348573,0.00963708735738043,0.0196706364578518,0.14910610496013,0.988558422130508,0.015709283364162,-0.0206577357356757,0.14858910594421,0.983619427996414,-0.0372917364005143,0.0356214241587346,0.172723077222316,0.972181416171073,-0.0530220104608416,0.133182940675857,0.185241099033741,0.989176338235966,-0.052294850618223,0.0218816958109197,0.135338877863474,0.989176338235966,-0.052294850618223,0.0218816958109197,0.135338877863474
589,1359,0.986270159266442,-0.0136916331936379,0.114098787394349,0.118596706683519,0.986270159266442,-0.0136916331936379,0.114098787394349,0.118596706683519,0.990794390948184,-0.00764655600413945,0.0638266026820441,0.119139287545971,0.990797681523892,-0.00764041131717507,0.0637755018106086,0.119139681763006,0.986270159266442,-0.0136916331936379,0.114098787394349,0.118596706683519,0.967773720860038,-0.0266334487375508,0.221723669365795,0.11637568072424,0.986270159266442,-0.0136916331936379,0.114098787394349,0.118596706683519,0.986270159266442,-0.0136916331936379,0.114098787394349,0.118596706683519,0.986276907233243,-0.0137106806828213,0.114077483427361,0.118558876801882,0.986276907233243,-0.0137106806828213,0.114077483427361,0.118558876801882,0.986271455454759,-0.0136952825320075,0.11409471575381,0.118589422920334,0.986270159266442,-0.0136916331936379,0.114098787394349,0.118596706683519,0.986276907233243,-0.0137106806828213,0.114077483427361,0.118558876801882,0.986276907233243,-0.0137106806828213,0.114077483427361,0.118558876801882,0.986271455454759,-0.0136952825320075,0.11409471575381,0.118589422920334,0.993947129277465,0.018046793456585,-0.0427108686148458,0.0995951763349402,0.971449938652501,0.00253599006598155,0.0442152928899361,0.233074222772692,0.988603904297075,0.0106435602391261,0.0202121301416485,0.148796857591657,0.988648442300138,0.0163699717293306,-0.017901601431033,0.148276141807429,0.983375727882305,-0.0358391915758293,0.0346511025705474,0.174605358594126,0.971388385824764,-0.0544457154486601,0.135234968643975,0.187488056179337,0.988822309255928,-0.0554635305813722,0.0247680600260004,0.136164535381911,0.988822309255928,-0.0554635305813722,0.0247680600260004,0.136164535381911
590,1360,0.98616918046776,-0.0132516358245269,0.114424707370406,0.119171003128768,0.98616918046776,-0.0132516358245269,0.114424707370406,0.119171003128768,0.990710106718845,-0.00717794005072095,0.0641572334689665,0.119690480053223,0.990713414347137,-0.0071717669363115,0.0641061369440985,0.11969085010039,0.98616918046776,-0.0132516358245269,0.114424707370406,0.119171003128768,0.967637559388879,-0.0262591837363343,0.22203652812362,0.116994825134466,0.98616918046776,-0.0132516358245269,0.114424707370406,0.119171003128768,0.98616918046776,-0.0132516358245269,0.114424707370406,0.119171003128768,0.986174583613734,-0.0132745882960245,0.114407348121297,0.119140398839777,0.986174583613734,-0.0132745882960245,0.114407348121297,0.119140398839777,0.986170206412282,-0.0132560723350122,0.114421407824541,0.119165187712085,0.98616918046776,-0.0132516358245269,0.114424707370406,0.119171003128768,0.986174583613734,-0.0132745882960245,0.114407348121297,0.119140398839777,0.986174583613734,-0.0132745882960245,0.114407348121297,0.119140398839777,0.986170206412282,-0.0132560723350122,0.114421407824541,0.119165187712085,0.994051747045289,0.0179490485681577,-0.0418758731111431,0.0989210144655113,0.971552699639364,0.00246391965764191,0.044746914539558,0.232544607683287,0.988583992422659,0.0111593074086676,0.0205395480251152,0.148846520788223,0.988674017966791,0.0165936009062063,-0.015616315340123,0.14833903498933,0.983160965099195,-0.0343396268008406,0.0336935521744114,0.176295352401217,0.970604462283228,-0.0558565648177648,0.137254053200457,0.189653227873113,0.988482288540672,-0.0585532798163865,0.0275923649152961,0.136795248684015,0.988482288540672,-0.0585532798163865,0.0275923649152961,0.136795248684015
591,1361,0.986089442946776,-0.0128012860394207,0.114675500930396,0.119638066981281,0.986089442946776,-0.0128012860394207,0.114675500930396,0.119638066981281,0.99064321820333,-0.00670443489031986,0.0644117553903749,0.120134052408474,0.990646538958824,-0.00669823889904264,0.0643606623149818,0.120134398033751,0.986089442946776,-0.0128012860394207,0.114675500930396,0.119638066981281,0.967530761311214,-0.0258628523451403,0.222277047670835,0.117508522515833,0.986089442946776,-0.0128012860394207,0.114675500930396,0.119638066981281,0.986089442946776,-0.0128012860394207,0.114675500930396,0.119638066981281,0.986093712881062,-0.0128249513218913,0.114662094788959,0.119613185137096,0.986093712881062,-0.0128249513218913,0.114662094788959,0.119613185137096,0.986090253029545,-0.012805833934537,0.114672960283816,0.119633338485205,0.986089442946776,-0.0128012860394207,0.114675500930396,0.119638066981281,0.986093712881062,-0.0128249513218913,0.114662094788959,0.119613185137096,0.986093712881062,-0.0128249513218913,0.114662094788959,0.119613185137096,0.986090253029545,-0.012805833934537,0.114672960283816,0.119633338485205,0.994164482356197,0.0179075492129536,-0.0409811026883478,0.098167463678491,0.971630212655332,0.00245426654982233,0.0452513760208517,0.232122854108069,0.988570150864048,0.0113322290878468,0.0206325546049972,0.148912508188554,0.988689043377829,0.0165111793171299,-0.0138065561791439,0.148427542823638,0.983003614236869,-0.0328196621406417,0.0327664527101416,0.177631989661268,0.96986741289871,-0.0572501299652833,0.139234571484042,0.191555104656014,0.988171860868328,-0.0616107995056041,0.0301938771019085,0.137145224334866,0.988171860868328,-0.0616107995056041,0.0301938771019085,0.137145224334866
592,1362,0.986026690277236,-0.012389891379617,0.114875576308711,0.120006077430528,0.986026690277236,-0.012389891379617,0.114875576308711,0.120006077430528,0.990590714963944,-0.00627486865711259,0.0646147614602251,0.120480679164739,0.990594046189662,-0.00626865478893379,0.0645636710924466,0.120481002634431,0.986026690277236,-0.012389891379617,0.114875576308711,0.120006077430528,0.967446415364176,-0.0254943621146872,0.222469021147545,0.117919487486275,0.986026690277236,-0.012389891379617,0.114875576308711,0.120006077430528,0.986026690277236,-0.012389891379617,0.114875576308711,0.120006077430528,0.986030050627552,-0.012411644494007,0.114864903306176,0.119986433936695,0.986030050627552,-0.012411644494007,0.114864903306176,0.119986433936695,0.98602732764743,-0.0123940508273107,0.114873550351364,0.120002350252943,0.986026690277236,-0.012389891379617,0.114875576308711,0.120006077430528,0.986030050627552,-0.012411644494007,0.114864903306176,0.119986433936695,0.986030050627552,-0.012411644494007,0.114864903306176,0.119986433936695,0.98602732764743,-0.0123940508273107,0.114873550351364,0.120002350252943,0.994283623819514,0.0179190978620444,-0.040028943858007,0.097348163771887,0.971690550678805,0.00246749514747572,0.0457846447180418,0.231765293987818,0.988552126976764,0.0110685176541106,0.0204808689708394,0.149072848543446,0.988687037438329,0.0160127572386216,-0.0123578212280494,0.148623073112937,0.982902542027484,-0.0314154119174116,0.0319101184658175,0.178598457746608,0.969190948765001,-0.0585628461078388,0.141158503424177,0.193167219783259,0.987920548304715,-0.0644111507171332,0.0326412625834389,0.137108504030803,0.987920548304715,-0.0644111507171332,0.0326412625834389,0.137108504030803
593,1363,0.985983290735117,-0.0120514472766761,0.11506261909327,0.120217747013845,0.985983290735117,-0.0120514472766761,0.11506261909327,0.120217747013845,0.990556877492688,-0.00592610434360656,0.0648037682036258,0.120674874625401,0.990560218466581,-0.00591988046014983,0.0647526795807828,0.120675180107116,0.985983290735117,-0.0120514472766761,0.11506261909327,0.120217747013845,0.967382736758008,-0.0251812113688969,0.222650166278941,0.118167045628392,0.985983290735117,-0.0120514472766761,0.11506261909327,0.120217747013845,0.985983290735117,-0.0120514472766761,0.11506261909327,0.120217747013845,0.98598563398757,-0.0120694572024791,0.115052733917116,0.120206182000616,0.98598563398757,-0.0120694572024791,0.115052733917116,0.120206182000616,0.9859837320875,-0.0120548733243155,0.115060728520531,0.120215593166048,0.985983290735117,-0.0120514472766761,0.11506261909327,0.120217747013845,0.98598563398757,-0.0120694572024791,0.115052733917116,0.120206182000616,0.98598563398757,-0.0120694572024791,0.115052733917116,0.120206182000616,0.9859837320875,-0.0120548733243155,0.115060728520531,0.120215593166048,0.994405583668163,0.0179880933776608,-0.0390246014587456,0.0964937518557647,0.971743013599103,0.0025033868912283,0.0463171181907768,0.231438918805607,0.988521310793113,0.0103067918014619,0.0201627669398994,0.149374867296864,0.988661610074401,0.0150639897392346,-0.0113639706044193,0.148970323052381,0.982849405895775,-0.030170144972193,0.0312842451921399,0.179215244009648,0.968593559752417,-0.0596948344505009,0.142978570006313,0.194474088929655,0.987706135280744,-0.0671176328732915,0.0347926973946078,0.136825735496908,0.987706135280744,-0.0671176328732915,0.0347926973946078,0.136825735496908
594,1364,0.985960310577572,-0.0118302250661568,0.115259218236982,0.120239861743359,0.985960310577572,-0.0118302250661568,0.115259218236982,0.120239861743359,0.990543918696304,-0.00570404409210908,0.0650012811919214,0.120685717705838,0.99054726985706,-0.00569781964970963,0.064950193237173,0.120686011734655,0.985960310577572,-0.0118302250661568,0.115259218236982,0.120239861743359,0.967338304516014,-0.0249637559972475,0.222843052480678,0.118213321853706,0.985960310577572,-0.0118302250661568,0.115259218236982,0.120239861743359,0.985960310577572,-0.0118302250661568,0.115259218236982,0.120239861743359,0.985961579128231,-0.0118421867017336,0.115248894299054,0.120238178046456,0.985961579128231,-0.0118421867017336,0.115248894299054,0.120238178046456,0.985960545236813,-0.0118324715541016,0.115257233391708,0.120239619111746,0.985960310577572,-0.0118302250661568,0.115259218236982,0.120239861743359,0.985961579128231,-0.0118421867017336,0.115248894299054,0.120238178046456,0.985961579128231,-0.0118421867017336,0.115248894299054,0.120238178046456,0.985960545236813,-0.0118324715541016,0.115257233391708,0.120239619111746,0.994529887452965,0.0180543530263107,-0.0379809324288608,0.0956127191927371,0.971786203011531,0.00255203559921207,0.0468550403169098,0.23114858413504,0.988501625546204,0.00946428384243481,0.0198105210844907,0.149607843638706,0.9886401902353,0.0141040659572104,-0.0108855273016704,0.149241934021067,0.982844171947721,-0.0290898493127368,0.0309953880507438,0.179472561287078,0.968067925113373,-0.0606168023397992,0.144729330091655,0.195508354430205,0.987548184902426,-0.0694941442242384,0.0367009413749018,0.136279812579345,0.987548184902426,-0.0694941442242384,0.0367009413749018,0.136279812579345
595,1365,0.98596283060726,-0.0116790137492257,0.115447469324564,0.120053234547507,0.98596283060726,-0.0116790137492257,0.115447469324564,0.120053234547507,0.990556002864031,-0.00556251304985595,0.065189160928497,0.120491646747995,0.990559363714775,-0.00555629861696523,0.0651380723502509,0.120491933477526,0.98596283060726,-0.0116790137492257,0.115447469324564,0.120053234547507,0.967320135022701,-0.0247929633923601,0.223030441626677,0.118044429998618,0.98596283060726,-0.0116790137492257,0.115447469324564,0.120053234547507,0.98596283060726,-0.0116790137492257,0.115447469324564,0.120053234547507,0.985962770381131,-0.0116871724247978,0.115437540848032,0.120062482008486,0.985962770381131,-0.0116871724247978,0.115437540848032,0.120062482008486,0.985962808214683,-0.0116805483327609,0.115445567019199,0.120055098449327,0.98596283060726,-0.0116790137492257,0.115447469324564,0.120053234547507,0.985962770381131,-0.0116871724247978,0.115437540848032,0.120062482008486,0.985962770381131,-0.0116871724247978,0.115437540848032,0.120062482008486,0.985962808214683,-0.0116805483327609,0.115445567019199,0.120055098449327,0.994647864103856,0.0180935398622182,-0.0369515232565218,0.0947778200736528,0.971805867902818,0.00264814087549544,0.0474175791930874,0.230950028454257,0.988480268199037,0.00847400960890112,0.0194629114445588,0.149853747435328,0.988615652309574,0.0130175241685634,-0.0105421795304634,0.149527584491236,0.982896594795781,-0.0282328122827273,0.0310202883668808,0.179317968868438,0.967630549867465,-0.0613588303180427,0.146401054594583,0.196196187829386,0.987428889200513,-0.0715715219950616,0.0383657676478223,0.135608900461386,0.987428889200513,-0.0715715219950616,0.0383657676478223,0.135608900461386
596,1366,0.986002237018054,-0.0115912230891215,0.115581873107992,0.119607954382389,0.986002237018054,-0.0115912230891215,0.115581873107992,0.119607954382389,0.990602189088924,-0.00549746610167286,0.0653213882889085,0.120042480275535,0.990605556759309,-0.00549127483488598,0.0652702973284056,0.12004276365083,0.986002237018054,-0.0115912230891215,0.115581873107992,0.119607954382389,0.967344542458031,-0.024656801805259,0.223168360150857,0.117611484681461,0.986002237018054,-0.0115912230891215,0.115581873107992,0.119607954382389,0.986002237018054,-0.0115912230891215,0.115581873107992,0.119607954382389,0.986000269263982,-0.0115960206216673,0.115574657148559,0.11963068144122,0.986000269263982,-0.0115960206216673,0.115574657148559,0.11963068144122,0.986001843843056,-0.0115921163546766,0.115580510177527,0.119612425958248,0.986002237018054,-0.0115912230891215,0.115581873107992,0.119607954382389,0.986000269263982,-0.0115960206216673,0.115574657148559,0.11963068144122,0.986000269263982,-0.0115960206216673,0.115574657148559,0.11963068144122,0.986001843843056,-0.0115921163546766,0.115580510177527,0.119612425958248,0.994758529756382,0.0181191847159689,-0.0359423003304704,0.0939963492328572,0.97178352151739,0.00273091293492769,0.0480140085096266,0.230919865773043,0.988444565907135,0.00726485666297917,0.0190471769757612,0.150205749009739,0.988574342209499,0.0117210200238759,-0.0103065390479237,0.149923856899128,0.983019714374461,-0.0276569059061117,0.0313009730543119,0.178682919700534,0.967296947623527,-0.062018603276891,0.147979029616178,0.19644977668515,0.987342252505744,-0.0733320660065565,0.0397864569384218,0.134887813965463,0.987342252505744,-0.0733320660065565,0.0397864569384218,0.134887813965463
597,1367,0.98607732433413,-0.0114772111302154,0.11562805879186,0.118953503852311,0.98607732433413,-0.0114772111302154,0.11562805879186,0.118953503852311,0.990679526642559,-0.00541686230551786,0.0653636981604244,0.119383081116348,0.990682896494996,-0.0054107050477264,0.0653126032111367,0.119383360335333,0.98607732433413,-0.0114772111302154,0.11562805879186,0.118953503852311,0.967414103338214,-0.0244716058320804,0.223222512772012,0.116973513934004,0.98607732433413,-0.0114772111302154,0.11562805879186,0.118953503852311,0.98607732433413,-0.0114772111302154,0.11562805879186,0.118953503852311,0.986073482856126,-0.0114831517365056,0.11562539003169,0.118987364094702,0.986073482856126,-0.0114831517365056,0.11562539003169,0.118987364094702,0.986076571751713,-0.0114783602084161,0.115627583566298,0.118960093341984,0.98607732433413,-0.0114772111302154,0.11562805879186,0.118953503852311,0.986073482856126,-0.0114831517365056,0.11562539003169,0.118987364094702,0.986073482856126,-0.0114831517365056,0.11562539003169,0.118987364094702,0.986076571751713,-0.0114783602084161,0.115627583566298,0.118960093341984,0.994863241318272,0.0181063377030851,-0.0349285851043815,0.0932699606051727,0.971728637246004,0.00281082747681655,0.0486714690336447,0.231012213761582,0.988417567044142,0.00605927853545496,0.0186078083978009,0.150491686709933,0.988541914344955,0.0104144377999524,-0.0100210257978057,0.150253126791031,0.983214875256887,-0.0273227713574615,0.0317559339889111,0.177576845042994,0.967082999972908,-0.0625899565427547,0.149426098934488,0.196226423961189,0.987266887751017,-0.0748296608003311,0.041019494993241,0.134246099553872,0.987266887751017,-0.0748296608003311,0.041019494993241,0.134246099553872
598,1368,0.986183723000534,-0.011357346659824,0.115655407319761,0.118052962365859,0.986183723000534,-0.011357346659824,0.115655407319761,0.118052962365859,0.990787177731148,-0.00534292052363505,0.0653856038974878,0.118477611584571,0.990790548713244,-0.00533680996605014,0.0653345033960046,0.118477886991171,0.986183723000534,-0.011357346659824,0.115655407319761,0.118052962365859,0.967516854922773,-0.0242535663265369,0.223261380883124,0.116091583531928,0.986183723000534,-0.011357346659824,0.115655407319761,0.118052962365859,0.986183723000534,-0.011357346659824,0.115655407319761,0.118052962365859,0.986178232118717,-0.0113636371579008,0.115653908932727,0.118099684988262,0.986178232118717,-0.0113636371579008,0.115653908932727,0.118099684988262,0.98618265563622,-0.0113585568432554,0.115655129568685,0.118062034173488,0.986183723000534,-0.011357346659824,0.115655407319761,0.118052962365859,0.986178232118717,-0.0113636371579008,0.115653908932727,0.118099684988262,0.986178232118717,-0.0113636371579008,0.115653908932727,0.118099684988262,0.98618265563622,-0.0113585568432554,0.115655129568685,0.118062034173488,0.994964133347703,0.0180866050694758,-0.0339441910173868,0.0925583057585389,0.971661688141023,0.00289665786263674,0.0493226893515231,0.231154592183018,0.988393301344152,0.00473975404723565,0.0181411258986595,0.150755152949113,0.988509845659042,0.00901904616629518,-0.0099349698539066,0.150559749652385,0.983467154182167,-0.0271938109106763,0.0323597080972977,0.176084362124642,0.966965684648794,-0.0631363833197475,0.15075335263642,0.195613364783368,0.987186259227531,-0.0761638318537153,0.0420812990689594,0.13375920371467,0.987186259227531,-0.0761638318537153,0.0420812990689594,0.13375920371467
599,1369,0.986316460079299,-0.0112245034935183,0.115653655290181,0.116953337344362,0.986316460079299,-0.0112245034935183,0.115653655290181,0.116953337344362,0.990919654231323,-0.00526613474514606,0.0653771080992092,0.117372656183228,0.990923024775066,-0.00526008117636913,0.0653260007651861,0.117372927631027,0.986316460079299,-0.0112245034935183,0.115653655290181,0.116953337344362,0.967648981510677,-0.0240007627004508,0.22327421702178,0.115013199174951,0.986316460079299,-0.0112245034935183,0.115653655290181,0.116953337344362,0.986316460079299,-0.0112245034935183,0.115653655290181,0.116953337344362,0.986309580363887,-0.0112314605388747,0.115653671687539,0.117010658496424,0.986309580363887,-0.0112314605388747,0.115653671687539,0.117010658496424,0.986315128211069,-0.011225844097588,0.115653670757212,0.116964425047373,0.986316460079299,-0.0112245034935183,0.115653655290181,0.116953337344362,0.986309580363887,-0.0112314605388747,0.115653671687539,0.117010658496424,0.986309580363887,-0.0112314605388747,0.115653671687539,0.117010658496424,0.986315128211069,-0.011225844097588,0.115653670757212,0.116964425047373,0.995063685726927,0.0180266465813117,-0.0329554269512933,0.0918544565877635,0.971576002116325,0.00298453983819071,0.0500527531969572,0.231356621973563,0.98834972603842,0.00311855151356512,0.0175617906740507,0.151151173282115,0.98845861156013,0.0072783111797327,-0.00965249628419484,0.151008041952983,0.983750024510613,-0.0272536632347011,0.0330443817645677,0.174359387328173,0.966913788034956,-0.063648273717833,0.151992348042354,0.194743292303492,0.987098672781857,-0.0773091050012726,0.0429834225633483,0.133461372167911,0.987098672781857,-0.0773091050012726,0.0429834225633483,0.133461372167911
600,1370,0.986476873530253,-0.0109603548307228,0.115568421594732,0.115703018724945,0.986476873530253,-0.0109603548307228,0.115568421594732,0.115703018724945,0.991075528588893,-0.00506587178456685,0.0652838319353786,0.116110528648968,0.991078894321658,-0.00505988331100464,0.0652327165621706,0.116110789769769,0.986476873530253,-0.0109603548307228,0.115568421594732,0.115703018724945,0.967817785259521,-0.0236008982148437,0.223207115960214,0.11379945308978,0.986476873530253,-0.0109603548307228,0.115568421594732,0.115703018724945,0.986476873530253,-0.0109603548307228,0.115568421594732,0.115703018724945,0.98646855147883,-0.0109739105936454,0.11557268909247,0.11576840573091,0.98646855147883,-0.0109739105936454,0.11557268909247,0.11576840573091,0.986475264353684,-0.0109630098161048,0.11556927505628,0.115715633762544,0.986476873530253,-0.0109603548307228,0.115568421594732,0.115703018724945,0.98646855147883,-0.0109739105936454,0.11557268909247,0.11576840573091,0.98646855147883,-0.0109739105936454,0.11557268909247,0.11576840573091,0.986475264353684,-0.0109630098161048,0.11556927505628,0.115715633762544,0.995158373020901,0.0179770099848301,-0.0319566418838438,0.0911888850568187,0.97147293438653,0.00306805122349505,0.0507994846512968,0.231625424285154,0.988273427369748,0.00100048741840962,0.0168037700821479,0.151763846454957,0.988374220537296,0.00497989097667264,-0.00911779092839033,0.151685420366424,0.984048346197326,-0.0275054884195383,0.033710786596341,0.172498937156629,0.966898022904176,-0.0640958495232502,0.153175691436103,0.193745046210115,0.987001587858174,-0.0782665231086703,0.0438535094820248,0.13333824144646,0.987001587858174,-0.0782665231086703,0.0438535094820248,0.13333824144646
601,1371,0.986654639740536,-0.0106064262484112,0.115412311963931,0.114368369088005,0.986654639740536,-0.0106064262484112,0.115412311963931,0.114368369088005,0.99124513118719,-0.00478023084182559,0.0651188895181591,0.114759616236339,0.99124848841273,-0.00477431204272246,0.0650677653978197,0.114759862626842,0.986654639740536,-0.0106064262484112,0.115412311963931,0.114368369088005,0.968011620604366,-0.0231025353964176,0.223071473409973,0.112511745981788,0.986654639740536,-0.0106064262484112,0.115412311963931,0.114368369088005,0.986654639740536,-0.0106064262484112,0.115412311963931,0.114368369088005,0.986645385833999,-0.0106248010152329,0.115420336731542,0.114438376800103,0.986645385833999,-0.0106248010152329,0.115420336731542,0.114438376800103,0.986652855749495,-0.0106099921902318,0.115413882737438,0.114381842870969,0.986654639740536,-0.0106064262484112,0.115412311963931,0.114368369088005,0.986645385833999,-0.0106248010152329,0.115420336731542,0.114438376800103,0.986645385833999,-0.0106248010152329,0.115420336731542,0.114438376800103,0.986652855749495,-0.0106099921902318,0.115413882737438,0.114381842870969,0.995244851951846,0.0179029686600419,-0.0309606097953146,0.0906013742589429,0.971347939921486,0.00310280964101,0.0515687958016399,0.231978903097212,0.988185845885786,-0.00119981107983151,0.0160480725833186,0.152413102490333,0.988280597395876,0.00256786556540809,-0.00838256843067859,0.152396192287714,0.984350154244578,-0.0279108277317842,0.0342901053956986,0.170587069281216,0.966886445311502,-0.0645350887329394,0.15430748957032,0.192756382144989,0.986895171171777,-0.0790202972522374,0.0448040176217465,0.133365339368778,0.986895171171777,-0.0790202972522374,0.0448040176217465,0.133365339368778
602,1372,0.98682816844263,-0.0102253293496449,0.115293425393078,0.113017851107626,0.986828168442631,-0.0102253293496449,0.115293425393078,0.113017851107626,0.991412393523136,-0.00446826316142796,0.0649913374183982,0.113391475224615,0.991415744169881,-0.00446241492539376,0.0649402046715779,0.113391705527027,0.98682816844263,-0.0102253293496449,0.115293425393078,0.113017851107626,0.968197156128709,-0.022575425890579,0.222972363388349,0.111211250218462,0.98682816844263,-0.0102253293496449,0.115293425393078,0.113017851107626,0.98682816844263,-0.0102253293496449,0.115293425393078,0.113017851107626,0.986819081503101,-0.0102453034811467,0.11529977706033,0.113088883396169,0.986819081503101,-0.0102453034811467,0.11529977706033,0.113088883396169,0.986826425346935,-0.0102291760833153,0.115294631138977,0.113031492178838,0.98682816844263,-0.0102253293496449,0.115293425393078,0.113017851107626,0.986819081503101,-0.0102453034811467,0.11529977706033,0.113088883396169,0.986819081503101,-0.0102453034811467,0.11529977706033,0.113088883396169,0.986826425346935,-0.0102291760833153,0.115294631138977,0.113031492178838,0.995315405344005,0.017819702624823,-0.0300380072596363,0.0901522057585525,0.971221719095078,0.00308282700185989,0.052334275893611,0.23233594664272,0.988100629414169,-0.00324690778734929,0.0153506225365958,0.153006412051534,0.988190993891243,0.000300003569427732,-0.00755347954090972,0.153040565004582,0.984654347334622,-0.0284119212581635,0.0347228084611071,0.168650246302883,0.966861293432829,-0.0649804571545352,0.155444537094254,0.19181703609674,0.986767683814206,-0.0796843970607503,0.0457419152972163,0.133594955855211,0.986767683814206,-0.0796843970607503,0.0457419152972163,0.133594955855211
603,1373,0.986982766169603,-0.00987310575004682,0.115271709325043,0.111713804412572,0.986982766169603,-0.00987310575004682,0.115271709325043,0.111713804412572,0.991565687798273,-0.00418276967942501,0.0649617923679462,0.112071212857232,0.991569036921011,-0.00417698953705611,0.0649106517149253,0.11207142843691,0.986982766169603,-0.00987310575004682,0.115271709325043,0.111713804412572,0.968353203642044,-0.0220821186454485,0.222967757047308,0.109953773694269,0.986982766169603,-0.00987310575004682,0.115271709325043,0.111713804412572,0.986982766169603,-0.00987310575004682,0.115271709325043,0.111713804412572,0.986974630150223,-0.0098917161252934,0.115273118343618,0.111782563842782,0.986974630150223,-0.0098917161252934,0.115273118343618,0.111782563842782,0.986981211985102,-0.00987666654677267,0.11527193962057,0.111726982338444,0.986982766169603,-0.00987310575004682,0.115271709325043,0.111713804412572,0.986974630150223,-0.0098917161252934,0.115273118343618,0.111782563842782,0.986974630150223,-0.0098917161252934,0.115273118343618,0.111782563842782,0.986981211985102,-0.00987666654677267,0.11527193962057,0.111726982338444,0.995368183026161,0.0176796941275213,-0.029195647571931,0.0898733709038019,0.971137549322934,0.00293132115413916,0.0530779827307627,0.23252095690619,0.988017282845746,-0.00506601542492879,0.014781138457621,0.153550324752903,0.988103860976741,-0.00169827257243574,-0.00688427039349585,0.153624485725021,0.98496761743273,-0.0289152468151178,0.0350173896303812,0.166662783890062,0.966831386942099,-0.0654207777957184,0.156580324959983,0.190892097509682,0.986622666662846,-0.0802888318542449,0.0468153814967862,0.133931837745508,0.986622666662846,-0.0802888318542449,0.0468153814967862,0.133931837745508
604,1374,0.987121489390632,-0.00956362623163892,0.115327556465261,0.110450246519755,0.987121489390632,-0.00956362623163892,0.115327556465261,0.110450246519755,0.991707070039784,-0.00393790729750359,0.0650105170732639,0.110793559330357,0.991710421675339,-0.00393219305117066,0.0649593691283084,0.110793762282817,0.987121489390632,-0.00956362623163892,0.115327556465261,0.110450246519755,0.968484954455381,-0.0216357435274433,0.223038501363746,0.108731846783671,0.987121489390632,-0.00956362623163892,0.115327556465261,0.110450246519755,0.987121489390632,-0.00956362623163892,0.115327556465261,0.110450246519755,0.987114191139974,-0.00958003116472722,0.115324839782314,0.110516867410099,0.987114191139974,-0.00958003116472722,0.115324839782314,0.110516867410099,0.987120095171114,-0.00956675671858736,0.115327001296145,0.110463014838891,0.987121489390632,-0.00956362623163892,0.115327556465261,0.110450246519755,0.987114191139974,-0.00958003116472722,0.115324839782314,0.110516867410099,0.987114191139974,-0.00958003116472722,0.115324839782314,0.110516867410099,0.987120095171114,-0.00956675671858736,0.115327001296145,0.110463014838891,0.995412829179552,0.0175468137411733,-0.0283983930544164,0.0896601366506815,0.971054262094274,0.00277335488715617,0.0538205544771898,0.232699970964723,0.98794396837272,-0.00656835821904052,0.0143751849134732,0.154003006740039,0.988029122202601,-0.00336081348087219,-0.00619550360270782,0.154106373480829,0.985294157249362,-0.0293718217764678,0.0351408406659278,0.164614218988193,0.966795416064247,-0.065895058307331,0.157751509035287,0.189944534443407,0.986456821955203,-0.0809094398379488,0.0480039923842784,0.134358541516056,0.986456821955203,-0.0809094398379488,0.0480039923842784,0.134358541516056
605,1375,0.987237109337161,-0.00930552476427611,0.115418518473531,0.109338294983247,0.987237109337161,-0.00930552476427611,0.115418518473531,0.109338294983247,0.991827163489227,-0.00373665155372718,0.0650954854343464,0.109669927401035,0.991830519506913,-0.00373099525962038,0.0650443312953897,0.109670119975109,0.987237109337161,-0.00930552476427611,0.115418518473531,0.109338294983247,0.968589885325431,-0.0212570855326948,0.22314161087589,0.107654966702135,0.987237109337161,-0.00930552476427611,0.115418518473531,0.109338294983247,0.987237109337161,-0.00930552476427611,0.115418518473531,0.109338294983247,0.98723099832111,-0.00931925041661194,0.115413838617447,0.109397227483891,0.98723099832111,-0.00931925041661194,0.115413838617447,0.109397227483891,0.987235945818372,-0.00930813714683777,0.115417604075866,0.109349542917868,0.987237109337161,-0.00930552476427611,0.115418518473531,0.109338294983247,0.98723099832111,-0.00931925041661194,0.115413838617447,0.109397227483891,0.98723099832111,-0.00931925041661194,0.115413838617447,0.109397227483891,0.987235945818372,-0.00930813714683777,0.115417604075866,0.109349542917868,0.995462880745928,0.0174281577769367,-0.0275991621700873,0.0893767230381053,0.971016504431797,0.00250612337102601,0.0545777576923644,0.232684197641304,0.987905225258914,-0.00746855055132197,0.0139772339016376,0.154246956505656,0.987975805819317,-0.00411755238222659,-0.00747691628123152,0.154372758610368,0.985633236915246,-0.0297475046889728,0.0351431216872571,0.162502828439474,0.966748464824744,-0.0664211063961007,0.1589913582286,0.188963992317962,0.986270935645943,-0.0816443359914479,0.0492706468199601,0.134819313388461,0.986270935645943,-0.0816443359914479,0.0492706468199601,0.134819313388461
606,1376,0.987324937256631,-0.00916686109258903,0.115580593002667,0.108381564161303,0.987324937256631,-0.00916686109258903,0.115580593002667,0.108381564161303,0.991923114944743,-0.00364679054837205,0.0652528868784859,0.108707385724419,0.991926479080372,-0.00364118389802144,0.0652017277905687,0.108707573665142,0.987324937256631,-0.00916686109258903,0.115580593002667,0.108381564161303,0.968659382494583,-0.0210141896634042,0.223312350560535,0.106719251426965,0.987324937256631,-0.00916686109258903,0.115580593002667,0.108381564161303,0.987324937256631,-0.00916686109258903,0.115580593002667,0.108381564161303,0.987320265901821,-0.00917448079779036,0.1155722582779,0.108432350146046,0.987320265901821,-0.00917448079779036,0.1155722582779,0.108432350146046,0.987324052187461,-0.00916827389835188,0.115578963680348,0.108391244482357,0.987324937256631,-0.00916686109258903,0.115580593002667,0.108381564161303,0.987320265901821,-0.00917448079779036,0.1155722582779,0.108432350146046,0.987320265901821,-0.00917448079779036,0.1155722582779,0.108432350146046,0.987324052187461,-0.00916827389835188,0.115578963680348,0.108391244482357,0.995524456184962,0.0172798471620617,-0.0268487071682047,0.0889472368490852,0.971006388248527,0.00217602758011425,0.0552857176506047,0.232562568588282,0.987879939514781,-0.00804103904306881,0.0138293203980601,0.154393382930457,0.9879502304271,-0.00474737313347788,-0.00723651832282658,0.154529729987257,0.98597556304124,-0.0299948641267437,0.0350219307619992,0.160393146914792,0.966687218848162,-0.0670059894790917,0.160357183796958,0.187913788462266,0.986063035622959,-0.0825463941873506,0.0506393683261303,0.135282803638284,0.986063035622959,-0.0825463941873506,0.0506393683261303,0.135282803638284
607,1377,0.987377866879498,-0.00917873630223892,0.115822321599906,0.107637765749735,0.987377866879498,-0.00917873630223892,0.115822321599906,0.107637765749735,0.991988261423172,-0.0036964521213717,0.065491613073212,0.107965152051091,0.991991637871154,-0.00369088375208061,0.0654404506250104,0.107965342554124,0.987377866879498,-0.00917873630223892,0.115822321599906,0.107637765749735,0.968685444620438,-0.0209443069457159,0.223558429867459,0.105978647954503,0.987377866879498,-0.00917873630223892,0.115822321599906,0.107637765749735,0.987377866879498,-0.00917873630223892,0.115822321599906,0.107637765749735,0.987375003180529,-0.00917852367898493,0.115809820350289,0.107677496756557,0.987375003180529,-0.00917852367898493,0.115809820350289,0.107677496756557,0.987377331811458,-0.00917863170681109,0.115819888381623,0.107645300873498,0.987377866879498,-0.00917873630223892,0.115822321599906,0.107637765749735,0.987375003180529,-0.00917852367898493,0.115809820350289,0.107677496756557,0.987375003180529,-0.00917852367898493,0.115809820350289,0.107677496756557,0.987377331811458,-0.00917863170681109,0.115819888381623,0.107645300873498,0.995592393477664,0.0170643924713173,-0.0261171952655494,0.0884448114388945,0.971020243802769,0.00182961647318856,0.0559870723133994,0.232339807959261,0.987832868919668,-0.00864208740524794,0.0137732299546939,0.154666853410274,0.98790301402822,-0.00536474024593447,-0.00714938147001979,0.154815182655477,0.986309106123739,-0.0301050972488761,0.0347385131524644,0.158370660164637,0.966590680676228,-0.0677114284354613,0.161824626027261,0.186896786757376,0.98582818586858,-0.0836634516651814,0.052159814139208,0.135729763101165,0.98582818586858,-0.0836634516651814,0.052159814139208,0.135729763101165
608,1378,0.98739717018141,-0.00936368599311834,0.116119353717824,0.107123505331558,0.98739717018141,-0.00936368599311834,0.116119353717824,0.107123505331558,0.992022635700206,-0.00390729881230344,0.0657872802942871,0.107460955820658,0.992026027397347,-0.00390175644694044,0.0657361160728193,0.107461157198901,0.98739717018141,-0.00936368599311834,0.116119353717824,0.107123505331558,0.96867201023234,-0.0210716603387742,0.223855785233572,0.105447186498576,0.98739717018141,-0.00936368599311834,0.116119353717824,0.107123505331558,0.98739717018141,-0.00936368599311834,0.116119353717824,0.107123505331558,0.987396072090816,-0.00935442797403149,0.116103878254858,0.107151206017888,0.987396072090816,-0.00935442797403149,0.116103878254858,0.107151206017888,0.987396973736071,-0.00936183546851495,0.11611635929222,0.107128723497618,0.98739717018141,-0.00936368599311834,0.116119353717824,0.107123505331558,0.987396072090816,-0.00935442797403149,0.116103878254858,0.107151206017888,0.987396072090816,-0.00935442797403149,0.116103878254858,0.107151206017888,0.987396973736071,-0.00936183546851495,0.11611635929222,0.107128723497618,0.995657908198217,0.0167828326849574,-0.025419919338162,0.0879630267229487,0.971063458724436,0.00145201324614979,0.0566745408084677,0.231994929280399,0.987826857018899,-0.00863347052348241,0.0139175907527156,0.154692806576538,0.987899624660552,-0.00534598064275358,-0.00706614291779671,0.154841279091763,0.986616803474977,-0.0300656401947212,0.0343050820623388,0.156545526046566,0.966431848186,-0.0685016289947235,0.163445257111692,0.186017895817997,0.985567940401541,-0.0850104393736736,0.0538506398751059,0.136121888890816,0.985567940401541,-0.0850104393736736,0.0538506398751059,0.136121888890816
609,1379,0.987390897785858,-0.00967498423873975,0.116449384082455,0.106794899674257,0.987390897785858,-0.00967498423873975,0.116449384082455,0.106794899674257,0.992033144385285,-0.0042348953350252,0.0661172029398599,0.10714859578154,0.992036553098361,-0.0042293690793739,0.066066038175962,0.107148814056175,0.987390897785858,-0.00967498423873975,0.116449384082455,0.106794899674257,0.968629530886741,-0.0213449871694892,0.224183130448477,0.10508638084542,0.987390897785858,-0.00967498423873975,0.116449384082455,0.106794899674257,0.987390897785858,-0.00967498423873975,0.116449384082455,0.106794899674257,0.987391164687974,-0.00965895650479325,0.116432109755601,0.106812715877951,0.987391164687974,-0.00965895650479325,0.116432109755601,0.106812715877951,0.987390960111556,-0.00967185276621666,0.116446054019086,0.106798238082066,0.987390897785858,-0.00967498423873975,0.116449384082455,0.106794899674257,0.987391164687974,-0.00965895650479325,0.116432109755601,0.106812715877951,0.987391164687974,-0.00965895650479325,0.116432109755601,0.106812715877951,0.987390960111556,-0.00967185276621666,0.116446054019086,0.106798238082066,0.995719748286217,0.0164639961418383,-0.0247395984096151,0.0875161240823916,0.971117134557461,0.00106507400212202,0.0573329170628719,0.231610261446548,0.987829082721394,-0.00843743607924286,0.0141532220926918,0.154668029361645,0.987903853279137,-0.00508452968099061,-0.00725169235611407,0.154814525132912,0.986894232442252,-0.0298209979236891,0.0337231977001447,0.154962021127533,0.966204105109001,-0.0693612745068638,0.16521919288797,0.185313947588264,0.98527303090067,-0.0866354628066793,0.0557068005522846,0.136484810643201,0.98527303090067,-0.0866354628066793,0.0557068005522846,0.136484810643201
610,1380,0.987332724146757,-0.0101517530882889,0.116854330525098,0.106846147219777,0.987332724146757,-0.0101517530882889,0.116854330525098,0.106846147219777,0.991995626322631,-0.0047084435271195,0.0665245826014413,0.107224007694302,0.991999056046596,-0.0047029133814259,0.066473419772017,0.107224250392356,0.987332724146757,-0.0101517530882889,0.116854330525098,0.106846147219777,0.968527236738605,-0.021824500279939,0.224579238641971,0.105084958267141,0.987332724146757,-0.0101517530882889,0.116854330525098,0.106846147219777,0.987332724146757,-0.0101517530882889,0.116854330525098,0.106846147219777,0.987335656155199,-0.0101271133599969,0.116833220666436,0.106844476732699,0.987335656155199,-0.0101271133599969,0.116833220666436,0.106844476732699,0.987333308474464,-0.0101469541049813,0.116850247992686,0.106845668341341,0.987332724146757,-0.0101517530882889,0.116854330525098,0.106846147219777,0.987335656155199,-0.0101271133599969,0.116833220666436,0.106844476732699,0.987335656155199,-0.0101271133599969,0.116833220666436,0.106844476732699,0.987333308474464,-0.0101469541049813,0.116850247992686,0.106845668341341,0.995784634167385,0.0162825064739493,-0.0242031395006929,0.0869600504678042,0.971311949565157,0.000590741388574303,0.0580177024872675,0.230622405361328,0.987846592296532,-0.00846684519725275,0.0143550105946448,0.154535938510629,0.987922485092609,-0.00504774769438748,-0.00749130759531704,0.154685371002461,0.987125626008669,-0.0293590514641311,0.0330186849634116,0.153723163568172,0.965916698590977,-0.0702634955965945,0.167090192590062,0.184794047820463,0.984962467699328,-0.088555305424874,0.0578034997859131,0.136622291436131,0.984962467699328,-0.088555305424874,0.0578034997859131,0.136622291436131
611,1381,0.987290518303745,-0.0106835865018698,0.117217491119683,0.106786484269254,0.987290518303745,-0.0106835865018698,0.117217491119683,0.106786484269254,0.991971931758794,-0.00524262187425592,0.0668894188911501,0.107191450960485,0.991975380299431,-0.00523709340698399,0.0668382572833013,0.107191721209135,0.987290518303745,-0.0106835865018698,0.117217491119683,0.106786484269254,0.968445402842979,-0.0223465643663497,0.224935567372458,0.104967248721452,0.987290518303745,-0.0106835865018698,0.117217491119683,0.106786484269254,0.987290518303745,-0.0106835865018698,0.117217491119683,0.106786484269254,0.987292786046577,-0.0106557629600457,0.117198278883735,0.106789385066207,0.987292786046577,-0.0106557629600457,0.117198278883735,0.106789385066207,0.987290948298014,-0.0106782202001615,0.11721381893659,0.106787076336347,0.987290518303745,-0.0106835865018698,0.117217491119683,0.106786484269254,0.987292786046577,-0.0106557629600457,0.117198278883735,0.106789385066207,0.987292786046577,-0.0106557629600457,0.117198278883735,0.106789385066207,0.987290948298014,-0.0106782202001615,0.11721381893659,0.106787076336347,0.995849879022068,0.0159763851209018,-0.0235251444952855,0.0864542719978445,0.971361021692349,0.000242709174342563,0.0586679128939058,0.230251563785625,0.987843294533766,-0.00827294631860701,0.0146464574965198,0.154540173051173,0.987922360692262,-0.00478557415928194,-0.00763560847292243,0.15468744295334,0.987338847904181,-0.0287056701828363,0.032134516912532,0.152660920806203,0.965541740757742,-0.0712775053487057,0.16911567581409,0.18452249803132,0.984593039846932,-0.0907533714181284,0.0600306740204009,0.136882028177104,0.984593039846932,-0.0907533714181284,0.0600306740204009,0.136882028177104
612,1382,0.987239749228071,-0.0112833706936521,0.11759868028136,0.106775060224604,0.987239749228071,-0.0112833706936521,0.11759868028136,0.106775060224604,0.991940601285768,-0.0058422115640911,0.0672726956547096,0.107210524223224,0.991944069594164,-0.00583668211230729,0.067221535662238,0.10721082539603,0.987239749228071,-0.0112833706936521,0.11759868028136,0.106775060224603,0.968353077562754,-0.022941465944742,0.225308875179309,0.104890023741461,0.987239749228071,-0.0112833706936521,0.11759868028136,0.106775060224603,0.987239749228071,-0.0112833706936521,0.11759868028136,0.106775060224603,0.987242414134604,-0.0112519904533915,0.117578661765952,0.106775777879836,0.987242414134604,-0.0112519904533915,0.117578661765952,0.106775777879836,0.987240263745755,-0.0112773192170766,0.117594831968586,0.106775180659033,0.987239749228071,-0.0112833706936521,0.11759868028136,0.106775060224603,0.987242414134604,-0.0112519904533915,0.117578661765952,0.106775777879836,0.987242414134604,-0.0112519904533915,0.117578661765952,0.106775777879836,0.987240263745755,-0.0112773192170766,0.117594831968586,0.106775180659033,0.995919208850684,0.0156713395502259,-0.0227574788461501,0.0859152821999434,0.971380014247034,-6.81020078427388e-05,0.0593114581759758,0.230006552542723,0.987838274392119,-0.00810964341363819,0.0149050386608256,0.15455619415676,0.987919818667117,-0.00455361953745215,-0.00781334859149642,0.154701803537084,0.98752905584795,-0.0279005511668155,0.0311264734301108,0.151786250208803,0.965089675911962,-0.0723896964359529,0.171267834222503,0.184469450746695,0.984174824739975,-0.0932548058250981,0.0624935553538558,0.137105838963183,0.984174824739975,-0.0932548058250981,0.0624935553538558,0.137105838963183
613,1383,0.987187240011198,-0.0119023656833136,0.1179491186944,0.106806798704154,0.987187240011198,-0.0119023656833136,0.1179491186944,0.106806798704154,0.991905970089786,-0.00645879359745405,0.067625349847164,0.107273680572424,0.99190945658657,-0.00645326088752539,0.0675741916403471,0.107274013545716,0.987187240011197,-0.0119023656833136,0.1179491186944,0.106806798704154,0.96826239980344,-0.0235602023516349,0.225651427136181,0.104853590417491,0.987187240011197,-0.0119023656833136,0.1179491186944,0.106806798704154,0.987187240011197,-0.0119023656833136,0.1179491186944,0.106806798704154,0.987190011946458,-0.0118698470782651,0.117930597426821,0.10680524909406,0.987190011946458,-0.0118698470782651,0.117930597426821,0.10680524909406,0.987187772789675,-0.0118961152487471,0.117945576130444,0.106806482798603,0.987187240011197,-0.0119023656833136,0.1179491186944,0.106806798704154,0.987190011946458,-0.0118698470782651,0.117930597426821,0.10680524909406,0.987190011946458,-0.0118698470782651,0.117930597426821,0.10680524909406,0.987187772789675,-0.0118961152487471,0.117945576130444,0.106806482798603,0.995990368929701,0.0153581954589041,-0.0219467532678684,0.0853560241138452,0.97137409678862,-0.000365339311213763,0.0599506510540644,0.229865504270375,0.987828711180668,-0.00801258834398083,0.0151391828486954,0.154599614934331,0.987912961397154,-0.00440206920606191,-0.00792074451630255,0.154744512977096,0.987687590973266,-0.0269195537463248,0.0299804024263763,0.151161290461144,0.964573652281382,-0.0735680054539575,0.173453350289811,0.184660101731053,0.98370631988326,-0.0960341785230744,0.065116021083325,0.137328862863597,0.98370631988326,-0.0960341785230744,0.065116021083325,0.137328862863597
614,1384,0.987133542948869,-0.0125152591519479,0.118254807588962,0.106894981901258,0.987133542948869,-0.0125152591519479,0.118254807588962,0.106894981901258,0.991867878300102,-0.00706641333199215,0.0679333727202105,0.107392898601035,0.991871380683392,-0.00706087447251745,0.0678822164775897,0.107393262912504,0.987133542948869,-0.0125152591519479,0.118254807588962,0.106894981901258,0.968175455905497,-0.0241790730669485,0.225949369804108,0.104873930473373,0.987133542948869,-0.0125152591519479,0.118254807588962,0.106894981901258,0.987133542948869,-0.0125152591519479,0.118254807588962,0.106894981901258,0.98713637889276,-0.0124829887038054,0.118238598576123,0.106890496613429,0.98713637889276,-0.0124829887038054,0.118238598576123,0.106890496613429,0.987134087640325,-0.01250906774275,0.118251715560797,0.106894097169294,0.987133542948869,-0.0125152591519479,0.118254807588962,0.106894981901258,0.98713637889276,-0.0124829887038054,0.118238598576123,0.106890496613429,0.98713637889276,-0.0124829887038054,0.118238598576123,0.106890496613429,0.987134087640325,-0.01250906774275,0.118251715560797,0.106894097169294,0.996063490584137,0.0149994621659228,-0.0211159191190397,0.0847741518379103,0.971357757711827,-0.000674669268844577,0.0605886777344937,0.229766541264857,0.987827111970749,-0.00788586725712939,0.0153592434618494,0.154594642835422,0.987914491158031,-0.00423581010657251,-0.00795409731900227,0.154737676112024,0.987823758355717,-0.0258187094378488,0.02868497094888,0.150714263135948,0.96398508220932,-0.0747586394415604,0.175778677290487,0.185056109644466,0.983186321680023,-0.0990813265310771,0.0679162422723193,0.137531565939447,0.983186321680023,-0.0990813265310771,0.0679162422723193,0.137531565939447
615,1385,0.987077201758437,-0.0131311642285999,0.118578184729376,0.106983103343574,0.987077201758437,-0.0131311642285999,0.118578184729376,0.106983103343574,0.991828044760548,-0.00767704392118313,0.0682591953618557,0.107512208012172,0.99183156394838,-0.00767149890744525,0.0682080411732391,0.107512603817103,0.987077201758437,-0.0131311642285999,0.118578184729376,0.106983103343574,0.968083941298927,-0.0248009303914898,0.226264603338914,0.104893878404494,0.987077201758437,-0.0131311642285999,0.118578184729376,0.106983103343574,0.987077201758437,-0.0131311642285999,0.118578184729376,0.106983103343574,0.987080173451173,-0.0130987556201651,0.118561206962135,0.106978474397832,0.987080173451173,-0.0130987556201651,0.118561206962135,0.106978474397832,0.9870777730835,-0.0131249432960262,0.118574920333682,0.106982213549052,0.987077201758437,-0.0131311642285999,0.118578184729376,0.106983103343574,0.987080173451173,-0.0130987556201651,0.118561206962135,0.106978474397832,0.987080173451173,-0.0130987556201651,0.118561206962135,0.106978474397832,0.9870777730835,-0.0131249432960262,0.118574920333682,0.106982213549052,0.996130052515278,0.0146188449636166,-0.0202679231139689,0.0842639848362546,0.971331828763572,-0.00100142909754796,0.0612260837024757,0.229705990877543,0.987826103174122,-0.00770193549551552,0.0155731308993281,0.154588963614622,0.987916681479729,-0.00401566600769135,-0.00797263897718383,0.154728607272007,0.987941017619544,-0.0246123586765996,0.0272372197296182,0.150415794937352,0.963328286137845,-0.0760329696596441,0.178184288702219,0.185655487156028,0.982611549885762,-0.102332307203196,0.0709183518812851,0.137743342125907,0.982611549885762,-0.102332307203196,0.0709183518812851,0.137743342125907
616,1386,0.987016897970561,-0.0137348331901891,0.118922598177826,0.107081338805812,0.987016897970561,-0.0137348331901891,0.118922598177826,0.107081338805812,0.991785322862599,-0.00827494018805399,0.0686062285155177,0.107640996502687,0.991788859948921,-0.00826938853118095,0.0685550765298458,0.107641423144288,0.987016897970561,-0.0137348331901891,0.118922598177826,0.107081338805812,0.967986177795698,-0.0254117363660963,0.226600310752805,0.104925222983167,0.987016897970561,-0.0137348331901891,0.118922598177826,0.107081338805812,0.987016897970561,-0.0137348331901891,0.118922598177826,0.107081338805812,0.987020074632707,-0.0137030294881216,0.118904530168204,0.107076196983141,0.987020074632707,-0.0137030294881216,0.118904530168204,0.107076196983141,0.987017509195766,-0.0137287343251601,0.118919121697178,0.107080347821567,0.987016897970561,-0.0137348331901891,0.118922598177826,0.107081338805812,0.987020074632707,-0.0137030294881216,0.118904530168204,0.107076196983141,0.987020074632707,-0.0137030294881216,0.118904530168204,0.107076196983141,0.987017509195766,-0.0137287343251601,0.118919121697178,0.107080347821567,0.996184432121358,0.0142435638025092,-0.0194645960976715,0.0838738790566279,0.971297804454698,-0.00136889214891504,0.0618716423413216,0.229674990083283,0.987829690200964,-0.00748102186775411,0.0157785625253344,0.154556055960015,0.987923546490981,-0.00376381653768262,-0.00797033039351163,0.154691220847117,0.988040838748402,-0.0233351119878283,0.025657890672316,0.150241293125813,0.9626012588792,-0.0774337179172031,0.180684117442483,0.1864298405238,0.982003583781522,-0.105615272137947,0.0741876493878905,0.137878817842971,0.982003583781522,-0.105615272137947,0.0741876493878905,0.137878817842971
617,1387,0.98695656545616,-0.0143027130918053,0.119273466376158,0.107172806811285,0.98695656545616,-0.0143027130918053,0.119273466376158,0.107172806811285,0.991742900321904,-0.00883743758433554,0.0689597095375485,0.1077612073918,0.991746455639268,-0.00883187972676911,0.0689085597393732,0.107761663044366,0.98695656545616,-0.0143027130918053,0.119273466376158,0.107172806811285,0.967887676860377,-0.0259862265409096,0.226942430718074,0.104953771498504,0.98695656545616,-0.0143027130918053,0.119273466376158,0.107172806811285,0.98695656545616,-0.0143027130918053,0.119273466376158,0.107172806811285,0.986959752848701,-0.0142727290820196,0.119255021006353,0.107167977615312,0.986959752848701,-0.0142727290820196,0.119255021006353,0.107167977615312,0.986957177176444,-0.0142969733367742,0.119269923204973,0.107171882469208,0.98695656545616,-0.0143027130918053,0.119273466376158,0.107172806811285,0.986959752848701,-0.0142727290820196,0.119255021006353,0.107167977615312,0.986959752848701,-0.0142727290820196,0.119255021006353,0.107167977615312,0.986957177176444,-0.0142969733367742,0.119269923204973,0.107171882469208,0.996225159882846,0.0139094017646125,-0.0186914126463173,0.0836217104120356,0.971258905391272,-0.00177255947704332,0.0625185609154033,0.229661547221373,0.987828913513071,-0.0073463239884116,0.0159645772117567,0.154548378917066,0.987925558143446,-0.00359634447718099,-0.00799510255883826,0.154681079025319,0.988140672081242,-0.0220241041902147,0.0239361000376021,0.15006669893231,0.961810492517662,-0.0789239782511606,0.183291256882088,0.187338990310419,0.981350826539939,-0.108981202214427,0.077699183113742,0.137972786290393,0.981689588523613,-0.10836101246451,0.0732950175080382,0.138460402897372
618,1388,0.986901086722857,-0.0148193450544687,0.119625115045651,0.107221564471493,0.986901086722857,-0.0148193450544687,0.119625115045651,0.107221564471493,0.99170536495528,-0.00935092391671751,0.06931372334075,0.107836158580792,0.991708938531157,-0.00934536219281776,0.0692625754780119,0.107836640716609,0.986901086722857,-0.0148193450544687,0.119625115045651,0.107221564471493,0.967793914632859,-0.0265050881929212,0.227285859489868,0.104945496213242,0.986901086722857,-0.0148193450544687,0.119625115045651,0.107221564471493,0.986901086722857,-0.0148193450544687,0.119625115045651,0.107221564471493,0.986904030391045,-0.014792014409429,0.119606611598295,0.107218886254229,0.986904030391045,-0.014792014409429,0.119606611598295,0.107218886254229,0.986901649604201,-0.0148141213666228,0.119621563366615,0.107221067866203,0.986901086722857,-0.0148193450544687,0.119625115045651,0.107221564471493,0.986904030391045,-0.014792014409429,0.119606611598295,0.107218886254229,0.986904030391045,-0.014792014409429,0.119606611598295,0.107218886254229,0.986901649604201,-0.0148141213666228,0.119621563366615,0.107221067866203,0.99625513838511,0.0136318988294496,-0.0179473140706899,0.0834731363566562,0.971215759319256,-0.0022167982425296,0.0631777801361412,0.229659754316124,0.987831628533607,-0.00716282424080807,0.0161711519477083,0.154518159004766,0.987931974588551,-0.0033879462939096,-0.00795273992035102,0.15464698294256,0.988247855389823,-0.0207262307172645,0.0220437132237704,0.149835491072636,0.960985070798675,-0.0805235291143325,0.185960956520772,0.188260929592199,0.980633859928014,-0.112485022878285,0.0814539539745994,0.138092743374377,0.981379789665634,-0.111136435866613,0.0719112111651975,0.13918038212139
619,1389,0.986852415151038,-0.0152878313217677,0.119981448242612,0.107205620196177,0.986852415151038,-0.0152878313217677,0.119981448242612,0.107205620196177,0.99167486603274,-0.00981961508779756,0.069672069660508,0.107844044562958,0.991678458090574,-0.00981405295655041,0.0696209233702926,0.107844550871779,0.986852415151038,-0.0152878313217677,0.119981448242612,0.107205620196177,0.967706403923096,-0.0269689896206314,0.227634692035421,0.104878197863102,0.986852415151038,-0.0152878313217677,0.119981448242612,0.107205620196177,0.986852415151038,-0.0152878313217677,0.119981448242612,0.107205620196177,0.986855005034638,-0.0152630406158515,0.119962707518167,0.107206284490019,0.986855005034638,-0.0152630406158515,0.119962707518167,0.107206284490019,0.986852909237468,-0.0152830942489189,0.119977849605415,0.107205774862112,0.986852415151038,-0.0152878313217677,0.119981448242612,0.107205620196177,0.986855005034638,-0.0152630406158515,0.119962707518167,0.107206284490019,0.986855005034638,-0.0152630406158515,0.119962707518167,0.107206284490019,0.986852909237468,-0.0152830942489189,0.119977849605415,0.107205774862112,0.996279733898634,0.0133942370641398,-0.0172135496943792,0.0833725371045915,0.971168653932365,-0.00268819579934871,0.0638343242873004,0.229672371575962,0.987840742708432,-0.0069409618359982,0.0163692461569547,0.154449143326528,0.987944815562545,-0.0031459635853225,-0.00789471833454789,0.154573017498614,0.988375720093622,-0.0194010114640278,0.0199690079596951,0.149459945820586,0.960131065185034,-0.0822729554939873,0.188723736547653,0.189110681148444,0.97986436138562,-0.116000762872395,0.0855724730897381,0.138155738746829,0.981078802599617,-0.113833910860832,0.0702936551478355,0.139946510759604
620,1390,0.986806519015987,-0.0157206829762975,0.120377755042488,0.107121194192559,0.986806519015987,-0.0157206829762975,0.120377755042488,0.107121194192559,0.991649170519509,-0.0102561981107019,0.0700701968706308,0.10778172627489,0.991652783111016,-0.0102506391929754,0.0700190519051467,0.107782255100813,0.986806519015987,-0.0157206829762975,0.120377755042488,0.107121194192559,0.967617261845091,-0.0273899511214505,0.228023561196926,0.104746745515294,0.986806519015987,-0.0157206829762975,0.120377755042488,0.107121194192559,0.986806519015987,-0.0157206829762975,0.120377755042488,0.107121194192559,0.986808952487659,-0.015697801002882,0.120357003783616,0.107125449703207,0.986808952487659,-0.015697801002882,0.120357003783616,0.107125449703207,0.986806984680208,-0.0157163071168305,0.120373756202816,0.107122040190575,0.986806519015987,-0.0157206829762975,0.120377755042488,0.107121194192559,0.986808952487659,-0.015697801002882,0.120357003783616,0.107125449703207,0.986808952487659,-0.015697801002882,0.120357003783616,0.107125449703207,0.986806984680208,-0.0157163071168305,0.120373756202816,0.107122040190575,0.996302815664169,0.0131196303181817,-0.0164818218238518,0.0832882005408369,0.971133937275095,-0.0032294756667371,0.0644878527631012,0.22962962179452,0.987850347692788,-0.0067511386477032,0.01652718811818,0.154379288582062,0.987957524119619,-0.00294259012773806,-0.00783504430667397,0.154498814815792,0.988524392102237,-0.0180189964360214,0.0177890268873715,0.148924116612257,0.959246197962093,-0.084217210373935,0.191611253827879,0.189840250154201,0.97898582410143,-0.119873827253953,0.0896016442255831,0.138522803537932,0.980651096835147,-0.116939376716046,0.0690298827719109,0.141008807291536
621,1391,0.986768372135875,-0.0161231138269143,0.120785514377201,0.106953655708794,0.986768372135875,-0.0161231138269143,0.120785514377201,0.106953655708794,0.991631796293541,-0.0106666236281641,0.0704793679788234,0.107634856850957,0.991635429988305,-0.0106610722847661,0.0704282239088807,0.107635406845006,0.986768372135875,-0.0161231138269143,0.120785514377201,0.106953655708794,0.967534564397558,-0.0277715481752479,0.228424664664474,0.104536024321287,0.986768372135875,-0.0161231138269143,0.120785514377201,0.106953655708794,0.986768372135875,-0.0161231138269143,0.120785514377201,0.106953655708794,0.986770410426474,-0.0161018483358262,0.12076408998116,0.106962246414147,0.986770410426474,-0.0161018483358262,0.12076408998116,0.106962246414147,0.986768760043603,-0.016119045788687,0.120781397013364,0.10695533974689,0.986768372135875,-0.0161231138269143,0.120785514377201,0.106953655708794,0.986770410426474,-0.0161018483358262,0.12076408998116,0.106962246414147,0.986770410426474,-0.0161018483358262,0.12076408998116,0.106962246414147,0.986768760043603,-0.016119045788687,0.120781397013364,0.10695533974689,0.996330076383996,0.0128588714472971,-0.0157520814135182,0.0831438527427311,0.971098948048534,-0.00378438709318766,0.0651558507366043,0.229580544968752,0.987857669337204,-0.00665503745940997,0.0166277539854538,0.154325802785798,0.987967298622496,-0.00284734692030546,-0.00773782420976362,0.154442984769728,0.988715092321109,-0.0165091473507569,0.0154738714016191,0.148089410742488,0.958335351811505,-0.0864186273099267,0.194650372657147,0.190358626667198,0.978035849802575,-0.123945368620527,0.0931834094207496,0.139284867473835,0.98008021411745,-0.120382016699188,0.0684108557599622,0.142375906547135
622,1392,0.986741081073343,-0.0164436247482685,0.121183537316485,0.106706121711983,0.986741081073343,-0.0164436247482685,0.121183537316485,0.106706121711983,0.991624769028037,-0.0109993006549947,0.0708782635539181,0.107403931914877,0.991628423296077,-0.0109937612212397,0.0708271198458801,0.10740449906724,0.986741081073343,-0.0164436247482685,0.121183537316485,0.106706121711983,0.967463726381778,-0.0280629354804077,0.228817282847714,0.104254788177316,0.986741081073343,-0.0164436247482685,0.121183537316485,0.106706121711983,0.986741081073343,-0.0164436247482685,0.121183537316485,0.106706121711983,0.986742555959146,-0.0164265360669093,0.121162565982304,0.106718928858185,0.986742555959146,-0.0164265360669093,0.121162565982304,0.106718928858185,0.986741359474629,-0.0164403789853503,0.121179516111152,0.106708614066744,0.986741081073343,-0.0164436247482685,0.121183537316485,0.106706121711983,0.986742555959146,-0.0164265360669093,0.121162565982304,0.106718928858185,0.986742555959146,-0.0164265360669093,0.121162565982304,0.106718928858185,0.986741359474629,-0.0164403789853503,0.121179516111152,0.106708614066744,0.996367521738526,0.0125682242940386,-0.0150130900760937,0.0828758619206433,0.971057914679048,-0.00435218152893622,0.0658384195958314,0.229549313569529,0.987871448222562,-0.00658563381645997,0.0166557298367259,0.154237537186961,0.987982601728055,-0.00279704638146708,-0.00760198871350387,0.154352729103841,0.988934370023316,-0.0148937261713054,0.0131187214752967,0.147020025350888,0.957412572371112,-0.0888163989489979,0.197725715095681,0.190728485374797,0.977109110414118,-0.127647335749521,0.0970224314684654,0.139823430846657,0.979603779372412,-0.123344549367062,0.0673201403861178,0.143633409341689
623,1393,0.986725196107138,-0.0167253126023302,0.121572791192775,0.106365914311317,0.986725196107138,-0.0167253126023302,0.121572791192775,0.106365914311317,0.991628687452889,-0.0112979146814793,0.0712678217117135,0.1070784802506,0.991632361812608,-0.0112923920326826,0.0712166778010624,0.107079062804586,0.986725196107138,-0.0167253126023302,0.121572791192775,0.106365914311317,0.967405188512704,-0.0283055568906785,0.229202437661059,0.10388570285673,0.986725196107138,-0.0167253126023302,0.121572791192775,0.106365914311317,0.986725196107138,-0.0167253126023302,0.121572791192775,0.106365914311317,0.986726073062938,-0.0167103739265375,0.121552281035282,0.106383566005982,0.986726073062938,-0.0167103739265375,0.121552281035282,0.106383566005982,0.986725359467697,-0.0167224632952636,0.121568858654493,0.106369341495225,0.986725196107138,-0.0167253126023302,0.121572791192775,0.106365914311317,0.986726073062938,-0.0167103739265375,0.121552281035282,0.106383566005982,0.986726073062938,-0.0167103739265375,0.121552281035282,0.106383566005982,0.986725359467697,-0.0167224632952636,0.121568858654493,0.106369341495225,0.996412760675565,0.0123180623813452,-0.0142667420887287,0.0825005198301387,0.971020749826726,-0.00492518272784537,0.0665181974528232,0.229498965986053,0.98787991876479,-0.00657948256222824,0.0166503428754517,0.154184119132339,0.987991350775358,-0.00280062108253504,-0.0075537149590018,0.154299023668182,0.98919253892587,-0.0131129799419287,0.0106823570185549,0.145643599031893,0.956501122861992,-0.0911948038118061,0.200722182624715,0.191048986189002,0.976213462552213,-0.131030472029752,0.100767053596752,0.140300719317156,0.979148839755942,-0.126025195380004,0.0664399967138833,0.144813419857011
624,1394,0.986722842850629,-0.0169639296883444,0.121940894163436,0.105927686734504,0.986722842850629,-0.0169639296883444,0.121940894163436,0.105927686734504,0.991645045158094,-0.0115584952326056,0.0716355685815928,0.106652946116608,0.991648738484546,-0.0115529945306283,0.0715844238267945,0.10665354211075,0.986722842850629,-0.0169639296883444,0.121940894163436,0.105927686734504,0.967362423356063,-0.0284946032008967,0.229568055598533,0.103423920423748,0.986722842850629,-0.0169639296883444,0.121940894163436,0.105927686734504,0.986722842850629,-0.0169639296883444,0.121940894163436,0.105927686734504,0.986723014277567,-0.0169512520698453,0.121921464731136,0.105950481764227,0.986723014277567,-0.0169512520698453,0.121921464731136,0.105950481764227,0.986722869930372,-0.0169615150571544,0.121937174044586,0.105932103487827,0.986722842850629,-0.0169639296883444,0.121940894163436,0.105927686734504,0.986723014277567,-0.0169512520698453,0.121921464731136,0.105950481764227,0.986723014277567,-0.0169512520698453,0.121921464731136,0.105950481764227,0.986722869930372,-0.0169615150571544,0.121937174044586,0.105932103487827,0.996465679149285,0.0120398520979554,-0.0134819967644132,0.0820330908978699,0.970995165392626,-0.00550560678906372,0.067195414519933,0.229396716073979,0.987893590261158,-0.00656820670094177,0.0165963561084316,0.154102803172345,0.988004795315953,-0.00281384307804521,-0.00746385609733947,0.154217046956467,0.989483400543151,-0.0112643330093509,0.00822864722273381,0.143972234185277,0.955614122092756,-0.0934648404728867,0.203545586840811,0.191403153918373,0.975367685252136,-0.13390386940692,0.104599818055255,0.140664531373598,0.978756461723573,-0.128202608962721,0.0657193427055697,0.145879565682967
625,1395,0.986734616388526,-0.0171549049759909,0.122273162692172,0.105402939907322,0.986734616388526,-0.0171549049759909,0.122273162692172,0.105402939907322,0.991673690205015,-0.0117758926791619,0.0719668093590797,0.106138583264761,0.991677400615362,-0.0117704185054532,0.0719156631264562,0.106139190471985,0.986734616388526,-0.0171549049759909,0.122273162692172,0.105402939907322,0.96733763498549,-0.028626794095106,0.229899607295961,0.102881374240813,0.986734616388526,-0.0171549049759909,0.122273162692172,0.105402939907322,0.986734616388526,-0.0171549049759909,0.122273162692172,0.105402939907322,0.98673404718259,-0.0171447225193926,0.122255579143413,0.105430318166585,0.98673404718259,-0.0171447225193926,0.122255579143413,0.105430318166585,0.986734501026351,-0.0171529711132154,0.12226980306598,0.105408231768086,0.986734616388526,-0.0171549049759909,0.122273162692172,0.105402939907322,0.98673404718259,-0.0171447225193926,0.122255579143413,0.105430318166585,0.98673404718259,-0.0171447225193926,0.122255579143413,0.105430318166585,0.986734501026351,-0.0171529711132154,0.12226980306598,0.105408231768086,0.996527713804766,0.0117209068931102,-0.0126770713378873,0.081451997046993,0.970988229440252,-0.00610172486253878,0.0678565289490768,0.229216314256141,0.98790349245318,-0.00664188820229504,0.0164905816396813,0.154047510973411,0.988013178974092,-0.00291063786351724,-0.00743019902256084,0.154163155465962,0.989806824467365,-0.0093253444821918,0.00574964721670664,0.141994470825463,0.954777259041435,-0.0955672599185722,0.206133692809194,0.191771179111529,0.974569132670594,-0.136510500969728,0.107512806579127,0.141495177275272,0.978279916369834,-0.130324325300628,0.06566889035353,0.147212677110713
626,1396,0.986761969725051,-0.0173073363824964,0.122562449293447,0.104784145913737,0.986761969725051,-0.0173073363824964,0.122562449293447,0.104784145913737,0.991715710466933,-0.0119595757688061,0.0722543319499915,0.105528335886427,0.991719435706365,-0.0119541330687102,0.0722031835497666,0.105528952568022,0.986761969725051,-0.0173073363824964,0.122562449293447,0.104784145913737,0.967333052573802,-0.0287103457212462,0.230190148074854,0.102249582767339,0.986761969725051,-0.0173073363824964,0.122562449293447,0.104784145913737,0.986761969725051,-0.0173073363824964,0.122562449293447,0.104784145913737,0.986760586227969,-0.0172992059101398,0.122547107353322,0.10481645587047,0.986760586227969,-0.0172992059101398,0.122547107353322,0.10481645587047,0.986761697478852,-0.0173057927724857,0.122559523134094,0.10479038703199,0.986761969725051,-0.0173073363824964,0.122562449293447,0.104784145913737,0.986760586227969,-0.0172992059101398,0.122547107353322,0.10481645587047,0.986760586227969,-0.0172992059101398,0.122547107353322,0.10481645587047,0.986761697478852,-0.0173057927724857,0.122559523134094,0.10479038703199,0.996603701181959,0.0113444404136712,-0.0118392525996203,0.0806981942796915,0.970997017121067,-0.00670551319085719,0.0685109618644384,0.228967414579557,0.987912535873369,-0.00675884046613631,0.0163552715336535,0.153998846206276,0.988020350818473,-0.00305774721919978,-0.00737968910123978,0.154116763329802,0.990140257201615,-0.00731593213333153,0.00328690039598556,0.139849721099212,0.954013989613951,-0.0975051432764297,0.208444725296994,0.192095942568748,0.973801901153406,-0.138720512005677,0.110470431701957,0.142347323748924,0.977843070565116,-0.132047518745717,0.0657022702666183,0.14855838523186
627,1397,0.986808113333664,-0.01736596293394,0.122776339217965,0.104087181335972,0.986808113333664,-0.01736596293394,0.122776339217965,0.104087181335972,0.991772664869166,-0.0120535480534168,0.0724656003302384,0.104835251544576,0.99177640100481,-0.0120481410994167,0.0724144489922767,0.104835873073767,0.986808113333664,-0.01736596293394,0.122776339217965,0.104087181335972,0.967355427056521,-0.0286920749818018,0.230407811840669,0.101550395471062,0.986808113333664,-0.01736596293394,0.122776339217965,0.104087181335972,0.986808113333664,-0.01736596293394,0.122776339217965,0.104087181335972,0.986805750831668,-0.0173626253262178,0.122764879347229,0.104123646527531,0.986805750831668,-0.0173626253262178,0.122764879347229,0.104123646527531,0.986807651848384,-0.0173653612793158,0.122774171389536,0.104094213675551,0.986808113333664,-0.01736596293394,0.122776339217965,0.104087181335972,0.986805750831668,-0.0173626253262178,0.122764879347229,0.104123646527531,0.986805750831668,-0.0173626253262178,0.122764879347229,0.104123646527531,0.986807651848384,-0.0173653612793158,0.122774171389536,0.104094213675551,0.996690744254148,0.0109402436010084,-0.010943918580397,0.0798003886843156,0.971012556694777,-0.00731436688346714,0.0691505697148118,0.228690431558218,0.987922257672118,-0.00689066963835159,0.0161675282104756,0.153950454690868,0.988027788365864,-0.00323697370070217,-0.00727087266223064,0.154070587163323,0.990473238491845,-0.0052262209844236,0.000860721181614072,0.137603450555381,0.953349403742345,-0.0991715189190339,0.210354013435144,0.192460679753384,0.97310827822961,-0.140495101561533,0.112827880938135,0.143496601218394,0.97734839419742,-0.133567250477067,0.0667829936114604,0.149966455329225
628,1398,0.986872971898714,-0.0173785431639905,0.12289743280942,0.103324462651164,0.986872971898714,-0.0173785431639905,0.12289743280942,0.103324462651164,0.991843593899017,-0.0121048753116855,0.0725832411568088,0.104074157879576,0.99184733610196,-0.0120995076114576,0.0725320861604855,0.104074782057013,0.986872971898714,-0.0173785431639905,0.12289743280942,0.103324462651164,0.967406594454231,-0.0286208151407501,0.230535295913256,0.100790908743465,0.986872971898714,-0.0173785431639905,0.12289743280942,0.103324462651164,0.986872971898714,-0.0173785431639905,0.12289743280942,0.103324462651164,0.986869626338541,-0.0173777475448512,0.122890807065027,0.10336442347153,0.986869626338541,-0.0173777475448512,0.122890807065027,0.10336442347153,0.986872321688512,-0.0173784113977898,0.122896200567492,0.103332160475281,0.986872971898714,-0.0173785431639905,0.12289743280942,0.103324462651164,0.986869626338541,-0.0173777475448512,0.122890807065027,0.10336442347153,0.986869626338541,-0.0173777475448512,0.122890807065027,0.10336442347153,0.986872321688512,-0.0173784113977898,0.122896200567492,0.103332160475281,0.996784966844627,0.0105351026598049,-0.00997964682754072,0.0787981480347199,0.971021614208154,-0.00792174351084607,0.0697877573730582,0.228438043331621,0.987935941544084,-0.00706878407034848,0.015951849425586,0.153877048961423,0.988038722569699,-0.00346659574830307,-0.00716720290822016,0.15400031369847,0.990805771431762,-0.00301139643265098,-0.0015538001152141,0.135249548961314,0.952780274004218,-0.100488078300831,0.211826645177979,0.192980226915858,0.972503446697784,-0.141792214658611,0.114731039851775,0.144806085913784,0.976864574606581,-0.134733655154903,0.0682771427583153,0.151395762239448
629,1399,0.986948892059429,-0.0173102154008046,0.122985788453279,0.102502374333319,0.98694889205943,-0.0173102154008046,0.122985788453279,0.102502374333319,0.991923906404643,-0.0120784164484247,0.0726676241648431,0.103249659356767,0.991927652959581,-0.0120730912722141,0.0726164650262442,0.103250282170669,0.986948892059429,-0.0173102154008046,0.122985788453279,0.102502374333319,0.967472351914153,-0.0284626165599524,0.230631454880958,0.0999812970497539,0.986948892059429,-0.0173102154008046,0.122985788453279,0.102502374333319,0.986948892059429,-0.0173102154008046,0.122985788453279,0.102502374333319,0.986944946657488,-0.0173135923221155,0.122981041611902,0.102545478653153,0.986944946657488,-0.0173135923221155,0.122981041611902,0.102545478653153,0.98694812981002,-0.0173108974214418,0.122984893004774,0.102510672554481,0.986948892059429,-0.0173102154008046,0.122985788453279,0.102502374333319,0.986944946657488,-0.0173135923221155,0.122981041611902,0.102545478653153,0.986944946657488,-0.0173135923221155,0.122981041611902,0.102545478653153,0.98694812981002,-0.0173108974214418,0.122984893004774,0.102510672554481,0.996879296414887,0.010141146322664,-0.00896614460103838,0.0777716772457414,0.971014391217955,-0.00851584086628775,0.0703921137382367,0.228261873350388,0.987943392014126,-0.00727731012558235,0.0156944342173146,0.153845960842522,0.988043260047666,-0.00374223141694471,-0.00699838296732274,0.153972512528194,0.991127164063356,-0.00066463597972426,-0.0039117990183265,0.132857821535593,0.952327222168809,-0.101346882540532,0.21278547685669,0.193711156504799,0.972032716428332,-0.142543727236577,0.116074974610094,0.146151579833166,0.976390523874436,-0.135568047660246,0.0705871548228012,0.152644367455256
630,1400,0.986991682866168,-0.0173086723510411,0.123136070663654,0.101908468323149,0.986991682866168,-0.0173086723510411,0.123136070663654,0.101908468323149,0.9919742796335,-0.0121070591928448,0.0728155374289915,0.102656442429235,0.991978033817082,-0.0121017646120979,0.0727643756921678,0.102657066721192,0.986991682866168,-0.0173086723510411,0.123136070663654,0.101908468323149,0.967498379458951,-0.0283958583653382,0.23078552747037,0.0993911529373794,0.986991682866168,-0.0173086723510411,0.123136070663654,0.101908468323149,0.986991682866168,-0.0173086723510411,0.123136070663654,0.101908468323149,0.986989356182679,-0.0173089185272097,0.123128320473958,0.101940319887577,0.986989356182679,-0.0173089185272097,0.123128320473958,0.101940319887577,0.986991249228295,-0.0173086946349388,0.123134559123101,0.101914490561277,0.986991682866168,-0.0173086723510411,0.123136070663654,0.101908468323149,0.986989356182679,-0.0173089185272097,0.123128320473958,0.101940319887577,0.986989356182679,-0.0173089185272097,0.123128320473958,0.101940319887577,0.986991249228295,-0.0173086946349388,0.123134559123101,0.101914490561277,0.996962105285816,0.00989483497876474,-0.00800372370405308,0.0768413513135096,0.971098807838917,-0.00921581519542413,0.0710713376106242,0.22766431238636,0.987974497349927,-0.00754973929612905,0.0154547234337914,0.153657233953709,0.988071576949738,-0.00407838245797754,-0.00685672766806993,0.153788526575525,0.991388457980359,0.00173850860358834,-0.00622821868897845,0.130794159896853,0.952004697634305,-0.101647012162521,0.213184958077732,0.194697494205865,0.971860171182392,-0.14235248733364,0.116378180361945,0.147240266757772,0.976044785589716,-0.135725215715423,0.073434662919839,0.153370768479446
631,1401,0.987049898794951,-0.0172400113532169,0.123281439777441,0.101177892366952,0.987049898794951,-0.0172400113532169,0.123281439777441,0.101177892366952,0.992039808354578,-0.012075616636751,0.0729577600021694,0.10192332107089,0.992043569873283,-0.0120703598671987,0.0729065948854753,0.101923943742155,0.987049898794951,-0.0172400113532169,0.123281439777441,0.101177892366952,0.967540278392377,-0.0282473787182352,0.230936410713261,0.0986725366595295,0.987049898794951,-0.0172400113532169,0.123281439777441,0.101177892366952,0.987049898794951,-0.0172400113532169,0.123281439777441,0.101177892366952,0.987046886037873,-0.0172434569633242,0.123273785606764,0.101216015220265,0.987046886037873,-0.0172434569633242,0.123273785606764,0.101216015220265,0.987049315095467,-0.0172406982349393,0.123279971320005,0.101185258636227,0.987049898794951,-0.0172400113532169,0.123281439777441,0.101177892366952,0.987046886037873,-0.0172434569633242,0.123273785606764,0.101216015220265,0.987046886037873,-0.0172434569633242,0.123273785606764,0.101216015220265,0.987049315095467,-0.0172406982349393,0.123279971320005,0.101185258636227,0.997041348862335,0.00945173857062493,-0.00691313790808784,0.0759698744308,0.971075378020307,-0.0098145879257666,0.0716896290140325,0.227545338687471,0.987982613385358,-0.00782444680632308,0.0151978942758803,0.153616918632009,0.988077418037533,-0.00443296336987127,-0.0066057782632996,0.153752165817525,0.99163864697101,0.00424295270727572,-0.00857960757205894,0.128690254175433,0.951831369386541,-0.101545437224446,0.213021327949176,0.195774059235149,0.971740268817585,-0.141783841220922,0.116434095987873,0.148530446772557,0.975915425194661,-0.135125563264215,0.0736554927843806,0.154612526666967
632,1402,0.987105209437922,-0.0171646402530807,0.123406524293145,0.100496320267878,0.987105209437922,-0.0171646402530807,0.123406524293145,0.100496320267878,0.99210140462995,-0.0120349821502952,0.0730798718449813,0.10123879921771,0.992105172446561,-0.0120297606854024,0.0730287035512617,0.101239419794137,0.987105209437922,-0.0171646402530807,0.123406524293145,0.100496320267878,0.967581517326889,-0.0280976113026243,0.231066812989219,0.0980033647457488,0.987105209437922,-0.0171646402530807,0.123406524293145,0.100496320267878,0.987105209437922,-0.0171646402530807,0.123406524293145,0.100496320267878,0.987102306049049,-0.017168581311204,0.123399888956136,0.100532306320022,0.987102306049049,-0.017168581311204,0.123399888956136,0.100532306320022,0.98710465293539,-0.0171654008754077,0.123405259068471,0.100503209900645,0.987105209437922,-0.0171646402530807,0.123406524293145,0.100496320267878,0.987102306049049,-0.017168581311204,0.123399888956136,0.100532306320022,0.987102306049049,-0.017168581311204,0.123399888956136,0.100532306320022,0.98710465293539,-0.0171654008754077,0.123405259068471,0.100503209900645,0.997111396844477,0.00895230967372787,-0.00577334709117724,0.075202306465467,0.971049691573994,-0.0104458810460717,0.0722882535020488,0.227437438582232,0.987986780123028,-0.00808401527177073,0.0150169678438791,0.153594471502051,0.988079728321267,-0.00474252870251458,-0.00646819152951514,0.153733930543697,0.991842441240274,0.00684103703442714,-0.0108696638767549,0.126821222096436,0.951845106286012,-0.100902554592887,0.212231705757104,0.196894060823151,0.971705035000458,-0.141018383140494,0.115926105358015,0.149880881595095,0.975912794566111,-0.134183949811705,0.0724137718316233,0.156029262204921
633,1403,0.987150809065082,-0.0170960420260623,0.123547492207365,0.0998850473217481,0.987150809065082,-0.0170960420260623,0.123547492207365,0.0998850473217481,0.992154109673389,-0.0119975390042691,0.073218340098501,0.100624829884407,0.992157884631509,-0.0119923492052452,0.0731671690863046,0.1006254485305,0.987150809065082,-0.0170960420260623,0.123547492207365,0.0998850473217481,0.967611359625022,-0.0279622962488058,0.231211936095852,0.0974033229408462,0.987150809065082,-0.0170960420260623,0.123547492207365,0.0998850473217481,0.987150809065082,-0.0170960420260623,0.123547492207365,0.0998850473217481,0.987148394425484,-0.0170996691726319,0.123540113359812,0.0999174113376704,0.987148394425484,-0.0170996691726319,0.123540113359812,0.0999174113376704,0.987150349503738,-0.0170967356492399,0.123546070126188,0.0998912291503275,0.987150809065082,-0.0170960420260623,0.123547492207365,0.0998850473217481,0.987148394425484,-0.0170996691726319,0.123540113359812,0.0999174113376704,0.987148394425484,-0.0170996691726319,0.123540113359812,0.0999174113376704,0.987150349503738,-0.0170967356492399,0.123546070126188,0.0998912291503275,0.997168495971852,0.00837955701022754,-0.00462633274772881,0.0745880064813006,0.971019590954265,-0.011118532866631,0.0728610570748518,0.227351266923766,0.987991643062401,-0.00832844422680521,0.0149208030644094,0.153559499515765,0.988083745948228,-0.0050172815825623,-0.00637401899485223,0.153703317336655,0.991993644598938,0.0094050988314622,-0.0131026588317462,0.125253636764868,0.952023063808838,-0.0997710041508268,0.210885721618395,0.198053137122988,0.971849238968205,-0.139709098687348,0.114711069133037,0.15110193605393,0.976081503809426,-0.132645776934037,0.0701032851288199,0.157338886473887
634,1404,0.987182233810475,-0.0170625126607181,0.123713137488154,0.0993738774703892,0.987182233810475,-0.0170625126607181,0.123713137488154,0.0993738774703892,0.992193912319208,-0.0119900319089125,0.073382174231259,0.100112616570642,0.992197695727114,-0.0119848685275927,0.0733310011660005,0.100113234830233,0.987182233810475,-0.0170625126607181,0.123713137488154,0.0993738774703892,0.967624402642933,-0.0278728315429831,0.231380030573318,0.0968989273602839,0.987182233810475,-0.0170625126607181,0.123713137488154,0.0993738774703892,0.987182233810475,-0.0170625126607181,0.123713137488154,0.0993738774703892,0.987180549528754,-0.0170643706192883,0.123704487244674,0.0994010549391026,0.987180549528754,-0.0170643706192883,0.123704487244674,0.0994010549391026,0.987181916422374,-0.0170628549157683,0.123711466996789,0.0993790511339098,0.987182233810475,-0.0170625126607181,0.123713137488154,0.0993738774703892,0.987180549528754,-0.0170643706192883,0.123704487244674,0.0994010549391026,0.987180549528754,-0.0170643706192883,0.123704487244674,0.0994010549391026,0.987181916422374,-0.0170628549157683,0.123711466996789,0.0993790511339098,0.997211150337388,0.00775989269428392,-0.0035042749903406,0.0741446273505335,0.97098616005781,-0.0118080539338129,0.0734216372237193,0.227278925608764,0.987991427466091,-0.00859808756051133,0.0148782568110864,0.153550153429039,0.988083299693142,-0.00530363752565134,-0.00631000314832988,0.153699213260108,0.992086919413202,0.011912261526771,-0.0152714664762244,0.124050089343809,0.952380844104956,-0.0981770238701662,0.208970982221085,0.199156040218428,0.972189042868982,-0.137781673037401,0.112778782215402,0.152136852151342,0.97642233726552,-0.130462238802046,0.0668581190390162,0.158458245144462
635,1405,0.987201622073039,-0.017049265138563,0.123888650249311,0.0989640453599151,0.987201622073039,-0.017049265138563,0.123888650249311,0.0989640453599151,0.992222195527154,-0.0119976302071669,0.0735564748170366,0.099702640813453,0.992225987924675,-0.0119924879705708,0.0735053002928236,0.0997032594654762,0.987201622073039,-0.017049265138563,0.123888650249311,0.0989640453599151,0.967624398309358,-0.0278146552032227,0.231556610963043,0.0964930291352188,0.987201622073039,-0.017049265138563,0.123888650249311,0.0989640453599151,0.987201622073039,-0.017049265138563,0.123888650249311,0.0989640453599151,0.987200573734406,-0.0170500205039636,0.123879442762428,0.0989858963698624,0.987200573734406,-0.0170500205039636,0.123879442762428,0.0989858963698624,0.987201426014363,-0.0170494010535726,0.123886878541949,0.0989681955178265,0.987201622073039,-0.017049265138563,0.123888650249311,0.0989640453599151,0.987200573734406,-0.0170500205039636,0.123879442762428,0.0989858963698624,0.987200573734406,-0.0170500205039636,0.123879442762428,0.0989858963698624,0.987201426014363,-0.0170494010535726,0.123886878541949,0.0989681955178265,0.997239705943166,0.00708857744306211,-0.00237019821243781,0.0738722080396603,0.970946302648187,-0.0125192865944586,0.0739594428781851,0.227236761212024,0.987992868071924,-0.00885739963522265,0.0148736106316969,0.153526593193146,0.988085131126577,-0.00557541294811636,-0.0062374113847537,0.153680783171644,0.992123605676735,0.0143733203825386,-0.0173715004394911,0.123216840134195,0.952932004413221,-0.0960642240875551,0.206450801019516,0.200175739223954,0.972682475436349,-0.135401130634922,0.110238823854056,0.152979533000582,0.976907669579918,-0.127763148098867,0.0625715703945693,0.159413869165008
636,1406,0.987212627543926,-0.0170509081766929,0.124064452804216,0.0986331896399926,0.987212627543926,-0.0170509081766929,0.124064452804216,0.0986331896399926,0.992242121504548,-0.0120160860434546,0.0737314908566599,0.0993722961614808,0.992245922928594,-0.012010960844548,0.0736803153045205,0.0993729157658136,0.987212627543926,-0.0170509081766929,0.124064452804216,0.0986331896399926,0.967616030064185,-0.0277799527692951,0.231732558771137,0.0961639942615971,0.987212627543926,-0.0170509081766929,0.124064452804216,0.0986331896399926,0.987212627543926,-0.0170509081766929,0.124064452804216,0.0986331896399926,0.987212028576163,-0.0170508638573534,0.124055202769723,0.0986508253488924,0.987212028576163,-0.0170508638573534,0.124055202769723,0.0986508253488924,0.987212516231772,-0.0170508931176059,0.124062677149916,0.098636539769103,0.987212627543926,-0.0170509081766929,0.124064452804216,0.0986331896399926,0.987212028576163,-0.0170508638573534,0.124055202769723,0.0986508253488924,0.987212028576163,-0.0170508638573534,0.124055202769723,0.0986508253488924,0.987212516231772,-0.0170508931176059,0.124062677149916,0.098636539769103,0.99725780725761,0.00644617022010938,-0.00119669969092751,0.0737148605308851,0.970892936833877,-0.0132637093979377,0.0745064410501518,0.227243854616876,0.987992141850311,-0.00918548700902744,0.014885733679729,0.153510812007687,0.988085023607559,-0.00591267890165221,-0.00616794516819823,0.153671672090397,0.992109256941897,0.016746751305668,-0.0194627645808941,0.122719067001716,0.953686529260905,-0.093372033771269,0.203257773157148,0.201121716547231,0.973314020477614,-0.132603181508223,0.107036118171922,0.153686314297297,0.977487679232964,-0.12464442349422,0.0575738655933755,0.160208784528764
637,1407,0.987208372156163,-0.0170953092255853,0.124257896721549,0.0984243641056322,0.987208372156163,-0.0170953092255853,0.124257896721549,0.0984243641056322,0.992247702923384,-0.0120710427528071,0.0739249010560858,0.0991659970654071,0.992251514322664,-0.0120659281938212,0.0738737252158244,0.099166619504438,0.987208372156163,-0.0170953092255853,0.124257896721549,0.0984243641056322,0.967590555845153,-0.0278011514187377,0.231924365240379,0.0959515556252678,0.987208372156163,-0.0170953092255853,0.124257896721549,0.0984243641056322,0.987208372156163,-0.0170953092255853,0.124257896721549,0.0984243641056322,0.987208557189509,-0.0170930869954496,0.124247762302262,0.0984356873885427,0.987208557189509,-0.0170930869954496,0.124247762302262,0.0984356873885427,0.98720841401287,-0.0170948650717021,0.12425594457816,0.0984264859037671,0.987208372156163,-0.0170953092255853,0.124257896721549,0.0984243641056322,0.987208557189509,-0.0170930869954496,0.124247762302262,0.0984356873885427,0.987208557189509,-0.0170930869954496,0.124247762302262,0.0984356873885427,0.98720841401287,-0.0170948650717021,0.12425594457816,0.0984264859037671,0.997265862535963,0.0057885201987244,4.59585196947339e-05,0.0736701455280544,0.970829983919411,-0.014036935504485,0.0750204349241063,0.227297252751714,0.987991670698818,-0.00953668632350416,0.0148956216049061,0.153491467843424,0.988085452594103,-0.0062815692418402,-0.00604642746956767,0.153659106383649,0.992058411641608,0.0190701614802274,-0.0215060205899377,0.122449695428912,0.954620349536639,-0.090139244985689,0.199421341279404,0.202005033121156,0.974095769955015,-0.129303612034507,0.103193966119455,0.154172021544487,0.978163727926725,-0.121050972838941,0.0520315774910506,0.160733003104621
638,1408,0.987183609265166,-0.0172343391187054,0.124502954312957,0.0983387691639862,0.987183609265166,-0.0172343391187054,0.124502954312957,0.0983387691639862,0.992235426477803,-0.0122142431283319,0.0741709004722667,0.0990875785875723,0.99223925056466,-0.0122091326136333,0.0741197252648427,0.0990882084123486,0.987183609265166,-0.0172343391187054,0.124502954312957,0.0983387691639862,0.967539029806052,-0.0279299400594307,0.23216522098802,0.0958512097671329,0.987183609265166,-0.0172343391187054,0.124502954312957,0.0983387691639862,0.987183609265166,-0.0172343391187054,0.124502954312957,0.0983387691639862,0.987184858890861,-0.0172272765513531,0.124490194993399,0.0983436152973793,0.987184858890861,-0.0172272765513531,0.124490194993399,0.0983436152973793,0.987183857746457,-0.0172329443857883,0.124500484270285,0.0983396463746113,0.987183609265166,-0.0172343391187054,0.124502954312957,0.0983387691639862,0.987184858890861,-0.0172272765513531,0.124490194993399,0.0983436152973793,0.987184858890861,-0.0172272765513531,0.124490194993399,0.0983436152973793,0.987183857746457,-0.0172329443857883,0.124500484270285,0.0983396463746113,0.997262937558479,0.00512523140773959,0.00134205447761685,0.0737466220584366,0.970748172665718,-0.0148355530642196,0.075545698933324,0.22742194046337,0.987989542419289,-0.00989233896354899,0.0148982792237867,0.153482399564659,0.988084139818011,-0.00665682572805777,-0.00591838608115175,0.153656734370875,0.991976557202958,0.02127691263252,-0.0235556569208339,0.122372112736614,0.955737746675586,-0.0863596853913071,0.194952252897605,0.202733774711409,0.975020896615659,-0.125454129594698,0.0987116626488693,0.154439373825233,0.97891774630691,-0.116969690378889,0.0461496169594709,0.160960710586653
639,1409,0.987132990277079,-0.0174904385606249,0.124820795842078,0.0983987448646591,0.987132990277079,-0.0174904385606249,0.124820795842078,0.0983987448646591,0.99220102641208,-0.0124669634968752,0.0744909038395408,0.0991604924007079,0.992204867003339,-0.0124618492212689,0.0744397304058943,0.0991611352595845,0.987132990277079,-0.0174904385606249,0.124820795842078,0.098398744864659,0.967453810726076,-0.0281910771049357,0.232475580824334,0.0958826971024847,0.987132990277079,-0.0174904385606249,0.124820795842078,0.098398744864659,0.987132990277079,-0.0174904385606249,0.124820795842078,0.098398744864659,0.987135588028201,-0.017477280536308,0.124804266345436,0.0983959888168693,0.987135588028201,-0.017477280536308,0.124804266345436,0.0983959888168693,0.987133499806808,-0.017487863633951,0.124817592834382,0.0983981539649709,0.987132990277079,-0.0174904385606249,0.124820795842078,0.098398744864659,0.987135588028201,-0.017477280536308,0.124804266345436,0.0983959888168693,0.987135588028201,-0.017477280536308,0.124804266345436,0.0983959888168693,0.987133499806808,-0.017487863633951,0.124817592834382,0.0983981539649709,0.997256553731548,0.00445873109508806,0.00264326806019051,0.0738410379833647,0.970652840080562,-0.015659730492803,0.0760334626628428,0.227610960720108,0.987989856791636,-0.0103128423130254,0.0149014593469685,0.153452385675822,0.988085081108983,-0.00709252958935427,-0.00582091948758801,0.153634909477627,0.991872651138207,0.0234259610395733,-0.0255600382091806,0.122419576539795,0.957037292851089,-0.0820409467247352,0.189828696007896,0.203258380699811,0.976051834894815,-0.121127204429626,0.0936339031693528,0.154543547658263,0.979720348981783,-0.112459934106646,0.039906515950107,0.160960464078813
640,1410,0.987054717709348,-0.0178178534473144,0.125196404859465,0.0986476991952353,0.987054717709348,-0.0178178534473144,0.125196404859465,0.0986476991952353,0.992141944392745,-0.0127813027790853,0.0748700054668031,0.0994257650574184,0.992145804536466,-0.0127761748214722,0.0748188350798412,0.0994264241281702,0.987054717709348,-0.0178178534473144,0.125196404859465,0.0986476991952353,0.967334761145311,-0.028543852400895,0.23284032172706,0.0960941878996827,0.987054717709348,-0.0178178534473144,0.125196404859465,0.0986476991952353,0.987054717709348,-0.0178178534473144,0.125196404859465,0.0986476991952353,0.987058769188031,-0.0178008249445381,0.125176798942608,0.0986351144713915,0.987058769188031,-0.0178008249445381,0.125176798942608,0.0986351144713915,0.987055507098117,-0.0178145535773047,0.125192616937862,0.0986452038994827,0.987054717709348,-0.0178178534473144,0.125196404859465,0.0986476991952353,0.987058769188031,-0.0178008249445381,0.125176798942608,0.0986351144713915,0.987058769188031,-0.0178008249445381,0.125176798942608,0.0986351144713915,0.987055507098117,-0.0178145535773047,0.125192616937862,0.0986452038994827,0.997235386127082,0.00378555144111699,0.00397260544513467,0.0741044712701933,0.970545272394649,-0.0165214563129455,0.0765190728596446,0.227845884760721,0.987990089044634,-0.010742497587035,0.0148667093971821,0.153424781723386,0.98808599864689,-0.00756055388166122,-0.00561198509456266,0.153614461969825,0.991754397097616,0.0255639031403907,-0.0274770959663396,0.122534533463143,0.958552660572131,-0.0770138539708245,0.183874071614028,0.203558318412018,0.977167962118111,-0.11634308536889,0.0880332511074277,0.15445778386421,0.980556664267433,-0.1075483339695,0.0334022102761131,0.160705557992811
641,1411,0.986946773689205,-0.0181975323851132,0.125643619696596,0.0990888316062891,0.986946773689205,-0.0181975323851132,0.125643619696596,0.0990888316062891,0.992056868453603,-0.0131380715972629,0.0753221283556448,0.099885623633794,0.992060751915933,-0.0131329199217065,0.0752709623559217,0.0998863011044898,0.986946773689205,-0.0181975323851132,0.125643619696596,0.0990888316062891,0.967178355631104,-0.0289696811651909,0.233272976713349,0.0964909545356141,0.986946773689205,-0.0181975323851132,0.125643619696596,0.0990888316062891,0.986946773689205,-0.0181975323851132,0.125643619696596,0.0990888316062891,0.986952387381035,-0.0181776972677189,0.125620280428217,0.0990661471444964,0.986952387381035,-0.0181776972677189,0.125620280428217,0.0990661471444964,0.986947863752884,-0.0181937026470054,0.125639110016068,0.0990843956028469,0.986946773689205,-0.0181975323851132,0.125643619696596,0.0990888316062891,0.986952387381035,-0.0181776972677189,0.125620280428217,0.0990661471444964,0.986952387381035,-0.0181776972677189,0.125620280428217,0.0990661471444964,0.986947863752884,-0.0181937026470054,0.125639110016068,0.0990843956028469,0.997202587584463,0.00312858568063689,0.0053237544670387,0.074490730328442,0.970414862232376,-0.0174008046473656,0.0770091470269629,0.228170546807258,0.987990079512225,-0.0112185382132923,0.0148113196345403,0.153396127710151,0.988086136049098,-0.00807290694891293,-0.00543692481560412,0.153593801207946,0.991625634634454,0.0276754039659742,-0.0292884388456998,0.122698248158314,0.960019454214366,-0.0719455761553027,0.177867289476307,0.203837457146581,0.978347610717279,-0.111090361181356,0.0818549743533642,0.154255137450907,0.981404536052629,-0.102228090840559,0.0266349551890141,0.160265820499871
642,1412,0.986809657573751,-0.0186084261181744,0.12619401331801,0.0996769642358538,0.986809657573751,-0.0186084261181744,0.12619401331801,0.0996769642358538,0.99194790192406,-0.0135185439502946,0.0758787792902972,0.10049387887496,0.991951814096125,-0.0135133609031208,0.0758276189098448,0.100494575967926,0.986809657573751,-0.0186084261181744,0.12619401331801,0.0996769642358538,0.966981623085605,-0.0294426799016408,0.233804982609136,0.0970304041117049,0.986809657573751,-0.0186084261181744,0.12619401331801,0.0996769642358538,0.986809657573751,-0.0186084261181744,0.12619401331801,0.0996769642358538,0.986816815349638,-0.0185868900737642,0.126165329391061,0.099646425526602,0.986816815349638,-0.0185868900737642,0.126165329391061,0.099646425526602,0.986811043788481,-0.0186042789611841,0.126188464815261,0.09967103896815,0.986809657573751,-0.0186084261181744,0.12619401331801,0.0996769642358538,0.986816815349638,-0.0185868900737642,0.126165329391061,0.099646425526602,0.986816815349638,-0.0185868900737642,0.126165329391061,0.099646425526602,0.986811043788481,-0.0186042789611841,0.126188464815261,0.09967103896815,0.997160066366659,0.00247942630223784,0.00668072072362376,0.0749734783737838,0.970252150687629,-0.0183048373581713,0.0774918644924039,0.228627880961208,0.987990916501763,-0.0117598601499993,0.0147241160507358,0.153358583084825,0.988086874159104,-0.00866317320403544,-0.00521342478216886,0.153564640287305,0.991490844914918,0.0297968669703542,-0.0309092024569739,0.122892930521359,0.961608952240447,-0.0662146105989063,0.171202865090951,0.20399369426263,0.979562802772538,-0.105373781465035,0.0751962937838062,0.153943492897069,0.982225685402223,-0.0966728830796357,0.0207477736285729,0.159551203388322
643,1413,0.986657236294547,-0.0190097426559011,0.126820935195822,0.100312402761676,0.986657236294547,-0.0190097426559011,0.126820935195822,0.100312402761676,0.991827539368463,-0.0138870472797341,0.0765126374309276,0.101148892141807,0.991831484232283,-0.0138818304493868,0.0764614832573996,0.101149608239671,0.986657236294547,-0.0190097426559011,0.126820935195822,0.100312402761676,0.966761273399858,-0.0299113546441333,0.234411372997602,0.0976179252341355,0.986657236294547,-0.0190097426559011,0.126820935195822,0.100312402761676,0.986657236294547,-0.0190097426559011,0.126820935195822,0.100312402761676,0.986665240500592,-0.0189886005095294,0.126788158145483,0.100279106461287,0.986665240500592,-0.0189886005095294,0.126788158145483,0.100279106461287,0.986658779250883,-0.0190056881123226,0.126814611118365,0.100305989618933,0.986657236294547,-0.0190097426559011,0.126820935195822,0.100312402761676,0.986665240500592,-0.0189886005095294,0.126788158145483,0.100279106461287,0.986665240500592,-0.0189886005095294,0.126788158145483,0.100279106461287,0.986658779250883,-0.0190056881123226,0.126814611118365,0.100305989618933,0.997110153134433,0.00186055318733405,0.00803945686532189,0.0755198516376707,0.970070261482319,-0.0192150776617172,0.0779861068967377,0.229156356466867,0.987990818750611,-0.0123638745622198,0.0145800199104071,0.153325469801079,0.988086155505441,-0.00933606610242742,-0.00491774486588456,0.153539581065089,0.991344266464002,0.0319320078046756,-0.0323466537832033,0.123168933646197,0.963217949138546,-0.0600032617954105,0.164116363773944,0.204148500295405,0.980778130966232,-0.0992325677946177,0.0681510658895198,0.153566231722324,0.983022720607879,-0.0908425869667485,0.0153831314164524,0.158673609745592
644,1414,0.986508199900413,-0.019362306513501,0.127462167549295,0.100896325301564,0.986508199900413,-0.019362306513501,0.127462167549295,0.100896325301564,0.991711284618088,-0.0142094791043282,0.077160615525413,0.101749978262727,0.991715262901903,-0.0142042312721922,0.0771094673469284,0.101750710989397,0.986508199900413,-0.019362306513501,0.127462167549295,0.100896325301564,0.9665427165067,-0.0303259139682906,0.235032359038001,0.0981595961425552,0.986508199900413,-0.019362306513501,0.127462167549295,0.100896325301564,0.986508199900413,-0.019362306513501,0.127462167549295,0.100896325301564,0.986516075351125,-0.0193436216698525,0.127428470099417,0.100865466749669,0.986516075351125,-0.0193436216698525,0.127428470099417,0.100865466749669,0.986509710175361,-0.0193587404168971,0.127455692562993,0.100890422402156,0.986508199900413,-0.019362306513501,0.127462167549295,0.100896325301564,0.986516075351125,-0.0193436216698525,0.127428470099417,0.100865466749669,0.986516075351125,-0.0193436216698525,0.127428470099417,0.100865466749669,0.986509710175361,-0.0193587404168971,0.127455692562993,0.100890422402156,0.99705107929066,0.0012258932955205,0.00939319464071325,0.0761538598194415,0.969871095052964,-0.0201293050232737,0.0785260228342239,0.229735791286172,0.987995433022378,-0.0130898022174545,0.0143867503402536,0.153253720409912,0.988089427294065,-0.010141337770164,-0.00460846266281909,0.15347703088672,0.991188123821049,0.034056375177835,-0.0335524300379767,0.12353340011674,0.964812129705214,-0.0533597836796773,0.156664491598881,0.2043196635946,0.98195278128474,-0.0927675095957706,0.0608981327801246,0.153148104508212,0.983783137342177,-0.0848004399034764,0.0105159845056589,0.157699201466705
645,1415,0.986357857349066,-0.019689473766698,0.128173913910667,0.101399949020554,0.986357857349066,-0.019689473766698,0.128173913910667,0.101399949020554,0.991597309098024,-0.014510628132967,0.077879082884795,0.102269578613424,0.991601324437356,-0.0145053535017456,0.0778279405837073,0.102270326871336,0.986357857349066,-0.019689473766698,0.128173913910667,0.101399949020554,0.966315117304433,-0.0307064116586248,0.235723289113189,0.0986242430725407,0.986357857349066,-0.019689473766698,0.128173913910667,0.101399949020554,0.986357857349066,-0.019689473766698,0.128173913910667,0.101399949020554,0.986365791348607,-0.0196721816201014,0.128136644715521,0.101373227277174,0.986365791348607,-0.0196721816201014,0.128136644715521,0.101373227277174,0.98635938031037,-0.0196861665211865,0.128166732272133,0.101394854209303,0.986357857349066,-0.019689473766698,0.128173913910667,0.101399949020554,0.986365791348607,-0.0196721816201014,0.128136644715521,0.101373227277174,0.986365791348607,-0.0196721816201014,0.128136644715521,0.101373227277174,0.98635938031037,-0.0196861665211865,0.128166732272133,0.101394854209303,0.99698659140047,0.000606312561652117,0.0107002178033342,0.0768301652458996,0.969675610445085,-0.0210807229299209,0.0790843508341993,0.230283475485837,0.987999353994357,-0.0138513953794032,0.0141298851933815,0.153185383431973,0.98809149833975,-0.0110087440661592,-0.00419142667247938,0.153415874032784,0.99102079017604,0.0361354585208409,-0.0346184078072783,0.123990273478347,0.966378481287843,-0.0463669027965523,0.148891136890939,0.20443622620314,0.983074627047642,-0.0859591143061173,0.0535121361053805,0.152681890256463,0.984509365172579,-0.0785483951902884,0.00637031733170387,0.15662336529908
646,1416,0.986201056776839,-0.0200475655044174,0.128983841457493,0.101827007087809,0.986201056776839,-0.0200475655044174,0.128983841457493,0.101827007087809,0.991481873718042,-0.0148465529418083,0.0786959327630506,0.102714283918356,0.991485931187026,-0.01484125537421,0.0786447964145222,0.102715049501191,0.986201056776839,-0.0200475655044174,0.128983841457493,0.101827007087809,0.966070316602544,-0.0311092381149051,0.236511097254117,0.0990093912668123,0.986201056776839,-0.0200475655044174,0.128983841457493,0.101827007087809,0.986201056776839,-0.0200475655044174,0.128983841457493,0.101827007087809,0.986209319077235,-0.0200287968265902,0.128941484957011,0.101804320733339,0.986209319077235,-0.0200287968265902,0.128941484957011,0.101804320733339,0.986202644943438,-0.0200439516142144,0.128975671009182,0.101822686067431,0.986201056776839,-0.0200475655044174,0.128983841457493,0.101827007087809,0.986209319077235,-0.0200287968265902,0.128941484957011,0.101804320733339,0.986209319077235,-0.0200287968265902,0.128941484957011,0.101804320733339,0.986202644943438,-0.0200439516142144,0.128975671009182,0.101822686067431,0.996914899284068,-1.40836679961596e-05,0.0119741352810129,0.0775712799389032,0.969473606030116,-0.0220504316733923,0.0796463397060752,0.230848795200245,0.98799992585936,-0.0147308674866298,0.0138133411528815,0.153128506984121,0.988089200911935,-0.0119999660500326,-0.00379380193453312,0.153366681267128,0.990845692744268,0.0380651023720011,-0.0355361229769727,0.124551375405114,0.967903079577731,-0.0390445858239055,0.140830870897246,0.204464702734011,0.984131931904729,-0.0787772299189591,0.0462576889202357,0.152114150779999,0.985214548981368,-0.0719871547393588,0.00277950610988799,0.155442646573443
647,1417,0.986044954699795,-0.0203893488673782,0.12984750643767,0.102172632518515,0.986044954699795,-0.0203893488673782,0.12984750643767,0.102172632518515,0.991369867002361,-0.0151703290629947,0.0795664151305253,0.103076832989376,0.991373969367119,-0.0151650127962904,0.0795152845576494,0.103077615270666,0.986044954699795,-0.0203893488673782,0.12984750643767,0.102172632518515,0.96582030857016,-0.031486911674945,0.237352394490642,0.0993153904295471,0.986044954699795,-0.0203893488673782,0.12984750643767,0.102172632518515,0.986044954699795,-0.0203893488673782,0.12984750643767,0.102172632518515,0.98605319899775,-0.0203713218012309,0.129802208789279,0.102154219627968,0.98605319899775,-0.0203713218012309,0.129802208789279,0.102154219627968,0.986046536613867,-0.0203858949978801,0.129838788741816,0.102169133572676,0.986044954699795,-0.0203893488673782,0.12984750643767,0.102172632518515,0.98605319899775,-0.0203713218012309,0.129802208789279,0.102154219627968,0.98605319899775,-0.0203713218012309,0.129802208789279,0.102154219627968,0.986046536613867,-0.0203858949978801,0.129838788741816,0.102169133572676,0.996835918974134,-0.000597034461175453,0.0132486666865359,0.0783726165434978,0.969271692754315,-0.0230638255177399,0.0802315899868194,0.231394333435066,0.98800363818022,-0.0156766313969903,0.0134414979650742,0.153043720234283,0.988089591710948,-0.0130829973219473,-0.00328963180108116,0.153287221437993,0.990664280835329,0.0398177847366862,-0.0363606346587956,0.125206752784715,0.969366715574428,-0.0314279620394336,0.132472190146269,0.204429872514621,0.985120437842803,-0.0713386594388311,0.039276842409505,0.151346781479536,0.985903053132971,-0.0651990972013313,-0.00034238624813667,0.154091305137167
648,1418,0.985904380618602,-0.0206635169430613,0.130683675560678,0.102407755011743,0.985904380618603,-0.0206635169430613,0.130683675560678,0.102407755011743,0.991271970806961,-0.0154321933138452,0.0804086480018271,0.103325585546493,0.991276116610491,-0.0154268642172374,0.0803575224768833,0.103326381333251,0.985904380618602,-0.0206635169430613,0.130683675560678,0.102407755011743,0.96558875428213,-0.0317852431882794,0.23816806751721,0.099518980774842,0.985904380618602,-0.0206635169430613,0.130683675560678,0.102407755011743,0.985904380618602,-0.0206635169430613,0.130683675560678,0.102407755011743,0.985911843754844,-0.0206489076492915,0.130639605159948,0.102395080548184,0.985911843754844,-0.0206489076492915,0.130639605159948,0.102395080548184,0.985905806415072,-0.0206607408119965,0.130675227252799,0.102405369237041,0.985904380618602,-0.0206635169430613,0.130683675560678,0.102407755011743,0.985911843754844,-0.0206489076492915,0.130639605159948,0.102395080548184,0.985911843754844,-0.0206489076492915,0.130639605159948,0.102395080548184,0.985905806415072,-0.0206607408119965,0.130675227252799,0.102405369237041,0.996750516787331,-0.00117164609196179,0.0145110639295372,0.0792241349164295,0.969073326569198,-0.0240875384988164,0.0808402828338063,0.231908445065132,0.988004586358862,-0.0167012088498474,0.0130646225080777,0.152961833787158,0.98808686390567,-0.0142361301513777,-0.00284541815582135,0.15321091857596,0.990478305735655,0.0413729148502681,-0.0370495244899372,0.125969601566759,0.970748394567158,-0.0235260199313723,0.123870409526203,0.204328662882338,0.986046811065735,-0.0636631229864698,0.032782888586341,0.150279657221598,0.986586228631954,-0.0581303953291493,-0.00326264781235945,0.152505166279402
649,1419,0.985773960092596,-0.0208937983959558,0.131571690325333,0.10247945695058,0.985773960092596,-0.0208937983959558,0.131571690325333,0.10247945695058,0.991186849971477,-0.0156585331009585,0.0813021434854288,0.103408898308718,0.991191041857659,-0.0156531997071464,0.0812510223494523,0.10340970576897,0.985773960092595,-0.0208937983959558,0.131571690325333,0.10247945695058,0.965361598293617,-0.0320220062227917,0.239036387672874,0.0995649588246997,0.985773960092595,-0.0208937983959558,0.131571690325333,0.10247945695058,0.985773960092595,-0.0208937983959558,0.131571690325333,0.10247945695058,0.985780876632711,-0.0208815543305195,0.131525089043519,0.102475240453875,0.985780876632711,-0.0208815543305195,0.131525089043519,0.102475240453875,0.985775282854117,-0.0208914679108738,0.131562726266962,0.10247871652016,0.985773960092595,-0.0208937983959558,0.131571690325333,0.10247945695058,0.985780876632711,-0.0208815543305195,0.131525089043519,0.102475240453875,0.985780876632711,-0.0208815543305195,0.131525089043519,0.102475240453875,0.985775282854117,-0.0208914679108738,0.131562726266962,0.10247871652016,0.996660040405054,-0.00176292735048879,0.0157423928739533,0.0801113788019827,0.968894488301661,-0.0251341646031335,0.0814863350121065,0.232318147191865,0.988006272226331,-0.0177252902446414,0.0126877109974809,0.152867400438479,0.988084897404804,-0.0153939918863178,-0.00236801382234918,0.15311973434172,0.990280882617905,0.0427949245167174,-0.037553190352134,0.126894152156387,0.972019507127266,-0.0154329218734501,0.11505945561196,0.204208776404919,0.986918630985513,-0.0558620995250897,0.0267899481837007,0.148839982285154,0.987265759660026,-0.0509352688306173,-0.00569256646124173,0.150597187487511
650,1420,0.985616874688906,-0.0212116557664323,0.132624305490606,0.102568199658835,0.985616874688906,-0.0212116557664323,0.132624305490606,0.102568199658835,0.99108346412447,-0.0159714695765124,0.0823613818329467,0.103513680647414,0.991087710641613,-0.0159661307780751,0.0823102660277455,0.103514504247403,0.985616874688906,-0.0212116557664323,0.132624305490606,0.102568199658835,0.965089861825875,-0.0323476869098417,0.24006538417545,0.0996182567263205,0.985616874688906,-0.0212116557664323,0.132624305490606,0.102568199658835,0.985616874688906,-0.0212116557664323,0.132624305490606,0.102568199658835,0.985625106454406,-0.0211951513724249,0.132569348916921,0.102563554992912,0.985625106454406,-0.0211951513724249,0.132569348916921,0.102563554992912,0.985618464930729,-0.0212084540197701,0.132613690525002,0.102567305468283,0.985616874688906,-0.0212116557664323,0.132624305490606,0.102568199658835,0.985625106454406,-0.0211951513724249,0.132569348916921,0.102563554992912,0.985625106454406,-0.0211951513724249,0.132569348916921,0.102563554992912,0.985618464930729,-0.0212084540197701,0.132613690525002,0.102567305468283,0.996549484205293,-0.00223741588828856,0.0168258258491882,0.0812466066048335,0.968813887211853,-0.0263155565892705,0.0822009751339118,0.232271701061258,0.988013210547743,-0.0187803343916957,0.0123444808181712,0.152724616930627,0.988088344197844,-0.0165645502443031,-0.00197850546947337,0.152980800271389,0.990052303023571,0.0441342155912193,-0.0377595946771231,0.128151555986224,0.973185496575507,-0.00713209371505081,0.106130898089488,0.203949393147031,0.987699885296675,-0.0481095485919606,0.0210737442906183,0.147276288725606,0.987899537459989,-0.0438981319951137,-0.00704769464641865,0.148585961294632
651,1421,0.985494877044997,-0.0215818891766809,0.133687297085049,0.102282823463799,0.985494877044997,-0.0215818891766809,0.133687297085049,0.102282823463799,0.991015648049636,-0.0163557280717778,0.0834291999518088,0.103247489438742,0.991019949640199,-0.0163504030017931,0.0833780876428402,0.103248332857437,0.985494877044997,-0.0215818891766809,0.133687297085049,0.102282823463799,0.964851861308561,-0.0326843400012558,0.241108547781379,0.0992939466173213,0.985494877044997,-0.0215818891766809,0.133687297085049,0.102282823463799,0.985494877044997,-0.0215818891766809,0.133687297085049,0.102282823463799,0.985501423511695,-0.0215625530480276,0.133631404409942,0.102296863675774,0.985501423511695,-0.0215625530480276,0.133631404409942,0.102296863675774,0.985496119696492,-0.0215781549725592,0.133676561935668,0.102285668987392,0.985494877044997,-0.0215818891766809,0.133687297085049,0.102282823463799,0.985501423511695,-0.0215625530480276,0.133631404409942,0.102296863675774,0.985501423511695,-0.0215625530480276,0.133631404409942,0.102296863675774,0.985496119696492,-0.0215781549725592,0.133676561935668,0.102285668987392,0.996455650025933,-0.00290197152767652,0.0180246908540389,0.0821147161735659,0.968656149181472,-0.0274089154324643,0.0828989258333008,0.232554905567318,0.98801529946604,-0.0197410370381624,0.0119759513803413,0.152619251951463,0.988086720638485,-0.0176557898028141,-0.00151257671451519,0.152874516175866,0.989833429039646,0.045383069258173,-0.0378205301906941,0.129382252555827,0.974219549100363,0.00115416930484554,0.0972219609522611,0.203575117223345,0.988480113029063,-0.0405192650221166,0.015640148554283,0.144984968397825,0.988578632328294,-0.0371797330554604,-0.0070594479011728,0.145877069305548
652,1422,0.985409998681235,-0.0220256483559592,0.134611293732607,0.101792951195952,0.985409998681235,-0.0220256483559592,0.134611293732607,0.101792951195952,0.990977839212258,-0.0168238103245315,0.0843563162514984,0.102780803192259,0.990982188619423,-0.0168185093235339,0.084305205891309,0.102781670753184,0.985409998681235,-0.0220256483559592,0.134611293732607,0.101792951195952,0.964666020370949,-0.0330716157658216,0.242017633743894,0.0987583025842366,0.985409998681235,-0.0220256483559592,0.134611293732607,0.101792951195952,0.985409998681235,-0.0220256483559592,0.134611293732607,0.101792951195952,0.985414603552953,-0.0220024943367008,0.134562303848652,0.101818150299851,0.985414603552953,-0.0220024943367008,0.134562303848652,0.101818150299851,0.985410866350547,-0.022021173565507,0.134601947294899,0.101797879042166,0.985409998681235,-0.0220256483559592,0.134611293732607,0.101792951195952,0.985414603552953,-0.0220024943367008,0.134562303848652,0.101818150299851,0.985414603552953,-0.0220024943367008,0.134562303848652,0.101818150299851,0.985410866350547,-0.022021173565507,0.134601947294899,0.101797879042166,0.996364023507202,-0.00364656538594815,0.0192454322616018,0.0829159125770787,0.96847639194183,-0.0285387173095869,0.0835788872447172,0.2329239993487,0.98801726168474,-0.0206225234353223,0.0116358836177704,0.152516256027287,0.98808519435338,-0.0186591075382646,-0.00107325403424791,0.152768892551124,0.989625038682937,0.0464759838455246,-0.037689290441955,0.130620760690509,0.975176439037977,0.00939740807827825,0.0884034971825695,0.202798972266903,0.989215048697125,-0.0330637304806623,0.010013356263991,0.142338012681709,0.989255725896521,-0.0309794450605156,-0.00444844393812815,0.142806141713929
653,1423,0.985373188949742,-0.022476524815448,0.13524511224267,0.101208912382774,0.985373188949742,-0.022476524815448,0.13524511224267,0.101208912382774,0.990973289303881,-0.0173037864409764,0.0849911864416671,0.102220433809922,0.990977671454845,-0.0172985143407113,0.0849400763152974,0.102221326126634,0.985373188949742,-0.022476524815448,0.13524511224267,0.101208912382774,0.964559825510356,-0.0334556241165959,0.242643575843144,0.0981282799627741,0.985373188949742,-0.022476524815448,0.13524511224267,0.101208912382774,0.985373188949742,-0.022476524815448,0.13524511224267,0.101208912382774,0.985375284576399,-0.0224528238552036,0.135210975233992,0.101239376841128,0.985375284576399,-0.0224528238552036,0.135210975233992,0.101239376841128,0.985373570451702,-0.022471971410057,0.135238681241069,0.101214802535927,0.985373188949742,-0.022476524815448,0.13524511224267,0.101208912382774,0.985375284576399,-0.0224528238552036,0.135210975233992,0.101239376841128,0.985375284576399,-0.0224528238552036,0.135210975233992,0.101239376841128,0.985373570451702,-0.022471971410057,0.135238681241069,0.101214802535927,0.996278727663719,-0.00444661819577762,0.0204876079099717,0.0836013296156822,0.968293100592142,-0.0296765461655881,0.084296871511718,0.233284828925232,0.988016742938722,-0.0214534768759939,0.011330995066907,0.152427925766524,0.988081476845344,-0.0195980443174372,-0.000686215396477004,0.152677571641959,0.989454470058716,0.0473426892760679,-0.0373091044837946,0.1317063103103,0.97609026895798,0.0175663021229222,0.0797164253143618,0.201455958984501,0.989907535835714,-0.0254995312851514,0.00378463695658114,0.139350353149928,0.989913930280941,-0.0251482528984669,0.00128981276452492,0.139414175731619
654,1424,0.985379500528927,-0.0229380258012098,0.135592210643792,0.100577528913941,0.985379500528927,-0.0229380258012098,0.135592210643792,0.100577528913941,0.990997233142063,-0.0177967795283371,0.0853375155174123,0.101613320920593,0.991001633155115,-0.0177915387396103,0.0852864041556649,0.101614238664513,0.985379500528927,-0.0229380258012098,0.135592210643792,0.100577528913941,0.964527979559978,-0.0338449932004713,0.242989267861476,0.0974500322491054,0.985379500528927,-0.0229380258012098,0.135592210643792,0.100577528913941,0.985379500528927,-0.0229380258012098,0.135592210643792,0.100577528913941,0.985379308893968,-0.0229137661466832,0.135573151507572,0.100610623270739,0.985379308893968,-0.0229137661466832,0.135573151507572,0.100610623270739,0.985379444878285,-0.0229333653416863,0.135588675851598,0.100583902023525,0.985379500528927,-0.0229380258012098,0.135592210643792,0.100577528913941,0.985379308893968,-0.0229137661466832,0.135573151507572,0.100610623270739,0.985379308893968,-0.0229137661466832,0.135573151507572,0.100610623270739,0.985379444878285,-0.0229333653416863,0.135588675851598,0.100583902023525,0.996197714704171,-0.00527086414252459,0.0217741358170487,0.0841915566954273,0.968124096875782,-0.0308311968334664,0.0850037508404654,0.233579820817894,0.988011222213806,-0.0222394113044027,0.0110702451916367,0.15237021702358,0.988073170082007,-0.0204738950002268,-0.000368935107476221,0.152617476307594,0.989345070762508,0.047983586764745,-0.0366801897850253,0.132470638393773,0.976989775906455,0.0255972658543381,0.07124196563962,0.199399950067298,0.990533237698969,-0.0178349367927085,-0.00258324156191197,0.136085072312257,0.990533237698969,-0.0178349367927085,-0.00258324156191197,0.136085072312257
655,1425,0.985435987753362,-0.0233593492123261,0.135624355026501,0.0998813754840163,0.985435987753362,-0.0233593492123261,0.135624355026501,0.0998813754840163,0.991055281026631,-0.0182529387351489,0.0853667475368623,0.100939479846754,0.991059682547265,-0.0182477326995537,0.0853156331812232,0.100940421118242,0.985435987753361,-0.0233593492123261,0.135624355026501,0.0998813754840163,0.964580594913652,-0.0341873145122039,0.243027421398948,0.0967118187743675,0.985435987753361,-0.0233593492123261,0.135624355026501,0.0998813754840163,0.985435987753361,-0.0233593492123261,0.135624355026501,0.0998813754840163,0.985433171039702,-0.0233370704647391,0.135621797221538,0.0999178396241708,0.985433171039702,-0.0233370704647391,0.135621797221538,0.0999178396241708,0.985435425638968,-0.0233550894517044,0.135623998690871,0.0998884010861485,0.985435987753361,-0.0233593492123261,0.135624355026501,0.0998813754840163,0.985433171039702,-0.0233370704647391,0.135621797221538,0.0999178396241708,0.985433171039702,-0.0233370704647391,0.135621797221538,0.0999178396241708,0.985435425638968,-0.0233550894517044,0.135623998690871,0.0998884010861485,0.996121081488924,-0.00610957894727632,0.0230863689792755,0.0846905167405255,0.967978533855261,-0.0319945405375513,0.0857458362291251,0.233755339918854,0.988008834978225,-0.022963313401892,0.0108267672638071,0.152295795586066,0.988068153167085,-0.0212870127685338,-3.9766810813196e-05,0.152539130071528,0.989307799870056,0.0484949954311333,-0.035752356124285,0.132815968791281,0.977853672799077,0.0333285949349161,0.0631192463380105,0.19674186157181,0.991087851222497,-0.0100392568422742,-0.00871781094965309,0.132544650037171,0.991087851222497,-0.0100392568422742,-0.00871781094965309,0.132544650037171
656,1426,0.985558378534192,-0.0236548924574043,0.135328813224136,0.0990012165340916,0.985558378534192,-0.0236548924574043,0.135328813224136,0.0990012165340916,0.99116249346277,-0.0185928319457688,0.085065367455048,0.10007547857811,0.991166879439411,-0.0185876704710803,0.0850142475702672,0.100076437380934,0.985558378534192,-0.0236548924574043,0.135328813224136,0.0990012165340916,0.964734702630516,-0.0343844084613083,0.242747108588359,0.0958045263396639,0.985558378534192,-0.0236548924574043,0.135328813224136,0.0990012165340916,0.985558378534192,-0.0236548924574043,0.135328813224136,0.0990012165340916,0.985552142565468,-0.0236390019408232,0.135343465777927,0.0990470501482788,0.985552142565468,-0.0236390019408232,0.135343465777927,0.0990470501482788,0.985557153782228,-0.0236518945415178,0.13533176573525,0.0990100888609376,0.985558378534192,-0.0236548924574043,0.135328813224136,0.0990012165340916,0.985552142565468,-0.0236390019408232,0.135343465777927,0.0990470501482788,0.985552142565468,-0.0236390019408232,0.135343465777927,0.0990470501482788,0.985557153782228,-0.0236518945415178,0.13533176573525,0.0990100888609376,0.996055188645376,-0.00698776710492108,0.0244251569040497,0.0850214325551166,0.967859098649712,-0.0332008520389574,0.0864935222105092,0.233806200089891,0.988003843151798,-0.0236111327067373,0.0106603345288565,0.15224085390366,0.98806134055693,-0.0219911741439169,0.000155279849817591,0.152483282509207,0.989361728249717,0.0488246767620417,-0.0345698981789336,0.13260634884391,0.978671508522338,0.0408340636636637,0.0553963478901933,0.19356110738408,0.991548348210605,-0.0022229597964056,-0.0145570180620454,0.128899281750155,0.991548348210605,-0.0022229597964056,-0.0145570180620454,0.128899281750155
657,1427,0.985743984679011,-0.0238418788955069,0.134752429117243,0.0978884279518307,0.985743984679011,-0.0238418788955069,0.134752429117243,0.0978884279518307,0.991318566456079,-0.0188361314614481,0.0844802952369131,0.0989736311737415,0.991322922257078,-0.0188310268148451,0.0844291673033566,0.0989746025263419,0.985743984679011,-0.0238418788955069,0.134752429117243,0.0978884279518307,0.964982486247914,-0.0344480541848284,0.242194594734576,0.0946779334323891,0.985743984679011,-0.0238418788955069,0.134752429117243,0.0978884279518307,0.985743984679011,-0.0238418788955069,0.134752429117243,0.0978884279518307,0.98573443400153,-0.0238317360468673,0.134781986622644,0.0979463631929676,0.98573443400153,-0.0238317360468673,0.134781986622644,0.0979463631929676,0.985742124492582,-0.0238399792479097,0.134758223595462,0.0978996453706866,0.985743984679011,-0.0238418788955069,0.134752429117243,0.0978884279518307,0.98573443400153,-0.0238317360468673,0.134781986622644,0.0979463631929676,0.98573443400153,-0.0238317360468673,0.134781986622644,0.0979463631929676,0.985742124492582,-0.0238399792479097,0.134758223595462,0.0978996453706866,0.996004844759707,-0.00790901720567171,0.0257890917540028,0.0851276653534905,0.967752850827959,-0.034446630505573,0.0872500979162791,0.233784665396966,0.987999516663088,-0.0242063778641227,0.0105452362560309,0.152183456185318,0.988055733862819,-0.0226328118316159,0.000337216543182887,0.152425420761774,0.989511801531533,0.0489871105778739,-0.0331434680314271,0.131788346047367,0.979464115041862,0.0482487331855636,0.0478731956637333,0.189816396099473,0.991869740206008,0.00531264328315235,-0.0202210828660936,0.12552809284274,0.991869740206008,0.00531264328315235,-0.0202210828660936,0.12552809284274
658,1428,0.985974390785786,-0.0239852273393284,0.13402786732071,0.0965180831012609,0.985974390785786,-0.0239852273393284,0.13402786732071,0.0965180831012609,0.991511850752784,-0.0190489390348019,0.083744959972097,0.0976123425480076,0.99151616862819,-0.0190439045971542,0.0836938220707705,0.0976133248780906,0.985974390785786,-0.0239852273393284,0.13402786732071,0.0965180831012609,0.965291072143107,-0.034440040297323,0.241499719554185,0.093300134621446,0.985974390785786,-0.0239852273393284,0.13402786732071,0.0965180831012609,0.985974390785786,-0.0239852273393284,0.13402786732071,0.0965180831012609,0.985962455928432,-0.0239775543035271,0.1340655818648,0.0965895033036678,0.985962455928432,-0.0239775543035271,0.1340655818648,0.0965895033036678,0.985972080407162,-0.0239837751566618,0.134035172556514,0.0965318999323701,0.985974390785786,-0.0239852273393284,0.13402786732071,0.0965180831012609,0.985962455928432,-0.0239775543035271,0.1340655818648,0.0965895033036678,0.985962455928432,-0.0239775543035271,0.1340655818648,0.0965895033036678,0.985972080407162,-0.0239837751566618,0.134035172556514,0.0965318999323701,0.995970209892424,-0.00887081556883728,0.0271836155752332,0.0850041215603278,0.967647939050248,-0.0357255399181054,0.088017283099451,0.233739405589126,0.987991472587565,-0.0247682033671548,0.0104452611255814,0.152152169607393,0.98804655247899,-0.0232375028219369,0.000513342097461375,0.152393454836073,0.989753192020699,0.0491138301321186,-0.0314745104616731,0.130329604333739,0.980206553945178,0.0554120824637648,0.0406003074862172,0.185677752442161,0.992041196577076,0.01257810651858,-0.0257827243131801,0.122602229414156,0.992041196577076,0.01257810651858,-0.0257827243131801,0.122602229414156
659,1429,0.986225554146832,-0.0241358913508317,0.133286987188285,0.0949273097835695,0.986225554146832,-0.0241358913508317,0.133286987188285,0.0949273097835695,0.991725036140222,-0.0192802554521214,0.0829922725235926,0.0960312821102888,0.991729315195059,-0.019275302558261,0.0829411236281092,0.0960322763727509,0.986225554146832,-0.0241358913508317,0.133286987188285,0.0949273097835695,0.965622081862419,-0.0344150896340775,0.240790904366513,0.0917024372605403,0.986225554146832,-0.0241358913508317,0.133286987188285,0.0949273097835695,0.986225554146832,-0.0241358913508317,0.133286987188285,0.0949273097835695,0.986212480350833,-0.0241279764792183,0.133325927908117,0.0950104273157232,0.986212480350833,-0.0241279764792183,0.133325927908117,0.0950104273157232,0.986223035136705,-0.0241343705729999,0.133294471171687,0.0949433572076032,0.986225554146832,-0.0241358913508317,0.133286987188285,0.0949273097835695,0.986212480350833,-0.0241279764792183,0.133325927908117,0.0950104273157232,0.986212480350833,-0.0241279764792183,0.133325927908117,0.0950104273157232,0.986223035136705,-0.0241343705729999,0.133294471171687,0.0949433572076032,0.995946404140551,-0.00986047373059839,0.0286158717898562,0.084703382571303,0.967537613569216,-0.0370336205752224,0.0888088321130127,0.233693107760157,0.987981690499555,-0.0253022134120205,0.0103782320389668,0.152132407901279,0.988036007682404,-0.0237974029204319,0.000613176670334945,0.152375047667364,0.990090744022974,0.0492797490068526,-0.0297031120147078,0.128099766098524,0.980821084398791,0.0621046438917964,0.0338071397937099,0.181631745311278,0.992064097809472,0.0193507336802826,-0.0312579647346882,0.120238573611629,0.992064097809472,0.0193507336802826,-0.0312579647346882,0.120238573611629
660,1430,0.986478886332653,-0.024329506801572,0.132609573165104,0.0931782325634607,0.986478886332653,-0.024329506801572,0.132609573165104,0.0931782325634607,0.991943613057274,-0.0195625132058159,0.0823028589419827,0.0942943052465544,0.991947856554921,-0.0195576498971538,0.0822516987741869,0.0942953140689316,0.986478886332653,-0.024329506801572,0.132609573165104,0.0931782325634606,0.965948277255688,-0.0344154452110329,0.240145409579094,0.0899426764988929,0.986478886332653,-0.024329506801572,0.132609573165104,0.0931782325634606,0.986478886332653,-0.024329506801572,0.132609573165104,0.0931782325634606,0.98646565931128,-0.0243194325795079,0.13264540346621,0.0932698511731301,0.98646565931128,-0.0243194325795079,0.13264540346621,0.0932698511731301,0.986476345829304,-0.0243275558822716,0.132616424570437,0.09319588552191,0.986478886332653,-0.024329506801572,0.132609573165104,0.0931782325634606,0.98646565931128,-0.0243194325795079,0.13264540346621,0.0932698511731301,0.98646565931128,-0.0243194325795079,0.13264540346621,0.0932698511731301,0.986476345829304,-0.0243275558822716,0.132616424570437,0.09319588552191,0.995929055810026,-0.0108074194726762,0.0300897148198603,0.0842800364247175,0.967415254563373,-0.0384009025108295,0.0896437086252994,0.233660226457863,0.987976426600064,-0.0257340225040857,0.0103669975080697,0.152094924080316,0.988030598636891,-0.0242378854620096,0.000655981698649651,0.152340509233652,0.990509347954014,0.0494911959835486,-0.0279491667769939,0.12514270738762,0.981305969970276,0.0682324544682184,0.0275754973131689,0.177827212219811,0.991934153680244,0.0255831985813203,-0.0369940397538975,0.118505593689479,0.991934153680244,0.0255831985813203,-0.0369940397538975,0.118505593689479
661,1431,0.986731368593377,-0.0244913798433973,0.131997726070125,0.0913125339672753,0.986731368593377,-0.0244913798433973,0.131997726070125,0.0913125339672753,0.992164673424108,-0.0198189965635101,0.0816789707518162,0.092439244487252,0.992168884744071,-0.019814228930325,0.0816277991835355,0.0924402665403721,0.986731368593377,-0.0244913798433973,0.131997726070125,0.0913125339672753,0.966266427114918,-0.0343714426861055,0.239564991775537,0.0880704858271722,0.986731368593377,-0.0244913798433973,0.131997726070125,0.0913125339672753,0.986731368593377,-0.0244913798433973,0.131997726070125,0.0913125339672753,0.986718185078856,-0.0244827850046846,0.13203012360271,0.0914104093337021,0.986718185078856,-0.0244827850046846,0.13203012360271,0.0914104093337021,0.986728838007192,-0.0244897420902455,0.132003915686994,0.0913313693132309,0.986731368593377,-0.0244913798433973,0.131997726070125,0.0913125339672753,0.986718185078856,-0.0244827850046846,0.13203012360271,0.0914104093337021,0.986718185078856,-0.0244827850046846,0.13203012360271,0.0914104093337021,0.986728838007192,-0.0244897420902455,0.132003915686994,0.0913313693132309,0.995912561518836,-0.0117658028256661,0.0315950424100153,0.0837943255117379,0.967294309596123,-0.0398444998877479,0.0904852989925298,0.233594831102675,0.987967472213313,-0.0261637027317806,0.0104188402328842,0.152076238367479,0.988022245667731,-0.0246458623731843,0.000566082198238536,0.152329587029313,0.990986201107164,0.0496567893654501,-0.0263458506654045,0.121599542095455,0.981692637073734,0.0737329978929381,0.0218987692849149,0.174251126942539,0.991694944381692,0.0312897180326744,-0.0425427041311839,0.117269813500479,0.991694944381692,0.0312897180326744,-0.0425427041311839,0.117269813500479
662,1432,0.987002414894665,-0.0245201301320661,0.131276396112377,0.0893952125907913,0.987002414894665,-0.0245201301320661,0.131276396112377,0.0893952125907913,0.992398709646223,-0.0199451528022733,0.0809447977121822,0.0905258620259437,0.992402883100481,-0.0199404838527136,0.0808936140743261,0.0905268905881888,0.987002414894665,-0.0245201301320661,0.131276396112377,0.0893952125907913,0.96661505244916,-0.0341894532814489,0.238877792108982,0.0861616045588861,0.987002414894665,-0.0245201301320661,0.131276396112377,0.0893952125907913,0.987002414894665,-0.0245201301320661,0.131276396112377,0.0893952125907913,0.986988313831964,-0.0245182656178793,0.131314097205396,0.0894959825096067,0.986988313831964,-0.0245182656178793,0.131314097205396,0.0894959825096067,0.986999700394798,-0.0245198267798633,0.131283674142553,0.0894145760986291,0.987002414894665,-0.0245201301320661,0.131276396112377,0.0893952125907913,0.986988313831964,-0.0245182656178793,0.131314097205396,0.0894959825096067,0.986988313831964,-0.0245182656178793,0.131314097205396,0.0894959825096067,0.986999700394798,-0.0245198267798633,0.131283674142553,0.0894145760986291,0.995897043766336,-0.012725666260999,0.033089769733012,0.0832598509168948,0.967167053576594,-0.0413682681237039,0.0913157041233187,0.233533721438421,0.987952425626602,-0.0266070078009087,0.0105533006896856,0.152087802531797,0.988008699743257,-0.0250458017579437,0.000420343396264294,0.152352684116068,0.991474490381528,0.0496784039253268,-0.0248579499611588,0.117866337135967,0.981974791368953,0.078431071695774,0.0166642332073416,0.171161851591307,0.99139176000493,0.0362542083325849,-0.0476341445089919,0.116443114220644,0.99139176000493,0.0362542083325849,-0.0476341445089919,0.116443114220644
663,1433,0.987287325001994,-0.0244272625897331,0.130444842127784,0.0874710803353709,0.987287325001994,-0.0244272625897331,0.130444842127784,0.0874710803353709,0.992640989895379,-0.0199501945227026,0.0800998384945754,0.0885994965627403,0.992645119770062,-0.019945624926535,0.080048642362101,0.088600525387577,0.987287325001994,-0.0244272625897331,0.130444842127784,0.0874710803353709,0.966989562851588,-0.0338858337007378,0.23808255770516,0.0842593100320115,0.987287325001994,-0.0244272625897331,0.130444842127784,0.0874710803353709,0.987287325001994,-0.0244272625897331,0.130444842127784,0.0874710803353709,0.987272490581839,-0.0244318156186636,0.130488320263805,0.0875723358181057,0.987272490581839,-0.0244318156186636,0.130488320263805,0.0875723358181057,0.987284471097984,-0.0244281887851767,0.130453233406547,0.0874905172874544,0.987287325001994,-0.0244272625897331,0.130444842127784,0.0874710803353709,0.987272490581839,-0.0244318156186636,0.130488320263805,0.0875723358181057,0.987272490581839,-0.0244318156186636,0.130488320263805,0.0875723358181057,0.987284471097984,-0.0244281887851767,0.130453233406547,0.0874905172874544,0.995879285483396,-0.0137136614905399,0.0345339297253062,0.0827272139705597,0.967037036470286,-0.0429700879853491,0.0921712449990363,0.2334467888591,0.98793885624139,-0.0269984133044882,0.0107876305614779,0.15209052907517,0.98799772641325,-0.0253704011536327,0.000221916479367195,0.152370555228459,0.991927638790543,0.0495260124930634,-0.0235028495334616,0.114343122022104,0.982134901632272,0.0822070957285041,0.0118830552208598,0.168854438515159,0.991096910160099,0.0402603191876964,-0.051665529583731,0.115916756436861,0.991096910160099,0.0402603191876964,-0.051665529583731,0.115916756436861
664,1434,0.987577655404595,-0.024221139880073,0.129535556080807,0.0855818359192456,0.987577655404595,-0.024221139880073,0.129535556080807,0.0855818359192456,0.992884732895866,-0.0198403543474655,0.0791769721946082,0.0867022179402911,0.992888815172868,-0.0198358826046725,0.0791257634921767,0.0867032411025815,0.987577655404595,-0.024221139880073,0.129535556080807,0.0855818359192456,0.967377997523121,-0.0334734754973597,0.237210656699396,0.0824041303244346,0.987577655404595,-0.024221139880073,0.129535556080807,0.0855818359192456,0.987577655404595,-0.024221139880073,0.129535556080807,0.0855818359192456,0.987562514598314,-0.0242316765562679,0.129583209734616,0.0856813711748505,0.987562514598314,-0.0242316765562679,0.129583209734616,0.0856813711748505,0.987574746114985,-0.0242232109239131,0.129544735819639,0.0856009247022443,0.987577655404595,-0.024221139880073,0.129535556080807,0.0855818359192456,0.987562514598314,-0.0242316765562679,0.129583209734616,0.0856813711748505,0.987562514598314,-0.0242316765562679,0.129583209734616,0.0856813711748505,0.987574746114985,-0.0242232109239131,0.129544735819639,0.0856009247022443,0.995859111048109,-0.0147553438190844,0.0358730400699815,0.0822194366764246,0.966904202122848,-0.0446306471481888,0.0930457747827044,0.233338494568298,0.98792618745699,-0.0273411056727599,0.0110984073890522,0.152089241666582,0.987988525484974,-0.0256302228846241,-4.46107270816736e-06,0.152386893022364,0.992322113424395,0.0491346295235711,-0.0223137928003063,0.111286594167438,0.982160046762249,0.0848300834725126,0.00783665612133935,0.167642734118899,0.990765381369334,0.039867799104787,-0.0558057841682866,0.116962524459689,0.990765381369334,0.039867799104787,-0.0558057841682866,0.116962524459689
665,1435,0.987872751786723,-0.0239442157126113,0.12854604600648,0.0837258315416202,0.987872751786723,-0.0239442157126113,0.12854604600648,0.0837258315416202,0.99312915852957,-0.0196581148685778,0.078173743321654,0.0848345380917562,0.993133189064145,-0.019653739452682,0.0781225220141652,0.0848355518574254,0.987872751786723,-0.0239442157126113,0.12854604600648,0.0837258315416202,0.967779979780668,-0.0329943946193752,0.236259540341342,0.0805897652132625,0.987872751786723,-0.0239442157126113,0.12854604600648,0.0837258315416202,0.987872751786723,-0.0239442157126113,0.12854604600648,0.0837258315416202,0.987857359071235,-0.0239585916550767,0.128597919741873,0.0838236187048331,0.987857359071235,-0.0239585916550767,0.128597919741873,0.0838236187048331,0.987869794612766,-0.0239470062215925,0.128556035890301,0.0837445844274455,0.987872751786723,-0.0239442157126113,0.12854604600648,0.0837258315416202,0.987857359071235,-0.0239585916550767,0.128597919741873,0.0838236187048331,0.987857359071235,-0.0239585916550767,0.128597919741873,0.0838236187048331,0.987869794612766,-0.0239470062215925,0.128556035890301,0.0837445844274455,0.99583258180912,-0.0158135052361815,0.0371319522212971,0.0817839848855707,0.966765271700496,-0.0463545727977272,0.0939350289308735,0.23322172573404,0.9879064154794,-0.0277251734966249,0.0114984788655964,0.15211842095225,0.987973276295958,-0.0259026190357199,-0.000325709390861112,0.152439343889674,0.992644187496535,0.0485085807870478,-0.021433892634492,0.108834842150406,0.982095320924986,0.0860040069706835,0.00488410911855436,0.167535777911329,0.990673942149264,0.0394593010950747,-0.0567737975813911,0.117408857467032,0.990673942149264,0.0394593010950747,-0.0567737975813911,0.117408857467032
666,1436,0.988155567954435,-0.0236350472142773,0.127566474322169,0.0819557971887185,0.988155567954435,-0.0236350472142773,0.127566474322169,0.0819557971887185,0.993361824912597,-0.0194393035148398,0.0771810641067857,0.0830510784307911,0.993365804248864,-0.0194350200821855,0.0771298308007156,0.0830520809135119,0.988155567954435,-0.0236350472142773,0.127566474322169,0.0819557971887185,0.968168664641929,-0.0324927059281036,0.235316953608967,0.0788643912747018,0.988155567954435,-0.0236350472142773,0.127566474322169,0.0819557971887185,0.988155567954435,-0.0236350472142773,0.127566474322169,0.0819557971887185,0.988140768886808,-0.0236512271133061,0.12761806101358,0.0820491975765555,0.988140768886808,-0.0236512271133061,0.12761806101358,0.0820491975765555,0.988152731535435,-0.0236381673164714,0.127576372696901,0.0819736868420475,0.988155567954435,-0.0236350472142773,0.127566474322169,0.0819557971887185,0.988140768886808,-0.0236512271133061,0.12761806101358,0.0820491975765555,0.988140768886808,-0.0236512271133061,0.12761806101358,0.0820491975765555,0.988152731535435,-0.0236381673164714,0.127576372696901,0.0819736868420475,0.995800612853146,-0.0168499855623885,0.0383403591113017,0.0814078269643829,0.966596981697312,-0.0481155219122985,0.0948377671643538,0.233197275807487,0.987884926168464,-0.0281536113483038,0.0120056224281362,0.152140105978972,0.987957618174235,-0.026192835601997,-0.000712047925953393,0.152489911280618,0.992888987046468,0.0477546218199199,-0.0209502395360458,0.107014218494825,0.982007407251593,0.0857907645840139,0.00287008057292167,0.168205705767074,0.990641865651399,0.0376025405243411,-0.0579038835955592,0.117736499138476,0.990641865651399,0.0376025405243411,-0.0579038835955592,0.117736499138476
667,1437,0.988417618799415,-0.0233349998820806,0.126628462302283,0.0803201167974567,0.988417618799415,-0.0233349998820806,0.126628462302283,0.0803201167974567,0.993575864974781,-0.019222773333055,0.0762309461948477,0.0814022626665855,0.99357979530789,-0.0192185749393034,0.0761797018508028,0.0814032539838314,0.988417618799415,-0.0233349998820806,0.126628462302283,0.0803201167974567,0.968532145583595,-0.0320148383718702,0.234413394645838,0.077271556900821,0.988417618799415,-0.0233349998820806,0.126628462302283,0.0803201167974567,0.988417618799415,-0.0233349998820806,0.126628462302283,0.0803201167974567,0.988403873613613,-0.023350813552098,0.126677954739759,0.0804065788042974,0.988403873613613,-0.023350813552098,0.126677954739759,0.0804065788042974,0.988414988492313,-0.0233380319966847,0.126637943790913,0.0803366540171563,0.988417618799415,-0.0233349998820806,0.126628462302283,0.0803201167974567,0.988403873613613,-0.023350813552098,0.126677954739759,0.0804065788042974,0.988403873613613,-0.023350813552098,0.126677954739759,0.0804065788042974,0.988414988492313,-0.0233380319966847,0.126637943790913,0.0803366540171563,0.995759426745762,-0.0178643706147318,0.0395087081122132,0.0811362452470867,0.966402983529569,-0.0499149304574831,0.0957658773530134,0.233243799226003,0.98786093234778,-0.028653104799413,0.0125941583295422,0.152155069262586,0.987940616438921,-0.0265439245131655,-0.00108299276831717,0.152537161335813,0.993054000829848,0.0470920630011513,-0.0209070501092419,0.10577799531971,0.981884237350441,0.0843505224635187,0.00201751645898173,0.169659256836204,0.990747626969387,0.0360787247019753,-0.0577242943064791,0.117411120108907,0.990747626969387,0.0360787247019753,-0.0577242943064791,0.117411120108907
668,1438,0.988658045822867,-0.0230612232844868,0.125765675695926,0.078780982648613,0.988658045822867,-0.0230612232844868,0.125765675695926,0.078780982648613,0.993772132304973,-0.0190275732128819,0.0753570554597924,0.0798512035230931,0.993776017566407,-0.019023454816151,0.0753058009943102,0.0798521847748444,0.988658045822867,-0.0230612232844868,0.125765675695926,0.078780982648613,0.968865872029689,-0.0315736856310941,0.23358223127989,0.0757717996495191,0.988658045822867,-0.0230612232844868,0.125765675695926,0.078780982648613,0.988658045822867,-0.0230612232844868,0.125765675695926,0.078780982648613,0.988645422281739,-0.0230757047910769,0.125811300498107,0.0788622692846977,0.988645422281739,-0.0230757047910769,0.125811300498107,0.0788622692846977,0.988655631479512,-0.0230639917517465,0.125774400446455,0.0787965406642838,0.988658045822867,-0.0230612232844868,0.125765675695926,0.078780982648613,0.988645422281739,-0.0230757047910769,0.125811300498107,0.0788622692846977,0.988645422281739,-0.0230757047910769,0.125811300498107,0.0788622692846977,0.988655631479512,-0.0230639917517465,0.125774400446455,0.0787965406642838,0.99570966000173,-0.0188294063133001,0.0406618672845403,0.0809588721886819,0.96620290530503,-0.0517567077519871,0.0967158550963006,0.233279301173049,0.98783780937334,-0.0291784328664941,0.013293647395856,0.152145852282784,0.987926111342381,-0.0268965160491139,-0.0015024035816362,0.152565784944787,0.993156713961435,0.0465120106708918,-0.0214328492428618,0.104961932861436,0.981759073918471,0.081800421649535,0.0024134301348902,0.171615812650493,0.991015748230082,0.0335603175184667,-0.0559253607385372,0.116764060713466,0.991015748230082,0.0335603175184667,-0.0559253607385372,0.116764060713466
669,1439,0.988874504727619,-0.0228408224749606,0.124962943444346,0.0773936269604821,0.988874504727619,-0.0228408224749606,0.124962943444346,0.0773936269604821,0.993947514604097,-0.0188779661394226,0.0745443595915076,0.0784544393891751,0.993951357950044,-0.0188739197817986,0.074493096081664,0.0784554129267137,0.988874504727619,-0.0228408224749606,0.124962943444346,0.0773936269604821,0.969169179992914,-0.0312022545676325,0.232808126762,0.074417040893384,0.988874504727619,-0.0228408224749606,0.124962943444346,0.0773936269604821,0.988874504727619,-0.0228408224749606,0.124962943444346,0.0773936269604821,0.988863120687519,-0.0228525682154686,0.125005370175004,0.0774670645985077,0.988863120687519,-0.0228525682154686,0.125005370175004,0.0774670645985077,0.988872329329598,-0.0228430544767612,0.124971059703237,0.0774076571475802,0.988874504727619,-0.0228408224749606,0.124962943444346,0.0773936269604821,0.988863120687519,-0.0228525682154686,0.125005370175004,0.0774670645985077,0.988863120687519,-0.0228525682154686,0.125005370175004,0.0774670645985077,0.988872329329598,-0.0228430544767612,0.124971059703237,0.0774076571475802,0.995654407683334,-0.0197746006535846,0.0417823398520468,0.0808424499024406,0.966017474310152,-0.0536891249252942,0.097673330815959,0.233211572696356,0.987815619509959,-0.0297237426491827,0.0141347674144234,0.152108544550346,0.987914745698209,-0.0272376901312224,-0.00198620989427117,0.152573321516623,0.993217296279907,0.0459375800227025,-0.0224684816097146,0.104423696765836,0.981709186919613,0.0784119224137995,0.00401495368933705,0.173443140215686,0.991444081978342,0.0302854570285396,-0.0524919457914693,0.115611500421554,0.991444081978342,0.0302854570285396,-0.0524919457914693,0.115611500421554
670,1440,0.989091833842921,-0.0226545093186374,0.124255836618771,0.0757931692103452,0.989091833842921,-0.0226545093186374,0.124255836618771,0.0757931692103452,0.994128625914327,-0.0187732330515324,0.0738271213462646,0.0768465810053323,0.994132432268061,-0.0187692696202621,0.0737758484964557,0.0768475491433406,0.989091833842921,-0.0226545093186374,0.124255836618771,0.0757931692103452,0.969462851041638,-0.0308413014812314,0.232129164817357,0.0728467254882472,0.989091833842921,-0.0226545093186374,0.124255836618771,0.0757931692103452,0.989091833842921,-0.0226545093186374,0.124255836618771,0.0757931692103452,0.989080479345983,-0.0226644141282545,0.124293323514862,0.0758768702476117,0.989080479345983,-0.0226644141282545,0.124293323514862,0.0758768702476117,0.989089654472882,-0.0226563951302794,0.124262990822781,0.0758093152995896,0.989091833842921,-0.0226545093186374,0.124255836618771,0.0757931692103452,0.989080479345983,-0.0226644141282545,0.124293323514862,0.0758768702476117,0.989080479345983,-0.0226644141282545,0.124293323514862,0.0758768702476117,0.989089654472882,-0.0226563951302794,0.124262990822781,0.0758093152995896,0.995640477217511,-0.0205421486675453,0.0427176035793614,0.0803322264016448,0.966084377801626,-0.0557054896731649,0.0987384585056692,0.232009892461168,0.987912269565441,-0.0303792198005369,0.0152211279385238,0.151244067356874,0.988025830307386,-0.0276308707457258,-0.00270069232995656,0.15177022068961,0.993415895529745,0.0451900102899888,-0.0239310102649644,0.10251842871662,0.982130396399829,0.0743015777722125,0.00655332052823113,0.172789507777899,0.992069594822958,0.0273672721949002,-0.0484100585985644,0.112718311142887,0.992069594822958,0.0273672721949002,-0.0484100585985644,0.112718311142887
671,1441,0.989274401383301,-0.0226823680911036,0.123571527466593,0.0745100432496453,0.989274401383301,-0.0226823680911036,0.123571527466593,0.0745100432496453,0.994276179207207,-0.0188662675169733,0.0731344179838396,0.0755665290804225,0.994279949834173,-0.0188623701049882,0.0730831375248066,0.075567502018439,0.989274401383301,-0.0226823680911036,0.123571527466593,0.0745100432496453,0.96971946707571,-0.0307280751307318,0.231469045030037,0.0715683014053319,0.989274401383301,-0.0226823680911036,0.123571527466593,0.0745100432496453,0.989274401383301,-0.0226823680911036,0.123571527466593,0.0745100432496453,0.9892647623037,-0.0226814717001115,0.123607624406782,0.0745783889222105,0.9892647623037,-0.0226814717001115,0.123607624406782,0.0745783889222105,0.989272564691792,-0.0226821086085274,0.123578443449019,0.0745230367867071,0.989274401383301,-0.0226823680911036,0.123571527466593,0.0745100432496453,0.9892647623037,-0.0226814717001115,0.123607624406782,0.0745783889222105,0.9892647623037,-0.0226814717001115,0.123607624406782,0.0745783889222105,0.989272564691792,-0.0226821086085274,0.123578443449019,0.0745230367867071,0.995586056490709,-0.0215173298576889,0.0437509507604407,0.0801951553688324,0.96598150482446,-0.0577923122266186,0.0996926385222959,0.231519240688621,0.987890000713618,-0.0310036683900491,0.016411767348518,0.151138257661344,0.988020649242219,-0.0279751978771254,-0.00334608553950508,0.151728008905023,0.993449692330631,0.0442387528563471,-0.0256367911325156,0.102192937595112,0.982357743004099,0.0700978408897433,0.00968482823568273,0.173106214690673,0.992482615723752,0.0264587868875964,-0.0457122893884633,0.110401887128079,0.992482615723752,0.0264587868875964,-0.0457122893884633,0.110401887128079
672,1442,0.98945082110977,-0.0228647427799514,0.122896660324732,0.0732167127357948,0.98945082110977,-0.0228647427799514,0.122896660324732,0.0732167127357948,0.994418072497749,-0.0191141368390936,0.0724514568772235,0.0742841386779549,0.994421807900418,-0.0191103055667963,0.0724001691008715,0.0742851244016789,0.98945082110977,-0.0228647427799514,0.122896660324732,0.0732167127357948,0.969968935534018,-0.0307673093627472,0.230817634969199,0.0702627651093112,0.98945082110977,-0.0228647427799514,0.122896660324732,0.0732167127357948,0.98945082110977,-0.0228647427799514,0.122896660324732,0.0732167127357948,0.989441575218613,-0.0228555805406688,0.122932215629549,0.0732848007943581,0.989441575218613,-0.0228555805406688,0.122932215629549,0.0732848007943581,0.989449049498531,-0.0228629166906781,0.12290347951903,0.0732297767917101,0.98945082110977,-0.0228647427799514,0.122896660324732,0.0732167127357948,0.989441575218613,-0.0228555805406688,0.122932215629549,0.0732848007943581,0.989441575218613,-0.0228555805406688,0.122932215629549,0.0732848007943581,0.989449049498531,-0.0228629166906781,0.12290347951903,0.0732297767917101,0.995532633427399,-0.0225898012157361,0.0447717642190543,0.0799997861925559,0.965953524282776,-0.0599625856691746,0.100581092640755,0.230698333432958,0.987858162840224,-0.0316312366076232,0.0178021587986955,0.151058922684878,0.988010224618444,-0.028281487533418,-0.0040574372907306,0.151721754257392,0.993467595465443,0.0427654526671964,-0.0275051086328462,0.102160275143406,0.982602822365089,0.0664796100556287,0.0122878118234061,0.172977352874894,0.992627081768991,0.024336428965656,-0.046797576941495,0.109129288261135,0.992627081768991,0.024336428965656,-0.046797576941495,0.109129288261135
673,1443,0.989645308090922,-0.0230776634690832,0.122110937978856,0.0718227293296138,0.989645308090922,-0.0230776634690832,0.122110937978856,0.0718227293296138,0.994572375753848,-0.0193976281205606,0.0716568656012814,0.0729027778815297,0.994576070174813,-0.0193938680923582,0.0716055698677076,0.0729037782283157,0.989645308090922,-0.0230776634690832,0.122110937978856,0.0718227293296138,0.970248536400921,-0.0308258508353173,0.230058024446712,0.0688538301028054,0.989645308090922,-0.0230776634690832,0.122110937978856,0.0718227293296138,0.989645308090922,-0.0230776634690832,0.122110937978856,0.0718227293296138,0.989635189674237,-0.0230665609084104,0.12215201030024,0.0718958378900048,0.989635189674237,-0.0230665609084104,0.12215201030024,0.0718958378900048,0.98964335869418,-0.0230755163079163,0.122118865025317,0.0718368007678068,0.989645308090922,-0.0230776634690832,0.122110937978856,0.0718227293296138,0.989635189674237,-0.0230665609084104,0.12215201030024,0.0718958378900048,0.989635189674237,-0.0230665609084104,0.12215201030024,0.0718958378900048,0.98964335869418,-0.0230755163079163,0.122118865025317,0.0718368007678068,0.995490072254442,-0.0237607789062645,0.0457898325935912,0.0796130181544781,0.965995148466413,-0.0622196190556411,0.101365739705669,0.229580223359605,0.987820780344287,-0.0322830591498517,0.0194223468220763,0.150965832080821,0.987999561760772,-0.0285574122359406,-0.00489771340480808,0.151714707824634,0.993487781903443,0.0405667297352284,-0.0293212742941162,0.10235541275837,0.98283516954695,0.0636985479044231,0.0139552869256146,0.172576865376877,0.99305014167942,0.0218879146470552,-0.0421990174194682,0.107664191966126,0.99305014167942,0.0218879146470552,-0.0421990174194682,0.107664191966126
674,1444,0.989868487671407,-0.0232223589018188,0.121116100938527,0.0703703720013296,0.989868487671407,-0.0232223589018188,0.121116100938527,0.0703703720013296,0.994744706794104,-0.0196159490229076,0.0706519716394527,0.0714596512201192,0.99474834938686,-0.0196122634244965,0.0706006670191436,0.0714606628288498,0.989868487671407,-0.0232223589018188,0.121116100938527,0.0703703720013296,0.970579621892062,-0.0308101689411407,0.229093715233072,0.0673943669633358,0.989868487671407,-0.0232223589018188,0.121116100938527,0.0703703720013296,0.989868487671407,-0.0232223589018188,0.121116100938527,0.0703703720013296,0.989856904550571,-0.0232145709163408,0.121167906443529,0.0704466511540785,0.989856904550571,-0.0232145709163408,0.121167906443529,0.0704466511540785,0.9898662521981,-0.0232208908461732,0.121126130520174,0.070385037421372,0.989868487671407,-0.0232223589018188,0.121116100938527,0.0703703720013296,0.989856904550571,-0.0232145709163408,0.121167906443529,0.0704466511540785,0.989856904550571,-0.0232145709163408,0.121167906443529,0.0704466511540785,0.9898662521981,-0.0232208908461732,0.121126130520174,0.070385037421372,0.995461752519299,-0.0250289044280142,0.0468396060239961,0.078965210832723,0.966050664144526,-0.0644981248836766,0.102077252807447,0.228399519814939,0.987782845290743,-0.0329208275324243,0.0212315532596432,0.150832658300811,0.987994271180579,-0.0287899134256545,-0.00574877542151581,0.151675352580609,0.993521175679876,0.0378846148749976,-0.0307184203625318,0.102648955581057,0.983180962932915,0.0614746259842838,0.0151391794340126,0.17130928092915,0.99349221877984,0.0184986489072138,-0.036779520024262,0.106199237847096,0.99349221877984,0.0184986489072138,-0.036779520024262,0.106199237847096
675,1445,0.99010117104577,-0.0233542745086712,0.120018811817008,0.0689183122689693,0.99010117104577,-0.0233542745086712,0.120018811817008,0.0689183122689693,0.994921322473543,-0.0198214914901564,0.0695442749884306,0.0700161722670926,0.994924907935977,-0.0198178803397233,0.0694929612605403,0.0700171944787132,0.990101171045769,-0.0233542745086712,0.120018811817008,0.0689183122689693,0.970931405274607,-0.0307818172069022,0.228028617387484,0.0659366031371832,0.990101171045769,-0.0233542745086712,0.120018811817008,0.0689183122689693,0.990101171045769,-0.0233542745086712,0.120018811817008,0.0689183122689693,0.990089045551553,-0.0233472913966219,0.120076277231641,0.0689947353748595,0.990089045551553,-0.0233472913966219,0.120076277231641,0.0689947353748595,0.990098838766441,-0.0233529410701601,0.120029887060276,0.0689329807060221,0.990101171045769,-0.0233542745086712,0.120018811817008,0.0689183122689693,0.990089045551553,-0.0233472913966219,0.120076277231641,0.0689947353748595,0.990089045551553,-0.0233472913966219,0.120076277231641,0.0689947353748595,0.990098838766441,-0.0233529410701601,0.120029887060276,0.0689329807060221,0.995443586090127,-0.0263942848869804,0.0479195366605889,0.0780969054672945,0.966096422150501,-0.0667457064605439,0.102793242163336,0.227236139605111,0.987743595030486,-0.0336040268517506,0.0231801090463987,0.15065205740446,0.9879935209428,-0.0290486166399051,-0.00659769309678941,0.151596341948471,0.993577014826587,0.0353146966382132,-0.0315525074298742,0.102771723175816,0.98368694651995,0.0595022634789002,0.016401757558224,0.168968796634601,0.993801367391953,0.0145495700647038,-0.0338284518869408,0.10489417535664,0.993801367391953,0.0145495700647038,-0.0338284518869408,0.10489417535664
676,1446,0.99032301977436,-0.0235903301985099,0.118958118354254,0.0674742832769073,0.99032301977436,-0.0235903301985099,0.118958118354254,0.0674742832769073,0.995088977392417,-0.0201306313177765,0.0684736773476322,0.0685860063376985,0.995092507637942,-0.0201270939285568,0.0684223549742676,0.0685870444952843,0.99032301977436,-0.0235903301985099,0.118958118354254,0.0674742832769073,0.971268400507036,-0.0308578575893116,0.226998703947614,0.0644753845091662,0.99032301977436,-0.0235903301985099,0.118958118354254,0.0674742832769073,0.99032301977436,-0.0235903301985099,0.118958118354254,0.0674742832769073,0.990311407513116,-0.0235781803104691,0.119014036717555,0.067550311818894,0.990311407513116,-0.0235781803104691,0.119014036717555,0.067550311818894,0.990320794547303,-0.0235879567009397,0.11896883803947,0.0674888713893698,0.99032301977436,-0.0235903301985099,0.118958118354254,0.0674742832769073,0.990311407513116,-0.0235781803104691,0.119014036717555,0.067550311818894,0.990311407513116,-0.0235781803104691,0.119014036717555,0.067550311818894,0.990320794547303,-0.0235879567009397,0.11896883803947,0.0674888713893698,0.99543293367967,-0.027853014515812,0.0490292408925366,0.0770299790066837,0.966153613080084,-0.0690014354228777,0.10352200021181,0.225984940458491,0.987687976834822,-0.0343697076998307,0.0252101606740047,0.150517877367962,0.987981926042329,-0.0293830074475127,-0.00740308036975693,0.151570271122236,0.993661710263845,0.0330645536736743,-0.0318464993516231,0.102610629687856,0.984207745472703,0.0573665126323232,0.0177965602128886,0.166515703237064,0.994140806727592,0.0106877351328298,-0.0303029612139652,0.103206391557935,0.994140806727592,0.0106877351328298,-0.0303029612139652,0.103206391557935
677,1447,0.990536393328576,-0.0239143756710514,0.117988797173563,0.0659120616383442,0.990536393328576,-0.0239143756710514,0.117988797173563,0.0659120616383442,0.995252811859012,-0.0205336540671106,0.06749476463828,0.0670422723645708,0.995256291616338,-0.0205301962963162,0.0674434338163612,0.0670433313103383,0.990536393328576,-0.0239143756710514,0.117988797173563,0.0659120616383442,0.971586937061259,-0.0310083752604933,0.226058679326341,0.062887024868867,0.990536393328576,-0.0239143756710514,0.117988797173563,0.0659120616383442,0.990536393328576,-0.0239143756710514,0.117988797173563,0.0659120616383442,0.990525235746676,-0.0238975681064171,0.118040070108856,0.0659939803034205,0.990525235746676,-0.0238975681064171,0.118040070108856,0.0659939803034205,0.990534254990061,-0.0239111119055277,0.11799859969057,0.0659278309198158,0.990536393328576,-0.0239143756710514,0.117988797173563,0.0659120616383442,0.990525235746676,-0.0238975681064171,0.118040070108856,0.0659939803034205,0.990525235746676,-0.0238975681064171,0.118040070108856,0.0659939803034205,0.990534254990061,-0.0239111119055277,0.11799859969057,0.0659278309198158,0.995426876152664,-0.0293430280910373,0.0501741687325138,0.0758081376067152,0.966213707666672,-0.0712656976172437,0.104222465075469,0.224699686768236,0.987634903283684,-0.03510302380115,0.0273287809731868,0.150327021078597,0.987979220861645,-0.0296809879536714,-0.008162328054423,0.151490839658519,0.993793700514223,0.0310075426269721,-0.0314747463263693,0.102087969233277,0.984668394648291,0.0549701241683806,0.0191448600810779,0.164438171852362,0.994435850095927,0.00668244315800695,-0.0266805703127497,0.101689882314898,0.994435850095927,0.00668244315800695,-0.0266805703127497,0.101689882314898
678,1448,0.990738913219385,-0.0242867269061885,0.117150748401417,0.0642048508918428,0.990738913219385,-0.0242867269061885,0.117150748401417,0.0642048508918428,0.995412478282997,-0.0209922888653809,0.066647506304759,0.0653561916734134,0.995415914342278,-0.020988918054551,0.06659616724908,0.0653572742757751,0.990738913219385,-0.0242867269061885,0.117150748401417,0.0642048508918428,0.97188026888784,-0.0311909833771514,0.22524794108857,0.0611492480560948,0.990738913219385,-0.0242867269061885,0.117150748401417,0.0642048508918428,0.990738913219385,-0.0242867269061885,0.117150748401417,0.0642048508918428,0.99072832790528,-0.0242672713688953,0.117195226172889,0.0642943138123549,0.99072832790528,-0.0242672713688953,0.117195226172889,0.0642943138123549,0.990736885617246,-0.0242829712190663,0.117159229164257,0.0642220819333308,0.990738913219385,-0.0242867269061885,0.117150748401417,0.0642048508918428,0.99072832790528,-0.0242672713688953,0.117195226172889,0.0642943138123549,0.99072832790528,-0.0242672713688953,0.117195226172889,0.0642943138123549,0.990736885617246,-0.0242829712190663,0.117159229164257,0.0642220819333308,0.995420797912636,-0.0308603580830202,0.0513932119034363,0.0744567737160795,0.9662460157845,-0.0735773000273551,0.104881046634317,0.223506116153796,0.98757984264567,-0.0357470181961084,0.0295209923702821,0.150122337110491,0.987980809086645,-0.0298817410772363,-0.00890816855862825,0.15139896617752,0.993987347660199,0.0290189876872661,-0.0303378334559233,0.10112698406582,0.985084281788346,0.0524632471041799,0.0203910144290683,0.162606186866852,0.994664178564637,0.00307430394447649,-0.0227577343448097,0.100577363571958,0.994649786077878,0.00313705506540326,-0.0233783157520539,0.100575425891942
679,1449,0.990946295736501,-0.0245196618848199,0.116344959387661,0.0623544350647594,0.990946295736501,-0.0245196618848199,0.116344959387661,0.0623544350647594,0.995578640571536,-0.0213189656177519,0.0658322189094419,0.0635200054800084,0.995582034581683,-0.021315689508839,0.0657808712849324,0.0635211049333523,0.990946295736501,-0.0245196618848199,0.116344959387661,0.0623544350647594,0.972174891067418,-0.0312192913455362,0.224469801503151,0.0592844434828709,0.990946295736501,-0.0245196618848199,0.116344959387661,0.0623544350647594,0.990946295736501,-0.0245196618848199,0.116344959387661,0.0623544350647594,0.990935505533895,-0.024507045026578,0.116387485462635,0.0624514358844919,0.990935505533895,-0.024507045026578,0.116387485462635,0.0624514358844919,0.990944222485852,-0.0245172954924416,0.116353104539389,0.0623731128587718,0.990946295736501,-0.0245196618848199,0.116344959387661,0.0623544350647594,0.990935505533895,-0.024507045026578,0.116387485462635,0.0624514358844919,0.990935505533895,-0.024507045026578,0.116387485462635,0.0624514358844919,0.990944222485852,-0.0245172954924416,0.116353104539389,0.0623731128587718,0.995404489665235,-0.0323752380584292,0.052666185204686,0.0731301500814714,0.966233638287799,-0.0759159432558132,0.105549861250196,0.222460226986237,0.987520784068476,-0.0364576583881876,0.03180902763932,0.149872365492354,0.987984520859673,-0.0301174194656807,-0.00978262481442196,0.151274015740152,0.99423761674128,0.0272046705701909,-0.0283464317080564,0.0997393962544808,0.985514229846252,0.0498542525960611,0.0216597533159597,0.160645919197869,0.994807726089444,-0.000284094005660139,-0.0183493435602527,0.10010399090073,0.994412859867559,0.00124059671060999,-0.0334988720163007,0.100096706356698
680,1450,0.991172938650281,-0.0244624219530302,0.115489366912126,0.0603324268515175,0.991172938650281,-0.0244624219530302,0.115489366912126,0.0603324268515175,0.99576150722911,-0.021364563210016,0.0649662135514291,0.0614977012289649,0.995764856574293,-0.0213613914025392,0.0649148564966191,0.0614988030367204,0.991172938650281,-0.0244624219530302,0.115489366912126,0.0603324268515175,0.972494126701269,-0.0309403348488424,0.223644274941108,0.0572809523056602,0.991172938650281,-0.0244624219530302,0.115489366912126,0.0603324268515175,0.991172938650281,-0.0244624219530302,0.115489366912126,0.0603324268515175,0.991161193046904,-0.0244646562199639,0.115534287568225,0.0604383850709151,0.991161193046904,-0.0244646562199639,0.115534287568225,0.0604383850709151,0.991170675850324,-0.0244629712901783,0.115498007134339,0.0603528352114821,0.991172938650281,-0.0244624219530302,0.115489366912126,0.0603324268515175,0.991161193046904,-0.0244646562199639,0.115534287568225,0.0604383850709151,0.991161193046904,-0.0244646562199639,0.115534287568225,0.0604383850709151,0.991170675850324,-0.0244629712901783,0.115498007134339,0.0603528352114821,0.995371620966901,-0.0338645114418913,0.0539746392000759,0.0719393450188972,0.966173804652091,-0.0783001513613275,0.106213923973203,0.221575873811008,0.987452233747625,-0.0373003894597664,0.0342241188784713,0.149584346440289,0.987986922557211,-0.0304578882426498,-0.0107259079854441,0.151126148622986,0.994527742810867,0.0257619849276159,-0.0256794566525101,0.0979359710124076,0.986013841200289,0.0467829393328588,0.0234113148664923,0.15824023472256,0.994825264549283,0.000345674373456611,-0.0150282520574459,0.10048246197111,0.994311679517132,0.00239539889382437,-0.0353191070282554,0.100454500738829
681,1451,0.991432081808208,-0.0238990152091126,0.114488553246989,0.0581690244794336,0.991432081808208,-0.0238990152091126,0.114488553246989,0.0581690244794336,0.995969451623968,-0.0209118341166351,0.0639535229287452,0.0593084608696995,0.995972748738777,-0.0209087752210822,0.0639021551504311,0.0593095393306051,0.991432081808208,-0.0238990152091126,0.114488553246989,0.0581690244794336,0.97286161460259,-0.0301427449401375,0.222677974878494,0.0551925109442228,0.991432081808208,-0.0238990152091126,0.114488553246989,0.0581690244794336,0.991432081808208,-0.0238990152091126,0.114488553246989,0.0581690244794336,0.991418693630943,-0.0239273010579739,0.114540858067147,0.0582825018031731,0.991418693630943,-0.0239273010579739,0.114540858067147,0.0582825018031731,0.991429498047417,-0.02390465550616,0.114498651295402,0.0581908643870645,0.991432081808208,-0.0238990152091126,0.114488553246989,0.0581690244794336,0.991418693630943,-0.0239273010579739,0.114540858067147,0.0582825018031731,0.991418693630943,-0.0239273010579739,0.114540858067147,0.0582825018031731,0.991429498047417,-0.02390465550616,0.114498651295402,0.0581908643870645,0.995317018074115,-0.0352998149119476,0.0552887130809881,0.0710008084818897,0.966065435868038,-0.0807309113497803,0.106822201325313,0.220882572598533,0.987372389675842,-0.0382727972385717,0.0368616059169418,0.149238664918237,0.987989798246796,-0.0308784992783129,-0.0117971371616959,0.150942056423523,0.994845517666109,0.0247591253179893,-0.0227786448906677,0.0956583244160388,0.986562303027369,0.043257503631216,0.0256867143695711,0.155447107820713,0.994289757960079,-0.00367938064281323,-0.0235925093995872,0.104008330791352,0.994289757960079,-0.00367938064281323,-0.0235925093995872,0.104008330791352
682,1452,0.991715665968229,-0.0226810429291128,0.113369389315239,0.0559731161463186,0.991715665968229,-0.0226810429291128,0.113369389315239,0.0559731161463186,0.996195790577036,-0.0198070374166053,0.0628213928300953,0.0570534898867608,0.996199029301288,-0.019804094823938,0.0627700133797262,0.0570545113701449,0.991715665968229,-0.0226810429291128,0.113369389315239,0.0559731161463186,0.973266393235698,-0.0286909789512144,0.221596724611385,0.0531436465280893,0.991715665968229,-0.0226810429291128,0.113369389315239,0.0559731161463186,0.991715665968229,-0.0226810429291128,0.113369389315239,0.0559731161463186,0.991701013928887,-0.0227433604183258,0.113427985308511,0.05608859668553,0.991701013928887,-0.0227433604183258,0.113427985308511,0.05608859668553,0.991712842441783,-0.022693279943391,0.113380686311579,0.0559952958110307,0.991715665968229,-0.0226810429291128,0.113369389315239,0.0559731161463186,0.991701013928887,-0.0227433604183258,0.113427985308511,0.05608859668553,0.991701013928887,-0.0227433604183258,0.113427985308511,0.05608859668553,0.991712842441783,-0.022693279943391,0.113380686311579,0.0559952958110307,0.995237901091226,-0.0366402756610228,0.0566011205708495,0.0703940592744794,0.965865887004679,-0.0831558203756526,0.107416499369006,0.220567208627269,0.987281765325345,-0.0393599437084668,0.0397900296374345,0.14880276956021,0.987997806780391,-0.0313566197889371,-0.0129947835540115,0.150692507421353,0.995155409400201,0.0242493740993067,-0.0203792395742745,0.093071830280085,0.987031180047095,0.0396241810140136,0.0278202754421023,0.153053605537845,0.99449228478759,-0.00316174775698525,-0.0197279020835138,0.102887845387412,0.994138404388705,-0.00178202889025629,-0.0330594546557831,0.102920987900316
683,1453,0.991964955095066,-0.0210023348775902,0.112431365283747,0.0540704900418571,0.991964955095066,-0.0210023348775902,0.112431365283747,0.0540704900418571,0.996397084802576,-0.0182271950116213,0.06187191150475,0.0550680063710803,0.996400274556518,-0.0182243548235015,0.0618205216737791,0.0550689463758308,0.991964955095066,-0.0210023348775902,0.112431365283747,0.0540704900418571,0.973617190971814,-0.0268134732063798,0.220691752180451,0.0514368896638178,0.991964955095066,-0.0210023348775902,0.112431365283747,0.0540704900418571,0.991964955095066,-0.0210023348775902,0.112431365283747,0.0540704900418571,0.991951950423078,-0.0210893903464903,0.112481218160138,0.0541714059987043,0.991951950423078,-0.0210893903464903,0.112481218160138,0.0541714059987043,0.991962470934235,-0.0210192451321862,0.112440862696064,0.0540897401388157,0.991964955095066,-0.0210023348775902,0.112431365283747,0.0540704900418571,0.991951950423078,-0.0210893903464903,0.112481218160138,0.0541714059987043,0.991951950423078,-0.0210893903464903,0.112481218160138,0.0541714059987043,0.991962470934235,-0.0210192451321862,0.112440862696064,0.0540897401388157,0.995134422858675,-0.0378876863697705,0.0578690531769966,0.0701653500502601,0.965589089050788,-0.0855657374511499,0.108070742531545,0.220537820541491,0.987182170681045,-0.0405830506719039,0.0429747354920135,0.148248271480698,0.988014714419556,-0.0319357787463002,-0.014226387158719,0.150348395517612,0.995423532318448,0.0244320512327147,-0.0191975876959881,0.0903687933187177,0.987286866484105,0.0361297572825518,0.0295819292664221,0.151934832634181,0.994766956124747,-0.000502109253690902,-0.016481727006806,0.100830568596421,0.994345776248563,0.00120372749302823,-0.0333079807172663,0.100824633484594
684,1454,0.99211393638832,-0.0192984595670844,0.112064024550758,0.0527177492301957,0.99211393638832,-0.0192984595670844,0.112064024550758,0.0527177492301957,0.996527204385648,-0.0165942713149741,0.0614974738811684,0.0536304184683023,0.996530374827583,-0.0165915052734432,0.0614460773397038,0.0536312742559926,0.99211393638832,-0.0192984595670844,0.112064024550758,0.0527177492301957,0.973805613526204,-0.0249713424307864,0.220342994985758,0.0502794558718031,0.99211393638832,-0.0192984595670844,0.112064024550758,0.0527177492301957,0.99211393638832,-0.0192984595670844,0.112064024550758,0.0527177492301957,0.9921059671687,-0.01938800871866,0.112084898944219,0.0527904390476888,0.9921059671687,-0.01938800871866,0.112084898944219,0.0527904390476888,0.99211244632866,-0.0193156679155387,0.112067795713609,0.0527314704576935,0.99211393638832,-0.0192984595670844,0.112064024550758,0.0527177492301957,0.9921059671687,-0.01938800871866,0.112084898944219,0.0527904390476888,0.9921059671687,-0.01938800871866,0.112084898944219,0.0527904390476888,0.99211244632866,-0.0193156679155387,0.112067795713609,0.0527314704576935,0.995014424982232,-0.0391078385416263,0.0590135099300213,0.0702444068066561,0.965313480414907,-0.0879563177471053,0.108829346073916,0.220430814839382,0.987049293906862,-0.0420296263096087,0.0463445219953556,0.147713869326016,0.988015768282034,-0.0327120251211253,-0.015458491099525,0.150052657728757,0.995662647388868,0.0247296475050689,-0.0195530401668903,0.0875329409370985,0.98740523485721,0.0328432543560438,0.0310393100625897,0.151620526482138,0.99451136301724,-0.0045547490203465,-0.0194366868385992,0.102706466669307,0.994352698965785,-0.00384254487663531,-0.0263314645457888,0.102735577494862
685,1455,0.992143597859894,-0.0180066893421168,0.112408521328134,0.0518764368223484,0.992143597859894,-0.0180066893421168,0.112408521328134,0.0518764368223485,0.996574335720095,-0.0153469280604558,0.0618400179948694,0.052724542269742,0.996577523828875,-0.0153442087416661,0.0617886190221237,0.0527253337261965,0.992143597859894,-0.0180066893421168,0.112408521328134,0.0518764368223484,0.973797261946576,-0.0235949905365839,0.220688665469942,0.0495850983665973,0.992143597859894,-0.0180066893421168,0.112408521328134,0.0518764368223484,0.992143597859894,-0.0180066893421168,0.112408521328134,0.0518764368223484,0.992141783470554,-0.018075756562317,0.112392347808835,0.0519221404661495,0.992141783470554,-0.018075756562317,0.112392347808835,0.0519221404661495,0.992143298924617,-0.0180197793617599,0.11240511549585,0.051884987820134,0.992143597859894,-0.0180066893421168,0.112408521328134,0.0518764368223484,0.992141783470554,-0.018075756562317,0.112392347808835,0.0519221404661495,0.992141783470554,-0.018075756562317,0.112392347808835,0.0519221404661495,0.992143298924617,-0.0180197793617599,0.11240511549585,0.051884987820134,0.994891881809244,-0.0403227434616704,0.059992692705447,0.0704634422359301,0.965082604853185,-0.0904552431941896,0.109674902443405,0.220010978277223,0.986881101774287,-0.0436153646540078,0.0499261895264226,0.147209940310566,0.988001904488753,-0.0335934374076111,-0.0167083861116375,0.149815044382343,0.995873273079717,0.024539337484651,-0.0207302423780917,0.0848793374871153,0.987501722014432,0.0297932199154082,0.0324137887390496,0.151334263685339,0.994607140397691,-0.00482422983271786,-0.0184028369971259,0.101954395034771,0.994410889636298,-0.00394268762407023,-0.0270001983763431,0.101992289290338
686,1456,0.992074710662346,-0.0172561227149186,0.113344009045587,0.0514113830444654,0.992074710662346,-0.0172561227149186,0.113344009045587,0.0514113830444654,0.996553081388686,-0.0146209665949214,0.0627777978031873,0.0522219437930768,0.996556317864024,-0.0146182731989007,0.0627263999253986,0.0522226978083226,0.992074710662346,-0.0172561227149186,0.113344009045587,0.0514113830444654,0.973626053464772,-0.0227978904051125,0.221610929191038,0.0492052870205384,0.992074710662346,-0.0172561227149186,0.113344009045587,0.0514113830444654,0.992074710662346,-0.0172561227149186,0.113344009045587,0.0514113830444654,0.992078107724157,-0.017297105175097,0.113296430929926,0.0514369231735081,0.992078107724157,-0.017297105175097,0.113296430929926,0.0514369231735081,0.992075404862527,-0.0172637594282145,0.113334621057694,0.0514161195245821,0.992074710662346,-0.0172561227149186,0.113344009045587,0.0514113830444654,0.992078107724157,-0.017297105175097,0.113296430929926,0.0514369231735081,0.992078107724157,-0.017297105175097,0.113296430929926,0.0514369231735081,0.992075404862527,-0.0172637594282145,0.113334621057694,0.0514161195245821,0.994780677775335,-0.0415683004861614,0.0607359794594705,0.0706726277892353,0.964894432215077,-0.0931123830502616,0.110546517081053,0.219290415577824,0.986687365587558,-0.0450870871381677,0.0537791582400125,0.146707188993168,0.987986868866925,-0.0343077729056112,-0.0180583005193589,0.149595526160172,0.996052666533271,0.0240634754899665,-0.0217381971258069,0.0826285993166017,0.987581096111881,0.0269250988127889,0.0338097355764253,0.151048069953339,0.994569122174636,-0.00660198973826626,-0.0192123887158525,0.102076241447759,0.994530093066156,-0.00640450240666247,-0.0211364294339854,0.102088822529836
687,1457,0.991942641683756,-0.0169879509950709,0.114630820000656,0.0511955099243842,0.991942641683756,-0.0169879509950709,0.114630820000656,0.0511955099243842,0.996486582058291,-0.0143641126491675,0.0640696578916833,0.0519927204830704,0.996489885162139,-0.0143614310758115,0.0640182634419173,0.0519934612512321,0.991942641683756,-0.0169879509950709,0.114630820000656,0.0511955099243842,0.973353462041999,-0.0225076329986069,0.222875452249516,0.0490201710750654,0.991942641683756,-0.0169879509950709,0.114630820000656,0.0511955099243842,0.991942641683756,-0.0169879509950709,0.114630820000656,0.0511955099243842,0.991949460993343,-0.0170034094969758,0.114564105841929,0.0512075829651589,0.991949460993343,-0.0170034094969758,0.114564105841929,0.0512075829651589,0.99194397826462,-0.0169907092334944,0.114617859041416,0.0511977164829094,0.991942641683756,-0.0169879509950709,0.114630820000656,0.0511955099243842,0.991949460993343,-0.0170034094969758,0.114564105841929,0.0512075829651589,0.991949460993343,-0.0170034094969758,0.114564105841929,0.0512075829651589,0.99194397826462,-0.0169907092334944,0.114617859041416,0.0511977164829094,0.994701440124632,-0.0428374712817503,0.0611688937968076,0.0706566521981032,0.964732920986009,-0.0959473056786634,0.11145462984245,0.218317134429459,0.986473467445968,-0.0464848784533779,0.0579142332566163,0.146134170154021,0.987971346158042,-0.0348379066156806,-0.0199143053917779,0.149339746464452,0.996212947213619,0.0234769825186508,-0.021767948138645,0.0808378100248172,0.987626949938957,0.0241755638628668,0.0350777388832079,0.150924160097142,0.994581227050211,-0.00762935602892496,-0.0193622133509868,0.10185813870297,0.99447245513223,-0.00712194497952007,-0.0243156017779829,0.101894874224164
688,1458,0.991784736687095,-0.0171197249619912,0.116036618796443,0.0510436498501467,0.991784736687095,-0.0171197249619912,0.116036618796443,0.0510436498501467,0.99640032735961,-0.0145034342363494,0.0654816651045406,0.0518477537425729,0.996403703288652,-0.0145007601395506,0.0654302751015319,0.0518485016965179,0.991784736687095,-0.0171197249619912,0.116036618796443,0.0510436498501467,0.973042123289439,-0.0226219321741318,0.224255406025322,0.048854757777596,0.991784736687095,-0.0171197249619912,0.116036618796443,0.0510436498501467,0.991784736687095,-0.0171197249619912,0.116036618796443,0.0510436498501467,0.991793025570257,-0.0171139100956536,0.115962999283014,0.0510518492194142,0.991793025570257,-0.0171139100956536,0.115962999283014,0.0510518492194142,0.99178633930806,-0.017118434980407,0.116022432387898,0.0510451910422046,0.991784736687095,-0.0171197249619912,0.116036618796443,0.0510436498501467,0.991793025570257,-0.0171139100956536,0.115962999283014,0.0510518492194142,0.991793025570257,-0.0171139100956536,0.115962999283014,0.0510518492194142,0.99178633930806,-0.017118434980407,0.116022432387898,0.0510451910422046,0.994661878195519,-0.0441813345647196,0.0613264037744854,0.0702483447543864,0.964579370555379,-0.0989780377111361,0.112431132935719,0.217138725925689,0.986211565813441,-0.0479505739415243,0.0623371472224465,0.145607589055818,0.98793855315008,-0.0353831136909572,-0.0218308879287566,0.149160526941622,0.996367826122264,0.0226836258603782,-0.0207007898459544,0.0794234567742686,0.98765401239699,0.0215777979712773,0.0362344494487402,0.150867541585274,0.994597679901957,-0.00847293745888426,-0.0193686408099809,0.101629327546914,0.99449126374054,-0.00797665775164285,-0.0242242741258427,0.10166948321858
689,1459,0.991636939306074,-0.0174807407166983,0.117342750318032,0.0508063308602095,0.991636939306074,-0.0174807407166983,0.117342750318032,0.0508063308602095,0.996319101872466,-0.0148760445997741,0.0667936201486498,0.051629089170225,0.996322545466446,-0.0148733817802299,0.0667422343331471,0.051629856342053,0.991636939306074,-0.0174807407166983,0.117342750318032,0.0508063308602095,0.972751776762059,-0.0229547011475004,0.225537405444808,0.0485792264935379,0.991636939306074,-0.0174807407166983,0.117342750318032,0.0508063308602095,0.991636939306074,-0.0174807407166983,0.117342750318032,0.0508063308602095,0.991644793619741,-0.0174624000605405,0.11727376865828,0.0508186093441252,0.991644793619741,-0.0174624000605405,0.11727376865828,0.0508186093441252,0.991638442897402,-0.0174771178272243,0.117329548269336,0.0508087199541911,0.991636939306074,-0.0174807407166983,0.117342750318032,0.0508063308602095,0.991644793619741,-0.0174624000605405,0.11727376865828,0.0508186093441252,0.991644793619741,-0.0174624000605405,0.11727376865828,0.0508186093441252,0.991638442897402,-0.0174771178272243,0.117329548269336,0.0508087199541911,0.994665686094864,-0.0456081447803463,0.061298764995799,0.0693002990261802,0.964419122059455,-0.102201344766557,0.113505962867111,0.215793972407915,0.985912580514004,-0.0494747442785312,0.0669913149125388,0.145054462148127,0.987899869913799,-0.0359531989626928,-0.0237760323391154,0.148982934575935,0.996512129794207,0.0216043222213177,-0.0187381517548286,0.0783945795523148,0.987684760522209,0.0191709683939035,0.0373696881616625,0.150714280045813,0.994623328779255,-0.00905859307744954,-0.0191134263326598,0.101375799248929,0.994503959175624,-0.00850418376286327,-0.0245512607030184,0.101423811999103
690,1460,0.99152350150417,-0.0178891897532645,0.118439439411618,0.0503311240361593,0.99152350150417,-0.0178891897532645,0.118439439411618,0.0503311240361593,0.996261547169585,-0.0153081170062769,0.0678946571866593,0.0511752548649607,0.996265047550255,-0.0153054775929215,0.0678432743381089,0.0511760443217735,0.99152350150417,-0.0178891897532645,0.118439439411618,0.0503311240361592,0.972518583552762,-0.0233084909558731,0.226615002786133,0.0480620370576564,0.99152350150417,-0.0178891897532645,0.118439439411618,0.0503311240361592,0.99152350150417,-0.0178891897532645,0.118439439411618,0.0503311240361592,0.991529608341422,-0.0178678510241791,0.118381160900992,0.0503555004524614,0.991529608341422,-0.0178678510241791,0.118381160900992,0.0503555004524614,0.991524658982189,-0.0178850691783634,0.11842834146039,0.0503359004059756,0.99152350150417,-0.0178891897532645,0.118439439411618,0.0503311240361592,0.991529608341422,-0.0178678510241791,0.118381160900992,0.0503555004524614,0.991529608341422,-0.0178678510241791,0.118381160900992,0.0503555004524614,0.991524658982189,-0.0178850691783634,0.11842834146039,0.0503359004059756,0.994698889469828,-0.0469754106102714,0.0609195931146575,0.0682365976601468,0.964219898380353,-0.105679284116563,0.114757406662745,0.214342282557676,0.985543545474304,-0.0512196389351715,0.0720280438889014,0.144542137298536,0.9878267349101,-0.0366237758415032,-0.0261239531727795,0.148911315589479,0.996611502254492,0.0201683985313707,-0.0162694652692757,0.0780644206702129,0.987737855397557,0.0168878856524926,0.0385639000881076,0.150338132031821,0.994602805622069,-0.00950323869760555,-0.0188646862511152,0.101582828842345,0.994461240938625,-0.0088510573592579,-0.0252479228740528,0.101641730824401
691,1461,0.991450477058847,-0.0182541166616595,0.119182501295076,0.0498825635842429,0.991450477058847,-0.0182541166616595,0.119182501295076,0.0498825635842429,0.996226381371161,-0.0156953692924421,0.0686404700981075,0.0507458205925116,0.996229920217605,-0.0156927520268896,0.0685890890622612,0.0507466300226534,0.991450477058847,-0.0182541166616595,0.119182501295076,0.0498825635842429,0.972364395611204,-0.0236219482757421,0.227345550259566,0.0475761125407665,0.991450477058847,-0.0182541166616595,0.119182501295076,0.0498825635842429,0.991450477058847,-0.0182541166616595,0.119182501295076,0.0498825635842429,0.991454457671647,-0.0182348038192667,0.119142437159384,0.0499062116415889,0.991454457671647,-0.0182348038192667,0.119142437159384,0.0499062116415889,0.991451223373484,-0.0182504262690284,0.119174960235957,0.0498870971793225,0.991450477058847,-0.0182541166616595,0.119182501295076,0.0498825635842429,0.991454457671647,-0.0182348038192667,0.119142437159384,0.0499062116415889,0.991454457671647,-0.0182348038192667,0.119142437159384,0.0499062116415889,0.991451223373484,-0.0182504262690284,0.119174960235957,0.0498870971793225,0.994792938758311,-0.0485548142299222,0.060534723661732,0.0660680425235874,0.963989088750983,-0.10923048639194,0.116073645622868,0.212886463645408,0.985122856432998,-0.0530056169262997,0.0771793430078506,0.144106597074629,0.987738796207553,-0.0373516637886025,-0.0282092842923554,0.148933407798218,0.996660978964802,0.0182667531594107,-0.0138229790833215,0.0783718315927242,0.98778464128637,0.0146544985045987,0.0396840720973966,0.149973072696751,0.994627759548971,-0.00981008815943323,-0.0184217813311216,0.101390433855898,0.994447723957331,-0.00899544945354434,-0.0264095893360972,0.101465953877701
692,1462,0.991416411894137,-0.0184841674988468,0.119616896720952,0.0494331042690989,0.991416411894137,-0.0184841674988468,0.119616896720952,0.0494331042690989,0.996214437299073,-0.0159479654901452,0.069076035432599,0.0503086338766038,0.996217998610064,-0.0159453707724112,0.0690246550121958,0.0503094563351202,0.991416411894137,-0.0184841674988468,0.119616896720952,0.0494331042690989,0.972282829936784,-0.0238012466508633,0.22777357696694,0.0471041070785744,0.991416411894137,-0.0184841674988468,0.119616896720952,0.0494331042690989,0.991416411894137,-0.0184841674988468,0.119616896720952,0.0494331042690989,0.991418326252272,-0.018471699538824,0.119593175197019,0.0494567602415176,0.991418326252272,-0.018471699538824,0.119593175197019,0.0494567602415176,0.991416762252986,-0.0184818301282087,0.119612477626513,0.0494376443104369,0.991416411894137,-0.0184841674988468,0.119616896720952,0.0494331042690989,0.991418326252272,-0.018471699538824,0.119593175197019,0.0494567602415176,0.991418326252272,-0.018471699538824,0.119593175197019,0.0494567602415176,0.991416762252986,-0.0184818301282087,0.119612477626513,0.0494376443104369,0.994908626411724,-0.0502777702424127,0.0600429736621923,0.0634335260315111,0.963720836071426,-0.112853196889719,0.117506972259139,0.21142000270564,0.984655757010333,-0.0548489265210224,0.0825114027726802,0.143654111874271,0.987642212078713,-0.0381116975100056,-0.0302977279902744,0.148971162013995,0.996642464343928,0.0157011967863798,-0.0118232478102209,0.0794825861252336,0.987822944656657,0.0124321251443683,0.0407573476327119,0.149633254620062,0.994657522761672,-0.0100010764820655,-0.0179154171162656,0.10117029560284,0.994429279642649,-0.00899121939835455,-0.0278380593115986,0.101265039460303
693,1463,0.991400375491746,-0.018609137503917,0.119898830666599,0.0490231157819291,0.991400375491746,-0.018609137503917,0.119898830666599,0.0490231157819291,0.996212750214116,-0.0160936106446703,0.06935842004559,0.0499055265078515,0.996216326089257,-0.0160910367172354,0.0693070397118236,0.049906356478636,0.991400375491746,-0.018609137503917,0.119898830666599,0.0490231157819291,0.972235927733209,-0.0238804346104687,0.228052044378336,0.0466828739734739,0.991400375491746,-0.018609137503917,0.119898830666599,0.0490231157819291,0.991400375491746,-0.018609137503917,0.119898830666599,0.0490231157819291,0.991401280109655,-0.0186022657382114,0.119883548748583,0.0490447983560787,0.991401280109655,-0.0186022657382114,0.119883548748583,0.0490447983560787,0.991400540685882,-0.0186078644550021,0.119895967296496,0.0490272611329949,0.991400375491746,-0.018609137503917,0.119898830666599,0.0490231157819291,0.991401280109655,-0.0186022657382114,0.119883548748583,0.0490447983560787,0.991401280109655,-0.0186022657382114,0.119883548748583,0.0490447983560787,0.991400540685882,-0.0186078644550021,0.119895967296496,0.0490272611329949,0.995021697152509,-0.0520860593330771,0.0595173969672474,0.0606345122610522,0.96339640368601,-0.116600474174786,0.119065332312643,0.209988441177981,0.984136119818792,-0.0567373897263752,0.0879398717790012,0.143260410534604,0.987528173315307,-0.0389035183605868,-0.032333114434393,0.149094576959302,0.996569194363791,0.0124324672742144,-0.0103723050388322,0.0811645852004562,0.987859914200868,0.0102638577864174,0.041823853813278,0.14925886369191,0.994686076944772,-0.0101773874324484,-0.0173792444960245,0.100965295909128,0.994402948372818,-0.00895488993767111,-0.0294143855023208,0.101081057271737
694,1464,0.991380752109948,-0.0187265987588064,0.120193414244214,0.0486524615734762,0.991380752109948,-0.0187265987588064,0.120193414244214,0.0486524615734762,0.996208123671376,-0.016229757685399,0.0696536202427721,0.0495413209725492,0.996211714771642,-0.0162272025418914,0.0696022401472297,0.0495421579656795,0.991380752109948,-0.0187265987588064,0.120193414244214,0.0486524615734762,0.972184071028024,-0.0239564790434695,0.228342690973777,0.0463015618534808,0.991380752109948,-0.0187265987588064,0.120193414244214,0.0486524615734762,0.991380752109948,-0.0187265987588064,0.120193414244214,0.0486524615734762,0.991381784768904,-0.0187203822257293,0.12017792172757,0.0486720787206328,0.991381784768904,-0.0187203822257293,0.12017792172757,0.0486720787206328,0.991380951190352,-0.0187254114382862,0.120190439919452,0.0486562096278507,0.991380752109948,-0.0187265987588064,0.120193414244214,0.0486524615734762,0.991381784768904,-0.0187203822257293,0.12017792172757,0.0486720787206328,0.991381784768904,-0.0187203822257293,0.12017792172757,0.0486720787206328,0.991380951190352,-0.0187254114382862,0.120190439919452,0.0486562096278507,0.995114554391504,-0.0538613756622804,0.0590093398593071,0.0579989108461006,0.96302274842547,-0.120425807855766,0.120691193317447,0.208610753972443,0.983549341173551,-0.0587532475566375,0.093570361102279,0.142910240717074,0.987385089472375,-0.0397535372902019,-0.0345746162287706,0.149314893005286,0.99646400435569,0.00882377255316934,-0.00943699052861562,0.0830215169164996,0.987920001848197,0.00817953575243305,0.0428555973244673,0.148696210177315,0.994717860412257,-0.0103489653531583,-0.0167885184662824,0.100734416862804,0.994372714397883,-0.00889649437701653,-0.0311188212568474,0.100873069807406
695,1465,0.991348361139449,-0.0189151644144169,0.120579801007815,0.0482820361026621,0.99134836113945,-0.0189151644144169,0.120579801007815,0.0482820361026621,0.99619541170874,-0.0164369056136589,0.07004115386978,0.0491809575841185,0.996199022796291,-0.0164343690558234,0.0699897744293489,0.0491818052615008,0.991348361139449,-0.0189151644144169,0.120579801007815,0.0482820361026621,0.972109441871267,-0.0241032228994961,0.228723183279898,0.0459126681962658,0.991348361139449,-0.0189151644144169,0.120579801007815,0.0482820361026621,0.991348361139449,-0.0189151644144169,0.120579801007815,0.0482820361026621,0.991350040625114,-0.0189054254628555,0.12055970805267,0.0483015386391418,0.991350040625114,-0.0189054254628555,0.12055970805267,0.0483015386391418,0.991348688652848,-0.0189132669153256,0.120575907592896,0.0482857779166713,0.991348361139449,-0.0189151644144169,0.120579801007815,0.0482820361026621,0.991350040625114,-0.0189054254628555,0.12055970805267,0.0483015386391418,0.991350040625114,-0.0189054254628555,0.12055970805267,0.0483015386391418,0.991348688652848,-0.0189132669153256,0.120575907592896,0.0482857779166713,0.995182185030682,-0.0554735726370535,0.058545004832166,0.0557457060735665,0.962599777958279,-0.124310282935893,0.122376000601059,0.207298662581212,0.982893423867659,-0.0608984043629636,0.0993147346982181,0.14264811648101,0.987213239141922,-0.0407050074386212,-0.0367820564049944,0.149666974175857,0.996344354804001,0.00556929135662129,-0.00874541772249323,0.0847963873808528,0.987997004466807,0.00616119087864156,0.0439058895678798,0.147973753594431,0.994749416829393,-0.0105714308830063,-0.0162383202095339,0.100489599080913,0.994340060375421,-0.00889345378075775,-0.0328318390932769,0.100651980378959
696,1466,0.991299074948363,-0.0191932603657438,0.121083111956565,0.0479233008250251,0.991299074948363,-0.0191932603657438,0.121083111956565,0.0479233008250251,0.996171768740941,-0.0167328740126207,0.0705463192385821,0.0488368194368844,0.996175405882716,-0.016730355203513,0.0704949410168787,0.0488376823794636,0.991299074948363,-0.0191932603657438,0.121083111956565,0.0479233008250251,0.97200517873749,-0.0243402393487143,0.229218037034758,0.0455255615438227,0.991299074948363,-0.0191932603657438,0.121083111956565,0.0479233008250251,0.991299074948363,-0.0191932603657438,0.121083111956565,0.0479233008250251,0.991301635062053,-0.0191788688484394,0.121056943204126,0.0479422132892021,0.991301635062053,-0.0191788688484394,0.121056943204126,0.0479422132892021,0.991299573389269,-0.0191904604756265,0.121078040193934,0.047926925707601,0.991299074948363,-0.0191932603657438,0.121083111956565,0.0479233008250251,0.991301635062053,-0.0191788688484394,0.121056943204126,0.0479422132892021,0.991301635062053,-0.0191788688484394,0.121056943204126,0.0479422132892021,0.991299573389269,-0.0191904604756265,0.121078040193934,0.047926925707601,0.995223955016191,-0.0568641275293528,0.0581074808064596,0.0540302788867862,0.962127754317755,-0.128201824405003,0.124099570861465,0.206091661895145,0.982172551025885,-0.0631307391864691,0.105227361528316,0.142403624135294,0.987021288384382,-0.0417013628726347,-0.039047328704257,0.15008423878496,0.996235571917033,0.00310374207863254,-0.00809418694473713,0.0862527458690707,0.988078851172825,0.00422623361848885,0.0449261029066108,0.14718684755105,0.994776885936389,-0.0108788081763768,-0.0157491719118302,0.100262467172193,0.994306981963516,-0.00899776735994529,-0.0343906212187296,0.100448747992843
697,1467,0.991236117720163,-0.019543480647321,0.121665891917055,0.0476069536441351,0.991236117720163,-0.019543480647321,0.121665891917055,0.0476069536441351,0.996138511218541,-0.0170987192657158,0.0711315457179345,0.0485386801485092,0.996142178543749,-0.0170962158328256,0.0710801692107284,0.0485395619601628,0.991236117720163,-0.019543480647321,0.121665891917055,0.0476069536441351,0.971878599743278,-0.0246535990440552,0.229790377714035,0.0451726656869174,0.991236117720163,-0.019543480647321,0.121665891917055,0.0476069536441351,0.991236117720163,-0.019543480647321,0.121665891917055,0.0476069536441351,0.991239408194186,-0.019525250343484,0.121635446271104,0.0476237173296409,0.991239408194186,-0.019525250343484,0.121635446271104,0.0476237173296409,0.99123675510608,-0.0195399505010454,0.121660013746515,0.047610153500956,0.991236117720163,-0.019543480647321,0.121665891917055,0.0476069536441351,0.991239408194186,-0.019525250343484,0.121635446271104,0.0476237173296409,0.991239408194186,-0.019525250343484,0.121635446271104,0.0476237173296409,0.99123675510608,-0.0195399505010454,0.121660013746515,0.047610153500956,0.995242661665105,-0.0579975628963499,0.0576222426603547,0.0529906053054051,0.961606764981464,-0.132111546695631,0.125854825867725,0.204986661949932,0.981386444073114,-0.0655078556734911,0.111242173648242,0.14217787112137,0.98680559112662,-0.0428126284113793,-0.041338833192274,0.150575247102746,0.996157642163327,0.00145630241696333,-0.00732426241892895,0.0872593050791164,0.988150989899795,0.00236121657591224,0.0459263591196728,0.146433655128688,0.994797411833709,-0.0112711885675202,-0.0153795632324871,0.100072667357325,0.994274273897718,-0.00922068737649971,-0.0357363935146095,0.100282388124931
698,1468,0.991166078976686,-0.0199411446431425,0.122262428436274,0.0473714389602881,0.991166078976686,-0.0199411446431425,0.122262428436274,0.0473714389602881,0.996098880475283,-0.0175078388103764,0.0717308708788769,0.0483236801065162,0.996102578711082,-0.017505346465692,0.071679496414852,0.0483245830190299,0.991166078976686,-0.0199411446431425,0.122262428436274,0.0473714389602881,0.971743471283531,-0.0250229927337345,0.230375614028455,0.0448949029790075,0.991166078976686,-0.0199411446431425,0.122262428436274,0.0473714389602881,0.991166078976686,-0.0199411446431425,0.122262428436274,0.0473714389602881,0.991169760388239,-0.019920350226747,0.122231081168856,0.0473840535946164,0.991169760388239,-0.019920350226747,0.122231081168856,0.0473840535946164,0.991166788612339,-0.0199371327591574,0.122256404643339,0.0473738262433006,0.991166078976686,-0.0199411446431425,0.122262428436274,0.0473714389602881,0.991169760388239,-0.019920350226747,0.122231081168856,0.0473840535946164,0.991169760388239,-0.019920350226747,0.122231081168856,0.0473840535946164,0.991166788612339,-0.0199371327591574,0.122256404643339,0.0473738262433006,0.995237937552105,-0.0588974164473694,0.0570478849484838,0.0527075024618137,0.961046230777633,-0.135966393534142,0.127641279037638,0.203987710470657,0.980514651222751,-0.068072359150101,0.117405785831127,0.142031877093286,0.986552350598961,-0.0440586944384316,-0.0436756148985013,0.151214191249643,0.996118621816909,0.000532662618069818,-0.00635549560712604,0.0877896076748581,0.988204169617922,0.00052247704910634,0.0468888367901591,0.145786429930743,0.994815169161782,-0.0117377951298373,-0.0150679602804676,0.0998897389329478,0.994243607523862,-0.00953929865737389,-0.0369311943935498,0.100123611399749
699,1469,0.99108202745107,-0.0204003289886743,0.122881270857083,0.0473332305381646,0.99108202745107,-0.0204003289886743,0.122881270857083,0.0473332305381646,0.996046388700724,-0.0179683716006033,0.072353185280409,0.0483088579667105,0.996050119032813,-0.0179658800197668,0.0723018135228495,0.0483097846314856,0.99108202745107,-0.0204003289886743,0.122881270857083,0.0473332305381645,0.971591965103831,-0.0254752033923088,0.230981482395564,0.0448064967180617,0.99108202745107,-0.0204003289886743,0.122881270857083,0.0473332305381645,0.99108202745107,-0.0204003289886743,0.122881270857083,0.0473332305381645,0.991086429713803,-0.0203763303693566,0.122848763305191,0.0473357724370451,0.991086429713803,-0.0203763303693566,0.122848763305191,0.0473357724370451,0.991082878074185,-0.020395697087892,0.122875022567683,0.0473336366390801,0.99108202745107,-0.0204003289886743,0.122881270857083,0.0473332305381645,0.991086429713803,-0.0203763303693566,0.122848763305191,0.0473357724370451,0.991086429713803,-0.0203763303693566,0.122848763305191,0.0473357724370451,0.991082878074185,-0.020395697087892,0.122875022567683,0.0473336366390801,0.995212314380338,-0.0595619620332312,0.0563572196800651,0.0531853906107349,0.960435521063402,-0.139720204697767,0.129484025454762,0.203164370476017,0.979556643974093,-0.0708404766083009,0.123689930193948,0.141954955139785,0.986352170345247,-0.0457681358916291,-0.0440433155018023,0.151904114993093,0.996122474477836,3.99264250976964e-05,-0.00518506523869403,0.0878244233940917,0.988229312129921,-0.0012547504960743,0.0477997236985894,0.14531496365741,0.994826363278401,-0.012247029083725,-0.0147664692472883,0.0997620598768116,0.994227290078236,-0.00995916396159373,-0.0375451375206646,0.100016365487995
700,1470,0.990970741554662,-0.0210041317881186,0.123578519657902,0.0475832461018784,0.990970741554662,-0.0210041317881186,0.123578519657902,0.0475832461018784,0.995970682560151,-0.0185586876851223,0.0730551888567979,0.0485892372153615,0.995974449098577,-0.0185561816427807,0.0730038210028923,0.0485901943256529,0.990970741554662,-0.0210041317881186,0.123578519657902,0.0475832461018784,0.971404778473593,-0.0261028113256366,0.231662291918444,0.0449886886079468,0.990970741554662,-0.0210041317881186,0.123578519657902,0.0475832461018784,0.990970741554662,-0.0210041317881186,0.123578519657902,0.0475832461018784,0.990976549529877,-0.0209727422114547,0.123542034773016,0.0475708735481551,0.990976549529877,-0.0209727422114547,0.123542034773016,0.0475708735481551,0.990971867530925,-0.0209980475378934,0.123571485260897,0.0475807502282597,0.990970741554662,-0.0210041317881186,0.123578519657902,0.0475832461018784,0.990976549529877,-0.0209727422114547,0.123542034773016,0.0475708735481551,0.990976549529877,-0.0209727422114547,0.123542034773016,0.0475708735481551,0.990971867530925,-0.0209980475378934,0.123571485260897,0.0475807502282597,0.995166115395283,-0.0600043112042258,0.0555807020084433,0.0543568852144482,0.959741420246159,-0.143425164165346,0.131436242629838,0.202608347980483,0.978482809821827,-0.0740105934435594,0.130169666613825,0.141949571450433,0.986110029664684,-0.0478421301562412,-0.0442691836144174,0.152769039268245,0.996160878721857,-0.000388897409599047,-0.00397696409540422,0.0874501927927393,0.98822692046472,-0.00297671222290417,0.0486948303967646,0.145008642314136,0.994835791270034,-0.0127703694064368,-0.0144903671470428,0.0996428388460201,0.994221720793731,-0.0104283776838341,-0.0378337446452511,0.0999150969921667
701,1471,0.990833464484249,-0.0217758584369871,0.124327971592753,0.0481395173127543,0.990833464484249,-0.0217758584369871,0.124327971592753,0.0481395173127543,0.995871671928773,-0.0193011459274301,0.0738106490421066,0.049184010650421,0.995875477430621,-0.0192986092083214,0.073759286293726,0.0491850060526291,0.990833464484249,-0.0217758584369871,0.124327971592753,0.0481395173127543,0.971186024786099,-0.0269309612481709,0.232392134381528,0.0454568417735129,0.990833464484249,-0.0217758584369871,0.124327971592753,0.0481395173127543,0.990833464484249,-0.0217758584369871,0.124327971592753,0.0481395173127543,0.990840656543587,-0.0217357034458411,0.124288679484991,0.0481110869536887,0.990840656543587,-0.0217357034458411,0.124288679484991,0.0481110869536887,0.990834855914367,-0.0217680804886575,0.124320407655983,0.0481339299999988,0.990833464484249,-0.0217758584369871,0.124327971592753,0.0481395173127543,0.990840656543587,-0.0217357034458411,0.124288679484991,0.0481110869536887,0.990840656543587,-0.0217357034458411,0.124288679484991,0.0481110869536887,0.990834855914367,-0.0217680804886575,0.124320407655983,0.0481339299999988,0.99510333990448,-0.0602815371136663,0.0547082700243307,0.056057866398103,0.958952418866146,-0.147027297978576,0.133585283599013,0.202356625801227,0.977300815842087,-0.0775030943442725,0.136778639512192,0.142014046821605,0.985814838486164,-0.0501618286999728,-0.0446585388577833,0.153813231124831,0.996219274319647,-0.0010422490144164,-0.00283849373115127,0.0868217377409947,0.988196258482954,-0.00461245120680749,0.0495625750749165,0.144880748086486,0.994843960093811,-0.0132611458906821,-0.0141968091848853,0.0995393775522996,0.994216975629652,-0.0108691554835236,-0.0380612624067302,0.0998288892701315
702,1472,0.990663660067556,-0.0227617655919605,0.125180334342424,0.0489622154585577,0.990663660067556,-0.0227617655919605,0.125180334342424,0.0489622154585577,0.995745406173131,-0.0202439674022881,0.0746705401723707,0.050055751910132,0.995749256024522,-0.0202413857213722,0.0746191839350749,0.0500567959377367,0.990663660067556,-0.0227617655919605,0.125180334342424,0.0489622154585577,0.970923638540864,-0.0280012559134536,0.233220692922167,0.0461662883795402,0.990663660067556,-0.0227617655919605,0.125180334342424,0.0489622154585577,0.990663660067556,-0.0227617655919605,0.125180334342424,0.0489622154585577,0.990672571153384,-0.0227104638699335,0.125135759320845,0.0489196620424975,0.990672571153384,-0.0227104638699335,0.125135759320845,0.0489196620424975,0.990665384002989,-0.0227518290120532,0.125171736585381,0.0489539331925119,0.990663660067556,-0.0227617655919605,0.125180334342424,0.0489622154585577,0.990672571153384,-0.0227104638699335,0.125135759320845,0.0489196620424975,0.990672571153384,-0.0227104638699335,0.125135759320845,0.0489196620424975,0.990665384002989,-0.0227518290120532,0.125171736585381,0.0489539331925119,0.995031583765124,-0.0604480460145099,0.0537242325544131,0.0580679591456033,0.958073203559099,-0.150584778968921,0.135961419604497,0.202322646641486,0.975998441059969,-0.0814000668003858,0.143486504122071,0.142171358958941,0.98545086496656,-0.0527966174164336,-0.0452540225098128,0.155084439492562,0.996270162970282,-0.0021343584708086,-0.00185804973325315,0.0862424172914636,0.988143545509594,-0.00616525418557118,0.0503796413633634,0.144900706846639,0.99484843724737,-0.0137741229805285,-0.0139451004505477,0.0994605178752292,0.994211949359578,-0.0113430892189395,-0.0382162095286292,0.0997670056023667
703,1473,0.990475887232596,-0.0239439534004795,0.126036368570428,0.0499903761131725,0.990475887232596,-0.0239439534004795,0.126036368570428,0.0499903761131725,0.995601381813577,-0.0213723737548719,0.075535011236617,0.0511426656370476,0.995605276250749,-0.021369736014259,0.07548366242631,0.0511437678614088,0.990475887232596,-0.0239439534004795,0.126036368570428,0.0499903761131725,0.970642989352857,-0.0292892084521827,0.234050927389251,0.0470583985769318,0.990475887232596,-0.0239439534004795,0.126036368570428,0.0499903761131725,0.990475887232596,-0.0239439534004795,0.126036368570428,0.0499903761131725,0.990485804184272,-0.0238822808882953,0.125991348611396,0.0499368445548052,0.990485804184272,-0.0238822808882953,0.125991348611396,0.0499368445548052,0.99047779827718,-0.0239320325387017,0.126027724291477,0.0499800124896676,0.990475887232596,-0.0239439534004795,0.126036368570428,0.0499903761131725,0.990485804184272,-0.0238822808882953,0.125991348611396,0.0499368445548052,0.990485804184272,-0.0238822808882953,0.125991348611396,0.0499368445548052,0.99047779827718,-0.0239320325387017,0.126027724291477,0.0499800124896676,0.994958989172328,-0.0605477029537978,0.0525659732402378,0.0602279336313766,0.957131670987872,-0.154099567278265,0.138514475367582,0.202400661733747,0.974575895326897,-0.0855748487859258,0.150390001073943,0.142343307113557,0.98503648055592,-0.0556214792962806,-0.0460267329847282,0.15649575989672,0.996286070405045,-0.00370855574473524,-0.00107869397208517,0.0860183059033216,0.988072172098672,-0.00763653348858436,0.051196243517785,0.14503106815492,0.994851574619246,-0.0142225389731781,-0.0137232872204365,0.0993968573478572,0.994206278768432,-0.0117557870649486,-0.0383648197174493,0.0997186910060366
704,1474,0.990294522603689,-0.0252564385848284,0.126746188782975,0.0511299759449658,0.990294522603689,-0.0252564385848284,0.126746188782975,0.0511299759449659,0.995456326414025,-0.0226252454802643,0.0762531315564934,0.0523474965693659,0.995460257888856,-0.0226225455981416,0.0762017902265463,0.0523486634096994,0.990294522603689,-0.0252564385848284,0.126746188782975,0.0511299759449658,0.970384767255501,-0.0307189087935219,0.234736536032134,0.0480469642397652,0.990294522603689,-0.0252564385848284,0.126746188782975,0.0511299759449658,0.990294522603689,-0.0252564385848284,0.126746188782975,0.0511299759449658,0.990304178844135,-0.0251877330055677,0.126708458544603,0.0510703240946688,0.990304178844135,-0.0251877330055677,0.126708458544603,0.0510703240946688,0.99029637313726,-0.0252431949697151,0.126739006408805,0.0511184772212435,0.990294522603689,-0.0252564385848284,0.126746188782975,0.0511299759449658,0.990304178844135,-0.0251877330055677,0.126708458544603,0.0510703240946688,0.990304178844135,-0.0251877330055677,0.126708458544603,0.0510703240946688,0.99029637313726,-0.0252431949697151,0.126739006408805,0.0511184772212435,0.994888146165381,-0.0605673027134047,0.0511547429435054,0.0625489467218866,0.956139834060821,-0.157639343564025,0.141227160091336,0.202487886885575,0.973034408926205,-0.0900861151468917,0.157311591906774,0.142623959961612,0.984547366182454,-0.0586936580623023,-0.0470040598863814,0.158152320882926,0.996247871103808,-0.00567747386215894,-0.000345122535972812,0.0863587083165962,0.988000659303456,-0.00900165840807875,0.0520086740149412,0.145150835991558,0.994853646144208,-0.0146806960890016,-0.0135310283757281,0.0993358504620313,0.994199559176648,-0.0121800883671354,-0.0385240510368142,0.0996733639045127
705,1475,0.990143493406072,-0.0266365669792158,0.127193862111622,0.0522309985191775,0.990143493406072,-0.0266365669792158,0.127193862111622,0.0522309985191775,0.995328244278048,-0.0239476335938692,0.0767079020416378,0.0535172378958627,0.995332199208097,-0.0239448733799108,0.0766565673169952,0.0535184729375625,0.990143493406072,-0.0266365669792158,0.127193862111622,0.0522309985191775,0.970185486825804,-0.0322116065165428,0.235164914997601,0.0489897572189534,0.990143493406072,-0.0266365669792158,0.127193862111622,0.0522309985191775,0.990143493406072,-0.0266365669792158,0.127193862111622,0.0522309985191775,0.990151614873419,-0.0265641275814542,0.127169603118804,0.0521729693615598,0.990151614873419,-0.0265641275814542,0.127169603118804,0.0521729693615598,0.990145038914719,-0.0266226337007442,0.127189315698637,0.0522198741813697,0.990143493406072,-0.0266365669792158,0.127193862111622,0.0522309985191775,0.990151614873419,-0.0265641275814542,0.127169603118804,0.0521729693615598,0.990151614873419,-0.0265641275814542,0.127169603118804,0.0521729693615598,0.990145038914719,-0.0266226337007442,0.127189315698637,0.0522198741813697,0.994826021324753,-0.0604507980494437,0.0493131388918042,0.0650776662380045,0.955095255789418,-0.161233538861126,0.144086603979053,0.202573070442859,0.971341635245377,-0.0947036249536376,0.164652418159351,0.142885381525746,0.984005478877977,-0.0616999952692679,-0.0484583192548699,0.159931608560939,0.996149186268622,-0.00782783218803578,0.000437919744703898,0.0873231467933627,0.987941757567534,-0.010275424756804,0.0528084767572846,0.145178387107084,0.994852265840626,-0.0151147092467866,-0.013400406546102,0.0993022850721964,0.994190099555595,-0.0125854296585943,-0.0386865311117714,0.0996544289857866
706,1476,0.990031171576852,-0.0280196526281543,0.127346058920746,0.0532556067481828,0.990031171576852,-0.0280196526281543,0.127346058920746,0.0532556067481828,0.995223802627629,-0.0252768587099575,0.076865610645349,0.0546108139224858,0.995227765691728,-0.0252740420924231,0.0768142813071344,0.0546121175182757,0.990031171576852,-0.0280196526281543,0.127346058920746,0.0532556067481828,0.970057129717596,-0.0336988515614375,0.235303855685664,0.0498562732959427,0.990031171576852,-0.0280196526281543,0.127346058920746,0.0532556067481828,0.990031171576852,-0.0280196526281543,0.127346058920746,0.0532556067481828,0.990037272192292,-0.0279468785556512,0.127337246216297,0.0532014790686506,0.990037272192292,-0.0279468785556512,0.127337246216297,0.0532014790686506,0.990032325256319,-0.0280056828564343,0.127344493417858,0.0532452502244036,0.990031171576852,-0.0280196526281543,0.127346058920746,0.0532556067481828,0.990037272192292,-0.0279468785556512,0.127337246216297,0.0532014790686506,0.990037272192292,-0.0279468785556512,0.127337246216297,0.0532014790686506,0.990032325256319,-0.0280056828564343,0.127344493417858,0.0532452502244036,0.994778284412143,-0.0601937470361255,0.0470241730931786,0.06768755295243,0.954005667186342,-0.1649034042704,0.147104950636779,0.202583779544478,0.969491045819247,-0.0994639944218662,0.172315973977419,0.143182509414261,0.983418149656225,-0.0647458931031604,-0.0499442262750002,0.161871203476072,0.995997179399748,-0.00992613887985222,0.00133463885683297,0.0888217829915929,0.987901739029944,-0.0114685521563089,0.0535918842920154,0.145074243996245,0.994845145166785,-0.0155667557326248,-0.0133743779932693,0.0993072971504852,0.994178587239342,-0.0130241903729268,-0.0387901214668473,0.0996726322342483
707,1477,0.989948935631196,-0.0294350615685545,0.127280081300969,0.0541706830041441,0.989948935631196,-0.0294350615685545,0.127280081300969,0.0541706830041441,0.995138319806525,-0.0266439320370357,0.0768038977263995,0.0555966422752839,0.995142279687858,-0.0266410645730227,0.0767525727970923,0.0555980163773501,0.989948935631196,-0.0294350615685545,0.127280081300969,0.0541706830041441,0.969982637056403,-0.0352061952611699,0.235229245763417,0.0506103701025041,0.989948935631196,-0.0294350615685545,0.127280081300969,0.0541706830041441,0.989948935631196,-0.0294350615685545,0.127280081300969,0.0541706830041441,0.98995342687757,-0.0293606545914343,0.12728294911608,0.0541222268539637,0.98995342687757,-0.0293606545914343,0.12728294911608,0.0541222268539637,0.989949783790774,-0.0294207681985925,0.127280727256268,0.0541614294523346,0.989948935631196,-0.0294350615685545,0.127280081300969,0.0541706830041441,0.98995342687757,-0.0293606545914343,0.12728294911608,0.0541222268539637,0.98995342687757,-0.0293606545914343,0.12728294911608,0.0541222268539637,0.989949783790774,-0.0294207681985925,0.127280727256268,0.0541614294523346,0.994751295483853,-0.0598661759084837,0.0442288214492054,0.0702119111583272,0.95290291827607,-0.168689055266058,0.150230013240628,0.202363470261102,0.967437313385848,-0.104523153734304,0.180275612665723,0.143668571650894,0.982744479469061,-0.0679452527721193,-0.0514542508089577,0.164162086891297,0.995809058997093,-0.0118589979375617,0.00229792349491954,0.090655401024166,0.98787418780273,-0.0126298515353658,0.0543711111513211,0.144875319483555,0.994839421266535,-0.0159597294803022,-0.0133536429224673,0.0993050509776994,0.994168602716114,-0.0134047909614978,-0.0388919433651965,0.0996820831145016
708,1478,0.989873436265854,-0.0309865319292313,0.127178527201796,0.0549184598565126,0.989873436265854,-0.0309865319292313,0.127178527201796,0.0549184598565126,0.995057756773718,-0.0281553935296047,0.0767063119335245,0.0564223024096479,0.995061711622116,-0.0281524834796885,0.0766549911594316,0.0564237544651056,0.989873436265854,-0.0309865319292313,0.127178527201796,0.0549184598565126,0.969918747339132,-0.0368304040638382,0.235120014388561,0.0511832368115487,0.989873436265854,-0.0309865319292313,0.127178527201796,0.0549184598565126,0.989873436265854,-0.0309865319292313,0.127178527201796,0.0549184598565126,0.989877513256969,-0.0309052404425317,0.127183758252185,0.0548786524819888,0.989877513256969,-0.0309052404425317,0.127183758252185,0.0548786524819888,0.989874214641939,-0.0309708747504266,0.127179551117262,0.0549108903753155,0.989873436265854,-0.0309865319292313,0.127178527201796,0.0549184598565126,0.989877513256969,-0.0309052404425317,0.127183758252185,0.0548786524819888,0.989877513256969,-0.0309052404425317,0.127183758252185,0.0548786524819888,0.989874214641939,-0.0309708747504266,0.127179551117262,0.0549108903753155,0.994742193032584,-0.0595968437809462,0.0409304197364619,0.0725319677953975,0.951782409107783,-0.172657543202811,0.153460825709031,0.201864790047342,0.965182071585322,-0.109776327448827,0.1885696141039,0.144271366732361,0.981996190251245,-0.0711790003739035,-0.0530887276647769,0.166729179308084,0.995598592413697,-0.0136740062236145,0.00328874769401283,0.092658774415963,0.987851901979603,-0.0137490010379336,0.0551526218279781,0.144629779199308,0.994828338805822,-0.0163545509732583,-0.0133986569563659,0.0993457646962413,0.994152137558153,-0.013787615535734,-0.0390445269908367,0.0997344171209548
709,1479,0.989782884914761,-0.0326870644080349,0.127213033000391,0.0554818960115838,0.989782884914761,-0.0326870644080349,0.127213033000391,0.0554818960115838,0.994969076113712,-0.0298250931662129,0.0767453751881554,0.0570714357825519,0.994973032976938,-0.0298221496346515,0.0766940589877662,0.0570729739528586,0.989782884914761,-0.0326870644080349,0.127213033000391,0.0554818960115838,0.969824954190872,-0.0385825285040602,0.235144366855807,0.0515565074349359,0.989782884914761,-0.0326870644080349,0.127213033000391,0.0554818960115838,0.989782884914761,-0.0326870644080349,0.127213033000391,0.0554818960115838,0.989787699753129,-0.0325979759120512,0.127211579983576,0.0554517384932995,0.989787699753129,-0.0325979759120512,0.127211579983576,0.0554517384932995,0.989783814286656,-0.0326699030329152,0.127212700247323,0.055476186853128,0.989782884914761,-0.0326870644080349,0.127213033000391,0.0554818960115838,0.989787699753129,-0.0325979759120512,0.127211579983576,0.0554517384932995,0.989787699753129,-0.0325979759120512,0.127211579983576,0.0554517384932995,0.989783814286656,-0.0326699030329152,0.127212700247323,0.055476186853128,0.994756534144461,-0.0594128555619817,0.0371517222956774,0.0744936232259891,0.950659599880519,-0.176830823771368,0.156781655864389,0.200989296490564,0.962716992874613,-0.115295824763562,0.197093857626408,0.145040944937955,0.981163895285515,-0.0745433469513523,-0.0546571831669869,0.169626921040544,0.995379507286845,-0.0153743977050224,0.0042598277195963,0.0946843082902588,0.987826441581949,-0.0148406712663003,0.0559651111863963,0.14438345513875,0.994820583559079,-0.0166930256829387,-0.0134376368557355,0.0993618605726527,0.994131257232449,-0.0140947404471594,-0.0393904423752649,0.0997635942347594
710,1480,0.989682548547735,-0.0344556925523729,0.127454285238257,0.0556476731337495,0.989682548547735,-0.0344556925523729,0.127454285238257,0.0556476731337495,0.994881130457996,-0.0315830105025426,0.0769914150029495,0.0573268848103623,0.994885100010982,-0.0315800537937138,0.0769401033380805,0.0573285136459198,0.989682548547735,-0.0344556925523729,0.127454285238257,0.0556476731337495,0.969698729721689,-0.0403586646438617,0.235373140569775,0.0515270459334569,0.989682548547735,-0.0344556925523729,0.127454285238257,0.0556476731337495,0.989682548547735,-0.0344556925523729,0.127454285238257,0.0556476731337495,0.989687889776231,-0.0343628095781827,0.127442160742986,0.055637881100235,0.989687889776231,-0.0343628095781827,0.127442160742986,0.055637881100235,0.989683577308809,-0.0344378352080247,0.127451871460834,0.0556459591754474,0.989682548547735,-0.0344556925523729,0.127454285238257,0.0556476731337495,0.989687889776231,-0.0343628095781827,0.127442160742986,0.055637881100235,0.989687889776231,-0.0343628095781827,0.127442160742986,0.055637881100235,0.989683577308809,-0.0344378352080247,0.127451871460834,0.0556459591754474,0.994776840809794,-0.0591455205974246,0.032738535919949,0.0764789686617366,0.949551002262026,-0.181150896412137,0.160241905727578,0.199649138443055,0.9599687223455,-0.121216483265196,0.205875093164604,0.146226065794141,0.980190876492547,-0.0780885644787346,-0.0561279565631848,0.173140619816566,0.995145421157701,-0.0169921738027458,0.00521833311419516,0.0967968273128246,0.98780217838291,-0.0159127000594252,0.0568686574245572,0.144081914762142,0.994800431279308,-0.0170205357252637,-0.0134638856978974,0.0995044072995817,0.994083151160049,-0.0143498688641341,-0.0400981654354771,0.0999245063635452
711,1481,0.989566544917076,-0.0361528702849777,0.127800252463291,0.0558401165951238,0.989566544917076,-0.0361528702849777,0.127800252463291,0.0558401165951238,0.994782859664972,-0.0332682145118968,0.0773428307316271,0.0576053344265084,0.994786847342556,-0.0332652434396286,0.077291524134663,0.0576070501770547,0.989566544917076,-0.0361528702849777,0.127800252463291,0.0558401165951238,0.969545432654228,-0.0420667111378369,0.235704275243633,0.0515319363622719,0.989566544917076,-0.0361528702849777,0.127800252463291,0.0558401165951238,0.989566544917076,-0.0361528702849777,0.127800252463291,0.0558401165951238,0.989572691792983,-0.0360633701084114,0.127782358151162,0.0558300093080877,0.989572691792983,-0.0360633701084114,0.127782358151162,0.0558300093080877,0.989567730495615,-0.0361357204825986,0.127796770621479,0.0558381758806862,0.989566544917076,-0.0361528702849777,0.127800252463291,0.0558401165951238,0.989572691792983,-0.0360633701084114,0.127782358151162,0.0558300093080877,0.989572691792983,-0.0360633701084114,0.127782358151162,0.0558300093080877,0.989567730495615,-0.0361357204825986,0.127796770621479,0.0558381758806862,0.994844273613962,-0.0590417664772079,0.0281207741113656,0.0775123418052717,0.948441235884875,-0.185770587833366,0.16365205823116,0.197905317275512,0.957035331375342,-0.127444702728415,0.214524998984766,0.147716779873992,0.979090445597992,-0.0817851025023251,-0.0576151024372169,0.177125933500884,0.994922987152529,-0.0185508161457503,0.00613915929173606,0.098723996976446,0.987740421379475,-0.0170146569983872,0.0577978927977824,0.144009600403797,0.99479302642716,-0.0172808656166842,-0.0134181597452936,0.099539737012308,0.994025017845674,-0.0144814938986865,-0.0413216206841655,0.0999853684066006
712,1482,0.989451299512885,-0.0377246119051454,0.128230853665673,0.055855417973925,0.989451299512885,-0.0377246119051454,0.128230853665673,0.055855417973925,0.994689647430571,-0.0348371473168538,0.077778732530245,0.0577004959013311,0.994693657590162,-0.0348341713344915,0.0777274307401753,0.0577022925703563,0.989451299512885,-0.0377246119051454,0.128230853665673,0.055855417973925,0.969383594478289,-0.0436306260042445,0.236119615229054,0.0513745319678287,0.989451299512885,-0.0377246119051454,0.128230853665673,0.055855417973925,0.989451299512885,-0.0377246119051454,0.128230853665673,0.055855417973925,0.989457439070321,-0.0376415524408141,0.128208437942987,0.0558541514882047,0.989457439070321,-0.0376415524408141,0.128208437942987,0.0558541514882047,0.989452477178807,-0.0377087234929045,0.128226514564112,0.055855246306848,0.989451299512885,-0.0377246119051454,0.128230853665673,0.055855417973925,0.989457439070321,-0.0376415524408141,0.128208437942987,0.0558541514882047,0.989457439070321,-0.0376415524408141,0.128208437942987,0.0558541514882047,0.989452477178807,-0.0377087234929045,0.128226514564112,0.055855246306848,0.994943480555903,-0.0588910065135958,0.0231986457582189,0.0779816817342809,0.947307158290035,-0.190674600343179,0.167067496833855,0.195808059430909,0.953747522321126,-0.134283863540988,0.223380805926646,0.149781584990878,0.977972472983376,-0.0863978780732928,-0.0557060398601985,0.181664762335206,0.994719889200412,-0.0200111293332704,0.00697052100775325,0.100415678899302,0.987645579774411,-0.0181124963428342,0.0588033453494287,0.144119092434051,0.994785710500872,-0.017488278415605,-0.0133204470353994,0.0995897383876001,0.994359086734101,-0.0156116986540902,-0.03203202702408,0.0999011047946228
713,1483,0.989331484833885,-0.0391980144318068,0.12878314956797,0.0556922720701772,0.989331484833885,-0.0391980144318068,0.12878314956797,0.0556922720701772,0.994598056657556,-0.0363169372524379,0.0783364039848638,0.0576124428603514,0.994602095579493,-0.0363139658094934,0.0782851069178989,0.0576143158505048,0.989331484833885,-0.0391980144318068,0.12878314956797,0.0556922720701772,0.969203849801825,-0.0450771990159525,0.236655411993024,0.0510505595719674,0.989331484833885,-0.0391980144318068,0.12878314956797,0.0556922720701772,0.989331484833885,-0.0391980144318068,0.12878314956797,0.0556922720701772,0.98933784822024,-0.0391201938980516,0.128754422521966,0.0557003697416803,0.98933784822024,-0.0391201938980516,0.128754422521966,0.0557003697416803,0.989332707338886,-0.0391831220145112,0.128777584853246,0.0556939025214637,0.989331484833885,-0.0391980144318068,0.12878314956797,0.0556922720701772,0.98933784822024,-0.0391201938980516,0.128754422521966,0.0557003697416803,0.98933784822024,-0.0391201938980516,0.128754422521966,0.0557003697416803,0.989332707338886,-0.0391831220145112,0.128777584853246,0.0556939025214637,0.995063776980625,-0.0585962413944112,0.0180376362614299,0.0780333512903413,0.946138635186686,-0.19578269023453,0.170414809373825,0.193519027378932,0.95025933191399,-0.141115400968117,0.232232991457108,0.15218897265856,0.976779590356208,-0.0909462581301233,-0.0531657039292981,0.186557813884568,0.994545873860627,-0.0214130384935812,0.00766439060956764,0.101790194448472,0.987526264665195,-0.0192077647136739,0.0598763202391266,0.144352916997659,0.994777109100949,-0.0176712862184154,-0.0131613871153609,0.0996644708075381,0.994523804308007,-0.0163812674069518,-0.0260215596528954,0.0998846093054466
714,1484,0.989206306701412,-0.0405569743605713,0.129476859671007,0.0553331494007161,0.989206306701412,-0.0405569743605713,0.129476859671007,0.0553331494007161,0.994508296388305,-0.0376923925173152,0.0790355794749725,0.0573228500530691,0.994512371370737,-0.0376894360084557,0.0789842870365148,0.0573247939834984,0.989206306701412,-0.0405569743605713,0.129476859671007,0.0553331494007161,0.969003243597317,-0.0463884989372851,0.237331178537489,0.0505443642578627,0.989206306701412,-0.0405569743605713,0.129476859671007,0.0553331494007161,0.989206306701412,-0.0405569743605713,0.129476859671007,0.0553331494007161,0.989212948115564,-0.0404851379424522,0.129440746217924,0.0553515140248369,0.989212948115564,-0.0404851379424522,0.129440746217924,0.0553515140248369,0.989207583060294,-0.0405432363377601,0.129469868536636,0.0553367576243716,0.989206306701412,-0.0405569743605713,0.129476859671007,0.0553331494007161,0.989212948115564,-0.0404851379424522,0.129440746217924,0.0553515140248369,0.989212948115564,-0.0404851379424522,0.129440746217924,0.0553515140248369,0.989207583060294,-0.0405432363377601,0.129469868536636,0.0553367576243716,0.995195962882341,-0.0580526519189572,0.0127530647251375,0.0777961721936379,0.944909450357693,-0.200999777532248,0.173698745473782,0.191243211324072,0.946602440662492,-0.148127377468121,0.240757991186324,0.15504092703591,0.975574031676594,-0.0960926434575643,-0.0477063906257722,0.191691452300501,0.99440538746677,-0.0226717555294483,0.00819820365361809,0.102843115156678,0.987402423541853,-0.0202719266268717,0.0609816739800954,0.144591626358847,0.994770609291937,-0.0178163333696385,-0.0128926981464722,0.0997386158351679,0.994609528868959,-0.0168963169614087,-0.0220606405077723,0.0998985870600426
715,1485,0.989093464276451,-0.0417619556074341,0.130177856791479,0.0548067841660925,0.989093464276451,-0.0417619556074341,0.130177856791479,0.0548067841660925,0.994431226229731,-0.038922567775451,0.0797414056337671,0.0568584052234264,0.994435337615652,-0.0389196352189627,0.079690117169308,0.0568604126014648,0.989093464276451,-0.0417619556074341,0.130177856791479,0.0548067841660925,0.968814098202377,-0.0475283845043724,0.238015542764604,0.0498888483850898,0.989093464276451,-0.0417619556074341,0.130177856791479,0.0548067841660925,0.989093464276451,-0.0417619556074341,0.130177856791479,0.0548067841660925,0.989099496836618,-0.0416981171621596,0.130141008929286,0.0548340239043918,0.989099496836618,-0.0416981171621596,0.130141008929286,0.0548340239043918,0.989094616629688,-0.041749768881518,0.130170778375698,0.0548120845213526,0.989093464276451,-0.0417619556074341,0.130177856791479,0.0548067841660925,0.989099496836618,-0.0416981171621596,0.130141008929286,0.0548340239043918,0.989099496836618,-0.0416981171621596,0.130141008929286,0.0548340239043918,0.989094616629688,-0.041749768881518,0.130170778375698,0.0548120845213526,0.995329311810782,-0.0571610759797832,0.00748688045156354,0.0774346115391148,0.943596936562791,-0.206149359683922,0.176885478505204,0.189311358098796,0.942609741429202,-0.155571124578641,0.249343996168558,0.158467889917181,0.974233245642265,-0.1019781569383,-0.0394352145660743,0.197268604813169,0.994295340017571,-0.023700993919777,0.00863608963677586,0.103636179311775,0.987287182472323,-0.0213181104830968,0.0620716765881189,0.144764168414811,0.994769462190638,-0.0179116482809313,-0.012477333343007,0.0997858011014467,0.994657332249405,-0.0172105697300031,-0.0194617100199139,0.0999091063675678
716,1486,0.989020463146571,-0.0427223742495497,0.130703226022982,0.0541293720913929,0.989020463146571,-0.0427223742495497,0.130703226022982,0.0541293720913929,0.994385020027453,-0.0399161730579764,0.0802698060323709,0.0562306794635521,0.994389158665989,-0.039913272875481,0.0802185199503204,0.0562327380881853,0.989020463146571,-0.0427223742495497,0.130703226022982,0.0541293720913929,0.968683841072892,-0.0484085983824288,0.238529716932169,0.0491100579023867,0.989020463146571,-0.0427223742495497,0.130703226022982,0.0541293720913929,0.989020463146571,-0.0427223742495497,0.130703226022982,0.0541293720913929,0.98902445870953,-0.0426711632746255,0.130675120958128,0.0541646070943976,0.98902445870953,-0.0426711632746255,0.130675120958128,0.0541646070943976,0.989021213009395,-0.0427126485528446,0.130697902645552,0.0541361996734098,0.989020463146571,-0.0427223742495497,0.130703226022982,0.0541293720913929,0.98902445870953,-0.0426711632746255,0.130675120958128,0.0541646070943976,0.98902445870953,-0.0426711632746255,0.130675120958128,0.0541646070943976,0.989021213009395,-0.0427126485528446,0.130697902645552,0.0541361996734098,0.995457290424942,-0.0558132332577105,0.00242309946026329,0.0770960084709915,0.942217600192078,-0.211156639705767,0.179923448072206,0.187793557478044,0.938397849016637,-0.162990598298486,0.257950140550038,0.162188984883272,0.972835147534445,-0.108623939973439,-0.0268435051822777,0.202662383327078,0.994219806074575,-0.0245201226290085,0.0090777687070544,0.104131334912188,0.987205849273775,-0.0223342463117869,0.0631173845106323,0.144713469911639,0.994769104345277,-0.0179631413956095,-0.0120682779137025,0.0998304124978696,0.994688063932224,-0.0174159750964489,-0.0175176985494954,0.0999273211876178
717,1487,0.989004383443906,-0.0434107490745761,0.130925718263808,0.0533319106223487,0.989004383443906,-0.0434107490745761,0.130925718263808,0.0533319106223487,0.994380268720943,-0.0406441872981936,0.0804928279576424,0.0554692334967355,0.994384418861968,-0.0406413263867406,0.0804415421203466,0.0554713296701316,0.989004383443906,-0.0434107490745761,0.130925718263808,0.0533319106223487,0.968643423891176,-0.0490052298175377,0.23874909743606,0.0482418208235999,0.989004383443906,-0.0434107490745761,0.130925718263808,0.0533319106223487,0.989004383443906,-0.0434107490745761,0.130925718263808,0.0533319106223487,0.989005417826838,-0.043373771120555,0.13091319244925,0.0533735471061225,0.989005417826838,-0.043373771120555,0.13091319244925,0.0533735471061225,0.989004557547743,-0.0434037683229179,0.130923440876065,0.053339953827653,0.989004383443906,-0.0434107490745761,0.130925718263808,0.0533319106223487,0.989005417826838,-0.043373771120555,0.13091319244925,0.0533735471061225,0.989005417826838,-0.043373771120555,0.13091319244925,0.0533735471061225,0.989004557547743,-0.0434037683229179,0.130923440876065,0.053339953827653,0.995549362698165,-0.0542021871328699,-0.00241787378255642,0.0770567532904387,0.940792553662909,-0.216064928215513,0.182786375009156,0.186586330899827,0.934003176509513,-0.170250518584775,0.266598394054906,0.166066623615642,0.971252381086059,-0.115942102562896,-0.01026886932315,0.207655463233643,0.994173939115178,-0.0251081109369805,0.00956353204528985,0.104385345734956,0.9871257910557,-0.0233494780623954,0.064160548470647,0.14464058395491,0.994763504168649,-0.0180376988449557,-0.0116725182744554,0.0999197903902056,0.994706985664919,-0.0176259717340758,-0.015769894678388,0.0999932408299355
718,1488,0.989042422453678,-0.0438550811183579,0.130870394906129,0.0523904398165924,0.989042422453678,-0.0438550811183579,0.130870394906129,0.0523904398165924,0.994415446900476,-0.0411357930508796,0.0804356428559634,0.054551561427231,0.9944195940921,-0.0411329794682337,0.0803843552044089,0.0545536829566951,0.989042422453678,-0.0438550811183579,0.130870394906129,0.0523904398165924,0.968687308580906,-0.049343479121801,0.238698286274131,0.047257246981073,0.989042422453678,-0.0438550811183579,0.130870394906129,0.0523904398165924,0.989042422453678,-0.0438550811183579,0.130870394906129,0.0523904398165924,0.989040600441633,-0.0438310168649481,0.130872538517747,0.0524395966857069,0.989040600441633,-0.0438310168649481,0.130872538517747,0.0524395966857069,0.989042049236433,-0.0438505682304239,0.130870926084675,0.0523999352461903,0.989042422453678,-0.0438550811183579,0.130870394906129,0.0523904398165924,0.989040600441633,-0.0438310168649481,0.130872538517747,0.0524395966857069,0.989040600441633,-0.0438310168649481,0.130872538517747,0.0524395966857069,0.989042049236433,-0.0438505682304239,0.130870926084675,0.0523999352461903,0.995576856894076,-0.0524806009126358,-0.00723217596635511,0.077589974710345,0.939384298873826,-0.220785440297335,0.185249849240421,0.185724047281021,0.929380538945933,-0.177463920273824,0.275275465420917,0.17024038582813,0.969251785806556,-0.123722402181393,0.00870308824136841,0.212527643294538,0.994152671216977,-0.0255036502587054,0.0101242953821027,0.104439115175523,0.987061185263077,-0.0243094818741997,0.0651156967268626,0.144496407145068,0.994763370320413,-0.0180441543807564,-0.0112317081727107,0.0999704671039499,0.9947267729067,-0.0177552807594506,-0.0141053699818333,0.100022176568257
719,1489,0.989122193700156,-0.0440894231847533,0.130593362668716,0.0513690794146081,0.989122193700156,-0.0440894231847533,0.130593362668716,0.0513690794146081,0.994481035582192,-0.0414217403866828,0.0801549144513412,0.0535434307829337,0.994485168295001,-0.0414189787985704,0.0801036234173864,0.0535455670616359,0.989122193700156,-0.0440894231847533,0.130593362668716,0.0513690794146081,0.968797021787628,-0.0494642349351516,0.238431690466584,0.0462163284884108,0.989122193700156,-0.0440894231847533,0.130593362668716,0.0513690794146081,0.989122193700156,-0.0440894231847533,0.130593362668716,0.0513690794146081,0.989118144513901,-0.0440765042244916,0.130607325488115,0.0514226068725293,0.989118144513901,-0.0440765042244916,0.130607325488115,0.0514226068725293,0.989121398146315,-0.0440870348973163,0.130596139081212,0.0513793882809318,0.989122193700156,-0.0440894231847533,0.130593362668716,0.0513690794146081,0.989118144513901,-0.0440765042244916,0.130607325488115,0.0514226068725293,0.989118144513901,-0.0440765042244916,0.130607325488115,0.0514226068725293,0.989121398146315,-0.0440870348973163,0.130596139081212,0.0513793882809318,0.995534028893313,-0.0506775087409987,-0.0121986251411732,0.0787082014018857,0.937943699068155,-0.225483390060188,0.187696463177418,0.184902395592918,0.924518756247145,-0.184467058401372,0.284170822312246,0.174596441711618,0.966808231095832,-0.131318986365253,0.0277458319704824,0.217410526225425,0.994147607288304,-0.0258183035431425,0.0107639258358635,0.10434600148398,0.987004565877668,-0.025212859345191,0.0659809745526178,0.144335753219228,0.994761622870561,-0.0180507755769245,-0.01085143281486,0.100028643752008,0.994743463234646,-0.0178945397428512,-0.0124049297518125,0.100056711504956
720,1490,0.989210373957257,-0.0442581520927496,0.130255797180584,0.0503733990269633,0.989210373957257,-0.0442581520927496,0.130255797180584,0.0503733990269633,0.994551945955226,-0.0416408542328818,0.0798133036559674,0.0525576123406545,0.994556061049168,-0.0416381434886271,0.0797620089652239,0.0525597599215895,0.989210373957257,-0.0442581520927496,0.130255797180584,0.0503733990269633,0.968921741077261,-0.0495225947264116,0.238105851065478,0.0452081405032126,0.989210373957257,-0.0442581520927496,0.130255797180584,0.0503733990269633,0.989210373957257,-0.0442581520927496,0.130255797180584,0.0503733990269633,0.989205792225128,-0.0442490710280644,0.130273377515853,0.0504258609447789,0.989205792225128,-0.0442490710280644,0.130273377515853,0.0504258609447789,0.989209489903724,-0.0442564411756986,0.130259201351433,0.0503834592119582,0.989210373957257,-0.0442581520927496,0.130255797180584,0.0503733990269633,0.989205792225128,-0.0442490710280644,0.130273377515853,0.0504258609447789,0.989205792225128,-0.0442490710280644,0.130273377515853,0.0504258609447789,0.989209489903724,-0.0442564411756986,0.130259201351433,0.0503834592119582,0.995419457746679,-0.0490182651573134,-0.0174904375129101,0.0801959937645349,0.936566158976678,-0.22990796910841,0.189716715359842,0.184373868845864,0.91948544915553,-0.19112251860011,0.293104608864315,0.179188113271223,0.963948528230563,-0.138559285496405,0.0465514539878224,0.222345500193901,0.994136994706555,-0.0262130709276028,0.0114807484149463,0.104272254623157,0.986964259521361,-0.02603829150193,0.0667512343124825,0.144110480260363,0.994760265553606,-0.0180565466182446,-0.0104977507893166,0.100078831069869,0.994758156909544,-0.0180366315567629,-0.0106956980996091,0.100082422163804
721,1491,0.989293664844283,-0.0444424215430946,0.129904126443839,0.0494755879117917,0.989293664844283,-0.0444424215430946,0.129904126443839,0.0494755879117917,0.994617256412433,-0.0418705145753364,0.0794578543302909,0.0516703265039819,0.994621353173787,-0.04186784959305,0.079406556271596,0.0516724859309603,0.989293664844282,-0.0444424215430946,0.129904126443839,0.0494755879117917,0.969043149651042,-0.0496071493449606,0.237765454771202,0.0442955230886636,0.989293664844282,-0.0444424215430946,0.129904126443839,0.0494755879117917,0.989293664844282,-0.0444424215430946,0.129904126443839,0.0494755879117917,0.989289296692974,-0.0444327551602678,0.129922592346605,0.0495231028463104,0.989289296692974,-0.0444327551602678,0.129922592346605,0.0495231028463104,0.989292827952481,-0.0444405619573395,0.129907677831372,0.0494846668692349,0.989293664844282,-0.0444424215430946,0.129904126443839,0.0494755879117917,0.989289296692974,-0.0444327551602678,0.129922592346605,0.0495231028463104,0.989289296692974,-0.0444327551602678,0.129922592346605,0.0495231028463104,0.989292827952481,-0.0444405619573395,0.129907677831372,0.0494846668692349,0.995266214619814,-0.0473416719838415,-0.0228122949800739,0.0817528429344339,0.935210542671473,-0.234040808901973,0.191437686007657,0.184276295330338,0.914935013783736,-0.196584637725938,0.300938582725245,0.183533022069701,0.960906265924351,-0.145201400365929,0.0657970981688826,0.226376772906694,0.994126443161275,-0.0266121313084378,0.0122053729710891,0.104189434902829,0.986945747670105,-0.0268023064063499,0.0674395893471145,0.143776316950638,0.99476058872263,-0.0180455971982724,-0.0101964246926536,0.100108743221824,0.99476058872263,-0.0180455971982724,-0.0101964246926536,0.100108743221824
722,1492,0.989363874741624,-0.044648456586534,0.129564518990249,0.04877165262225,0.989363874741624,-0.044648456586534,0.129564518990249,0.04877165262225,0.99467011587096,-0.0421120591251923,0.0791151175072577,0.0509777721296385,0.994674194955396,-0.042109429861472,0.0790638167227619,0.0509799440153362,0.989363874741624,-0.044648456586534,0.129564518990249,0.04877165262225,0.969150231535101,-0.0497346299050642,0.237435612199169,0.0435732184176397,0.989363874741624,-0.044648456586534,0.129564518990249,0.04877165262225,0.989363874741624,-0.044648456586534,0.129564518990249,0.04877165262225,0.989360163343889,-0.0446376723038656,0.129582424952714,0.0488092260010403,0.989360163343889,-0.0446376723038656,0.129582424952714,0.0488092260010403,0.989363167576501,-0.0446463777890608,0.129567951011578,0.0487787829283383,0.989363874741624,-0.044648456586534,0.129564518990249,0.04877165262225,0.989360163343889,-0.0446376723038656,0.129582424952714,0.0488092260010403,0.989360163343889,-0.0446376723038656,0.129582424952714,0.0488092260010403,0.989363167576501,-0.0446463777890608,0.129567951011578,0.0487787829283383,0.995083593903293,-0.0457491201420886,-0.0281925444878263,0.083191583624981,0.933865899510438,-0.237817116212718,0.192895678730055,0.184739703624043,0.911300523672456,-0.200569082683061,0.307155270053915,0.186973363621904,0.958055641673204,-0.150756118924427,0.0833210167108615,0.229040582079371,0.994096940957354,-0.0272398032998115,0.0129834247988415,0.104214662000656,0.986954151831864,-0.0275078421090857,0.0680289865392095,0.143306935613025,0.994759530565122,-0.0180841693163068,-0.00998516378850977,0.10013358914029,0.994759530565122,-0.0180841693163068,-0.00998516378850977,0.10013358914029
723,1493,0.989430991183101,-0.0448225036878536,0.129163541744651,0.0483118653495874,0.989430991183101,-0.0448225036878537,0.129163541744651,0.0483118653495874,0.994716766903808,-0.0423092488534437,0.0787112474175777,0.0505274245520361,0.994720825158351,-0.0423066428163946,0.0786599442275654,0.0505296066085055,0.989430991183101,-0.0448225036878537,0.129163541744651,0.0483118653495874,0.969260978483417,-0.0498571290550981,0.237044431318191,0.0430970979624802,0.989430991183101,-0.0448225036878537,0.129163541744651,0.0483118653495874,0.989430991183101,-0.0448225036878537,0.129163541744651,0.0483118653495874,0.989427460647635,-0.04481326260977,0.129184487323941,0.0483367339141836,0.989427460647635,-0.04481326260977,0.129184487323941,0.0483367339141836,0.9894303149902,-0.0448207425213034,0.129167586104329,0.0483165346254654,0.989430991183101,-0.0448225036878537,0.129163541744651,0.0483118653495874,0.989427460647635,-0.04481326260977,0.129184487323941,0.0483367339141836,0.989427460647635,-0.04481326260977,0.129184487323941,0.0483367339141836,0.9894303149902,-0.0448207425213034,0.129167586104329,0.0483165346254654,0.994896675652503,-0.0440526883249464,-0.0334177511504019,0.0843991666723919,0.932490207658033,-0.241228903775,0.19416228861664,0.185934489228165,0.907898889943286,-0.204506335317,0.312023991837472,0.191148614885825,0.954972479907728,-0.155907196292742,0.098320539366529,0.232494258642434,0.99404777848012,-0.0280897088824442,0.0137889894968005,0.104354425504116,0.986989548508501,-0.0281597595258148,0.0685469837516502,0.142688367069586,0.994757087671188,-0.0181741525684489,-0.00987529309502425,0.100152460242602,0.994757087671188,-0.0181741525684489,-0.00987529309502425,0.100152460242602
724,1494,0.989494082577807,-0.0449374597109897,0.128724085273249,0.0480852901498115,0.989494082577807,-0.0449374597109897,0.128724085273249,0.0480852901498115,0.994757442480227,-0.0424355714416229,0.0782691523917905,0.050306984510019,0.994761477933413,-0.0424329767737269,0.0782178471045002,0.0503091730819413,0.989494082577807,-0.0449374597109897,0.128724085273249,0.0480852901498115,0.969371950631826,-0.0499465065841712,0.236614561923351,0.0428592684737587,0.989494082577807,-0.0449374597109897,0.128724085273249,0.0480852901498115,0.989494082577807,-0.0449374597109897,0.128724085273249,0.0480852901498115,0.989490758415128,-0.0449312501705285,0.128747106278962,0.0480978626756099,0.989490758415128,-0.0449312501705285,0.128747106278962,0.0480978626756099,0.989493446213862,-0.0449362925986228,0.128728520452432,0.048087602658427,0.989494082577807,-0.0449374597109897,0.128724085273249,0.0480852901498115,0.989490758415128,-0.0449312501705285,0.128747106278962,0.0480978626756099,0.989490758415128,-0.0449312501705285,0.128747106278962,0.0480978626756099,0.989493446213862,-0.0449362925986228,0.128728520452432,0.048087602658427,0.994713034319363,-0.0421450926066787,-0.0384112094285665,0.0854069640871016,0.931065768109682,-0.244299718136616,0.195259708870455,0.18790377661059,0.905634195918363,-0.206229366293002,0.314958943088258,0.195184568627785,0.952312486522225,-0.159146144921197,0.111684200591798,0.235159673219601,0.993978938883319,-0.0290945096645301,0.0145822766321242,0.104626649435004,0.987039558356532,-0.0287652326656539,0.0689997880845015,0.142001763627522,0.994750600421003,-0.0182929174493914,-0.00981470737774545,0.100201215822641,0.994750600421003,-0.0182929174493914,-0.00981470737774545,0.100201215822641
725,1495,0.989544055239168,-0.0449736014704889,0.128323807629693,0.0480930172375689,0.989544055239168,-0.0449736014704889,0.128323807629693,0.0480930172375689,0.994787007443394,-0.0424712737850796,0.0778668522901658,0.0503165384273627,0.994791022147683,-0.0424686786243874,0.0778155454785807,0.0503187288406411,0.989544055239168,-0.0449736014704889,0.128323807629693,0.0480930172375689,0.969465580667489,-0.0499832783395272,0.236222193633047,0.042862979628962,0.989544055239168,-0.0449736014704889,0.128323807629693,0.0480930172375689,0.989544055239168,-0.0449736014704889,0.128323807629693,0.0480930172375689,0.989541394718418,-0.0449714841017893,0.128344973123089,0.0480932597194614,0.989541394718418,-0.0449714841017893,0.128344973123089,0.0480932597194614,0.989543549970704,-0.0449732284191098,0.128327854864605,0.0480929631317166,0.989544055239168,-0.0449736014704889,0.128323807629693,0.0480930172375689,0.989541394718418,-0.0449714841017893,0.128344973123089,0.0480932597194614,0.989541394718418,-0.0449714841017893,0.128344973123089,0.0480932597194614,0.989543549970704,-0.0449732284191098,0.128327854864605,0.0480929631317166,0.994542737676732,-0.0399157701678932,-0.0431075171889412,0.0862161016758493,0.929641700981015,-0.246858578054608,0.196140696525104,0.190672434831651,0.905167699990295,-0.20325062133194,0.316071505700741,0.198643960659587,0.950950977903175,-0.157803592075581,0.122155636164067,0.236364685404547,0.993893036109649,-0.0301995602899617,0.0154003929728912,0.105011652816811,0.987086371272429,-0.0293148934406683,0.0693967154817422,0.141369121632476,0.994744277861361,-0.0184309404045571,-0.00984234032014236,0.10023597375647,0.994744277861361,-0.0184309404045571,-0.00984234032014236,0.10023597375647
726,1496,0.989566113477524,-0.0450796187592594,0.128055783675389,0.0482540288140722,0.989566113477524,-0.0450796187592594,0.128055783675389,0.0482540288140722,0.994795415523116,-0.0425689710537102,0.0775980536477667,0.0504827299945027,0.994799416363951,-0.042566367321463,0.0775467464028876,0.0504849254463525,0.989566113477524,-0.0450796187592594,0.128055783675389,0.0482540288140722,0.969516940646432,-0.0501063371056581,0.235958213409312,0.0430113741482835,0.989566113477524,-0.0450796187592594,0.128055783675389,0.0482540288140722,0.989566113477524,-0.0450796187592594,0.128055783675389,0.0482540288140722,0.989564880401673,-0.0450742121566605,0.128070243518443,0.0482459904987444,0.989564880401673,-0.0450742121566605,0.128070243518443,0.0482459904987444,0.989565888390053,-0.045078554880784,0.128058504458195,0.0482524181839212,0.989566113477524,-0.0450796187592594,0.128055783675389,0.0482540288140722,0.989564880401673,-0.0450742121566605,0.128070243518443,0.0482459904987444,0.989564880401673,-0.0450742121566605,0.128070243518443,0.0482459904987444,0.989565888390053,-0.045078554880784,0.128058504458195,0.0482524181839212,0.994372378802797,-0.0373950504596625,-0.0475523751858401,0.0869709956788515,0.928437798559724,-0.248462341756731,0.196465123575092,0.194090633862016,0.905254139374456,-0.201690556518828,0.31308569352146,0.204482789174848,0.948466228098759,-0.158781344134495,0.13386382072283,0.239334026858788,0.993793652382334,-0.031348094299435,0.0162257833514799,0.105490271698419,0.987125516872992,-0.0297830608754766,0.0697079476703547,0.140843832860024,0.994736867502861,-0.0186092694967529,-0.00990361500647713,0.100270523730552,0.994736867502861,-0.0186092694967529,-0.00990361500647713,0.100270523730552
727,1497,0.989561812467784,-0.0452550704766685,0.127915471933279,0.0485492527410429,0.989561812467783,-0.0452550704766685,0.127915471933279,0.0485492527410429,0.994783989075242,-0.0427291920110459,0.077458141818575,0.0507864893022255,0.99478798270006,-0.0427265726120258,0.0774068351632076,0.0507886930171586,0.989561812467783,-0.0452550704766685,0.127915471933279,0.0485492527410428,0.969528075094742,-0.0503131498925984,0.235818278039517,0.0432855437004876,0.989561812467783,-0.0452550704766685,0.127915471933279,0.0485492527410428,0.989561812467783,-0.0452550704766685,0.127915471933279,0.0485492527410428,0.989561969357865,-0.0452460277202056,0.1279232109643,0.0485340897999434,0.989561969357865,-0.0452460277202056,0.1279232109643,0.0485340897999434,0.989561853911517,-0.0452533053519728,0.127916902347044,0.0485462844289855,0.989561812467783,-0.0452550704766685,0.127915471933279,0.0485492527410428,0.989561969357865,-0.0452460277202056,0.1279232109643,0.0485340897999434,0.989561969357865,-0.0452460277202056,0.1279232109643,0.0485340897999434,0.989561853911517,-0.0452533053519728,0.127916902347044,0.0485462844289855,0.994178710976216,-0.034697998006464,-0.0517495878118252,0.0879017618556048,0.927568300973793,-0.248877314383377,0.196071880348445,0.198073085376419,0.90643684315341,-0.201791768943771,0.303658751279471,0.213175266229496,0.944512355455982,-0.163203007868588,0.147420481092418,0.24398440599374,0.993686025071037,-0.0324492841699173,0.0170404278665124,0.106041271934602,0.987143952086224,-0.0302008297589646,0.0699732065429477,0.140493694191444,0.994729728401877,-0.0188083067548403,-0.0100016896967508,0.100294472598229,0.994729728401877,-0.0188083067548403,-0.0100016896967508,0.100294472598229
728,1498,0.989537143379218,-0.0455038979258667,0.127879244852506,0.0489135552010014,0.989537143379218,-0.0455038979258667,0.127879244852506,0.0489135552010014,0.994757510714984,-0.0429591831316377,0.0774232152992809,0.0511629670123961,0.994761502538482,-0.0429565443152588,0.0773719100095965,0.0511651825887519,0.989537143379218,-0.0455038979258667,0.127879244852506,0.0489135552010014,0.969507533788218,-0.050600480978713,0.235779560859374,0.0436203156060569,0.989537143379218,-0.0455038979258667,0.127879244852506,0.0489135552010014,0.989537143379218,-0.0455038979258667,0.127879244852506,0.0489135552010014,0.989538389684965,-0.0454910046453635,0.127881443805206,0.0488945821777649,0.989538389684965,-0.0454910046453635,0.127881443805206,0.0488945821777649,0.989537391462786,-0.0455013920450286,0.127879621553883,0.048909882541514,0.989537143379218,-0.0455038979258667,0.127879244852506,0.0489135552010014,0.989538389684965,-0.0454910046453635,0.127881443805206,0.0488945821777649,0.989538389684965,-0.0454910046453635,0.127881443805206,0.0488945821777649,0.989537391462786,-0.0455013920450286,0.127879621553883,0.048909882541514,0.993945403048253,-0.0319461676907351,-0.0557211360933331,0.0891466943951875,0.927025905034353,-0.248082459906867,0.195086545730629,0.202532229920788,0.909801472387723,-0.197074037232449,0.294924977493308,0.215504900966562,0.944064194614393,-0.162018555705877,0.153173946725199,0.24296198488382,0.993562815489917,-0.0334833720591903,0.0178703328423009,0.106735404976041,0.987141650374398,-0.0305382053704535,0.0701812612904832,0.140333070487816,0.99472209865054,-0.0190361684947133,-0.0101550234251386,0.100311745297067,0.99472209865054,-0.0190361684947133,-0.0101550234251386,0.100311745297067
729,1499,0.989505930478739,-0.0457935864658119,0.127866933023738,0.049305257580776,0.989505930478739,-0.0457935864658119,0.127866933023738,0.049305257580776,0.99472571243275,-0.043228590005244,0.0774125056993407,0.0515688858970889,0.994729703703935,-0.0432259302530085,0.077361202049685,0.0515711153677182,0.989505930478739,-0.0457935864658119,0.127866933023738,0.049305257580776,0.969477861809921,-0.0509314351324121,0.235763895611597,0.043977834210672,0.989505930478739,-0.0457935864658119,0.127866933023738,0.049305257580776,0.989505930478739,-0.0457935864658119,0.127866933023738,0.049305257580776,0.989507559583965,-0.0457784576585106,0.127867659356899,0.0492847241159191,0.989507559583965,-0.0457784576585106,0.127867659356899,0.0492847241159191,0.989506246278083,-0.0457906645765346,0.127867060062755,0.0493013038894935,0.989505930478739,-0.0457935864658119,0.127866933023738,0.049305257580776,0.989507559583965,-0.0457784576585106,0.127867659356899,0.0492847241159191,0.989507559583965,-0.0457784576585106,0.127867659356899,0.0492847241159191,0.989506246278083,-0.0457906645765346,0.127867060062755,0.0493013038894935,0.99366083486385,-0.029270798284537,-0.0594958478022524,0.0907833119012172,0.926878225862466,-0.246068004340318,0.193415200278143,0.207214507125796,0.913283500785133,-0.193434869410774,0.285651929731844,0.21656217012711,0.944733292027681,-0.16049810755596,0.152193247880494,0.241984668326492,0.993432350502885,-0.0344080627967823,0.0187277613580618,0.107505912132313,0.987119043045768,-0.0308052868705871,0.0703566047588789,0.140345920225816,0.994713976065241,-0.0193050295681355,-0.0103172529219452,0.100324353703373,0.994713976065241,-0.0193050295681355,-0.0103172529219452,0.100324353703373
730,1500,0.989484391225109,-0.0461581558219569,0.127892746182978,0.0493306157144607,0.989484391225109,-0.0461581558219569,0.127892746182978,0.0493306157144607,0.994705512904085,-0.0435913994644116,0.0774393801794022,0.0516127395938827,0.994709505561364,-0.0435887374499141,0.077388077571513,0.0516149877765587,0.989484391225109,-0.0461581558219569,0.127892746182978,0.0493306157144607,0.969453617967618,-0.0512965841747456,0.235787187128234,0.0439630008945601,0.989484391225109,-0.0461581558219569,0.127892746182978,0.0493306157144607,0.989484391225109,-0.0461581558219569,0.127892746182978,0.0493306157144607,0.989485553108025,-0.0461391710749544,0.127891492289494,0.0493283213072217,0.989485553108025,-0.0461391710749544,0.127891492289494,0.0493283213072217,0.98948461044689,-0.0461544809407315,0.12789248940853,0.0493303226296692,0.989484391225109,-0.0461581558219569,0.127892746182978,0.0493306157144607,0.989485553108025,-0.0461391710749544,0.127891492289494,0.0493283213072217,0.989485553108025,-0.0461391710749544,0.127891492289494,0.0493283213072217,0.98948461044689,-0.0461544809407315,0.12789248940853,0.0493303226296692,0.993289200663567,-0.0265705269470079,-0.0633602371336114,0.0930379024551941,0.927288937625571,-0.24259971051449,0.190993560985048,0.211664985951329,0.916088166842731,-0.192815211749713,0.275311903637566,0.218650681234014,0.945137164840382,-0.161093125497912,0.147410696190267,0.242970844348656,0.993291578477183,-0.0353148957955264,0.0196288958133127,0.108348533494495,0.987096006354743,-0.0310341619138632,0.0705328087011716,0.140369077540407,0.994709258796998,-0.0196010741897805,-0.0104710741792337,0.100297781429436,0.994709258796998,-0.0196010741897805,-0.0104710741792337,0.100297781429436
731,1501,0.989448237249646,-0.046534743575109,0.127880734000527,0.0497314921901,0.989448237249646,-0.046534743575109,0.127880734000527,0.0497314921901,0.994668795160995,-0.0439471270007624,0.0774292209564283,0.0520322371557671,0.994672787294356,-0.0439444433499655,0.0773779202422912,0.052034503684736,0.989448237249646,-0.046534743575109,0.127880734000527,0.0497314921901,0.969419001894026,-0.051714919428998,0.235771277071097,0.044320094579179,0.989448237249646,-0.046534743575109,0.127880734000527,0.0497314921901,0.989448237249646,-0.046534743575109,0.127880734000527,0.0497314921901,0.989450110574986,-0.0465149653033,0.127881272888515,0.0497113340234703,0.989450110574986,-0.0465149653033,0.127881272888515,0.0497113340234703,0.989448602485242,-0.0465309410192867,0.127880851748946,0.0497274805698644,0.989448237249646,-0.046534743575109,0.127880734000527,0.0497314921901,0.989450110574986,-0.0465149653033,0.127881272888515,0.0497113340234703,0.989450110574986,-0.0465149653033,0.127881272888515,0.0497113340234703,0.989448602485242,-0.0465309410192867,0.127880851748946,0.0497274805698644,0.992894782712554,-0.0241150877461459,-0.0670026121462373,0.0953365772973185,0.928065842543416,-0.238495001011034,0.187512684507662,0.215992869200945,0.920299215191255,-0.18958467093352,0.26453180576047,0.217094290128721,0.947127861214434,-0.159331840733923,0.140984170217464,0.240178356201811,0.993133355970069,-0.0361914566443828,0.02048378501558,0.109346834782817,0.987046790741346,-0.0311912754088499,0.0706708251929614,0.140610709734801,0.994700452182951,-0.0198565052394491,-0.0106415401869464,0.100316934009954,0.994700452182951,-0.0198565052394491,-0.0106415401869464,0.100316934009954
732,1502,0.989417723850257,-0.0469310494758976,0.127819477904781,0.0501221048462249,0.989417723850257,-0.0469310494758976,0.127819477904781,0.0501221048462249,0.994635208004898,-0.0443230688361745,0.0773695947897429,0.052442486288017,0.994639197063049,-0.0443203640260443,0.0773182958079618,0.052444772205855,0.989417723850257,-0.0469310494758976,0.127819477904781,0.0501221048462249,0.969395400386842,-0.0521517263568018,0.235707040433054,0.0446648210242734,0.989417723850257,-0.0469310494758976,0.127819477904781,0.0501221048462249,0.989417723850257,-0.0469310494758976,0.127819477904781,0.0501221048462249,0.989419351334193,-0.0469102456525339,0.127822568706707,0.0501015667166461,0.989419351334193,-0.0469102456525339,0.127822568706707,0.0501015667166461,0.989418034206483,-0.0469270484655809,0.12782009184606,0.0501181586827767,0.989417723850257,-0.0469310494758976,0.127819477904781,0.0501221048462249,0.989419351334193,-0.0469102456525339,0.127822568706707,0.0501015667166461,0.989419351334193,-0.0469102456525339,0.127822568706707,0.0501015667166461,0.989418034206483,-0.0469270484655809,0.12782009184606,0.0501181586827767,0.99248419391404,-0.0216503922570821,-0.0705577063976765,0.0976114512432462,0.929348826254161,-0.233648174342141,0.183054833528565,0.219568252915643,0.926017792450166,-0.182606104475644,0.253276038989891,0.212125686204059,0.950670680889327,-0.154213636790095,0.133727186308957,0.233581785178737,0.99295939420816,-0.037068379664937,0.021300811730795,0.11047104644381,0.986992068366347,-0.0313059946510751,0.0707855536880373,0.140911309233525,0.994692847106584,-0.020053864142632,-0.0107908200159541,0.10033713495676,0.994692847106584,-0.020053864142632,-0.0107908200159541,0.10033713495676
733,1503,0.989385539498002,-0.0473893247178602,0.127733428890065,0.0505438154378919,0.989385539498002,-0.0473893247178602,0.127733428890065,0.0505438154378919,0.994598692016683,-0.0447593194543728,0.0772852926659954,0.0528869426060524,0.994602676726953,-0.0447565917205739,0.0772339955676595,0.0528892510231741,0.989385539498002,-0.0473893247178602,0.127733428890065,0.0505438154378918,0.969372860864281,-0.0526535430492298,0.235617977335274,0.0450336516462676,0.989385539498002,-0.0473893247178602,0.127733428890065,0.0505438154378918,0.989385539498002,-0.0473893247178602,0.127733428890065,0.0505438154378918,0.989387240292486,-0.0473653712515439,0.127737887198407,0.0505217035214417,0.989387240292486,-0.0473653712515439,0.127737887198407,0.0505217035214417,0.989385866420985,-0.0473847020496666,0.127734295774777,0.0505395589709943,0.989385539498002,-0.0473893247178602,0.127733428890065,0.0505438154378918,0.989387240292486,-0.0473653712515439,0.127737887198407,0.0505217035214417,0.989387240292486,-0.0473653712515439,0.127737887198407,0.0505217035214417,0.989385866420985,-0.0473847020496666,0.127734295774777,0.0505395589709943,0.992067181679439,-0.0191551713504212,-0.0740093823394748,0.0997917720600263,0.93118268533302,-0.228103000155137,0.177577157997228,0.222112991096511,0.931875626938667,-0.175132969296853,0.240732556399812,0.207326060282215,0.954235531546196,-0.148618691973135,0.125614084114289,0.22708618760962,0.992770231897301,-0.0380000440355734,0.0220484838682057,0.111701063875808,0.986944178267484,-0.0313766179049198,0.0708790686768324,0.14118376130517,0.99468677691184,-0.0202331043839975,-0.010891862723684,0.100350409317206,0.99468677691184,-0.0202331043839975,-0.010891862723684,0.100350409317206
734,1504,0.989353504795302,-0.0478588756419849,0.127622344031202,0.0510069394839393,0.989353504795302,-0.0478588756419849,0.127622344031202,0.0510069394839393,0.994561053099942,-0.0452047264470621,0.0771759794463359,0.0533733319184732,0.99456503217237,-0.0452019736268643,0.077124684289394,0.053375663307068,0.989353504795302,-0.0478588756419849,0.127622344031202,0.0510069394839393,0.969353219595001,-0.053171115364681,0.23550404626582,0.04544240689168,0.989353504795302,-0.0478588756419849,0.127622344031202,0.0510069394839393,0.989353504795302,-0.0478588756419849,0.127622344031202,0.0510069394839393,0.98935520316588,-0.0478342009813617,0.127628122685816,0.0509826782816436,0.98935520316588,-0.0478342009813617,0.127628122685816,0.0509826782816436,0.989353830648992,-0.0478541340139328,0.127623463837339,0.0510022657938054,0.989353504795302,-0.0478588756419849,0.127622344031202,0.0510069394839393,0.98935520316588,-0.0478342009813617,0.127628122685816,0.0509826782816436,0.98935520316588,-0.0478342009813617,0.127628122685816,0.0509826782816436,0.989353830648992,-0.0478541340139328,0.127623463837339,0.0510022657938054,0.991650432121006,-0.0166547522478325,-0.0773369822384017,0.101838258429941,0.933533663437418,-0.221803126711882,0.171195398281379,0.223630069125835,0.936882516775457,-0.169529924082764,0.226958018163691,0.204940997831538,0.956999006635697,-0.144393286030292,0.115808866442062,0.223364694392531,0.992568836714054,-0.0389314303188985,0.0227290571774706,0.113025829248265,0.986904631513738,-0.0314202337616249,0.0709557732335085,0.141411793892635,0.994679057831622,-0.0203479899126378,-0.0109585967954501,0.10039641614115,0.994679057831622,-0.0203479899126378,-0.0109585967954501,0.10039641614115
735,1505,0.989309247555597,-0.0483445167691494,0.127567234728588,0.0515424196467096,0.989309247555597,-0.0483445167691494,0.127567234728588,0.0515424196467096,0.9945140522602,-0.0456625255292413,0.0771231906258865,0.0539328015865249,0.994518028610077,-0.045659743853467,0.0770718978931099,0.0539351565856248,0.989309247555597,-0.0483445167691494,0.127567234728588,0.0515424196467096,0.969315282323005,-0.0537126269146367,0.235444409851655,0.0459213135113656,0.989309247555597,-0.0483445167691494,0.127567234728588,0.0515424196467096,0.989309247555597,-0.0483445167691494,0.127567234728588,0.0515424196467096,0.989311558953539,-0.0483190016427328,0.127570280882624,0.0515144332852081,0.989311558953539,-0.0483190016427328,0.127570280882624,0.0515144332852081,0.989309696018217,-0.0483396130697585,0.127567797359065,0.051537018244804,0.989309247555597,-0.0483445167691494,0.127567234728588,0.0515424196467096,0.989311558953539,-0.0483190016427328,0.127570280882624,0.0515144332852081,0.989311558953539,-0.0483190016427328,0.127570280882624,0.0515144332852081,0.989309696018217,-0.0483396130697585,0.127567797359065,0.051537018244804,0.991232164985094,-0.0142324918026362,-0.0804786371086958,0.103823986848792,0.936295209031273,-0.214675163674458,0.164021127804912,0.224416856051486,0.94142622454306,-0.164193805593462,0.21296004261516,0.203482378098655,0.959589879875421,-0.139876328735586,0.104031622349784,0.220905628383258,0.992366130598794,-0.0398229937845506,0.0234120497184646,0.114348012376223,0.986865483285585,-0.0314454617238237,0.0710296143479446,0.141642136110931,0.994678484284259,-0.0203753935690716,-0.0109836233173271,0.100393805873167,0.994678484284259,-0.0203753935690716,-0.0109836233173271,0.100393805873167
736,1506,0.989243210694155,-0.0488556075737142,0.127633904964515,0.0521592370307623,0.989243210694155,-0.0488556075737142,0.127633904964515,0.0521592370307623,0.994451489087549,-0.0461416076376626,0.0771931308636283,0.0545747967805653,0.994455469044717,-0.0461387928499823,0.07714184135749,0.0545771764877446,0.989243210694155,-0.0488556075737142,0.127633904964515,0.0521592370307623,0.969242322988769,-0.0542883668905218,0.235503424451336,0.0464782704001354,0.989243210694155,-0.0488556075737142,0.127633904964515,0.0521592370307623,0.989243210694155,-0.0488556075737142,0.127633904964515,0.0521592370307623,0.989246644845909,-0.0488287781006431,0.127630725919658,0.0521269977222205,0.989246644845909,-0.0488287781006431,0.127630725919658,0.0521269977222205,0.989243878790086,-0.0488504477882479,0.127633244306755,0.0521530150131876,0.989243210694155,-0.0488556075737142,0.127633904964515,0.0521592370307623,0.989246644845909,-0.0488287781006431,0.127630725919658,0.0521269977222205,0.989246644845909,-0.0488287781006431,0.127630725919658,0.0521269977222205,0.989243878790086,-0.0488504477882479,0.127633244306755,0.0521530150131876,0.990812750641881,-0.011941869983784,-0.0834222501120415,0.105774349882207,0.93930788768953,-0.206678036204442,0.156162603833676,0.224940264601059,0.946048829885744,-0.157202149451806,0.199275284749418,0.201416127873572,0.962533467635149,-0.133372993327045,0.0908204344979954,0.217928008780045,0.992160705919444,-0.0407102423190384,0.024095202108299,0.11566862597574,0.986828065737723,-0.0314662043452225,0.0710994960613164,0.141862991355308,0.994678070988995,-0.0203429335019604,-0.0109742378338191,0.100405509082487,0.994678070988995,-0.0203429335019604,-0.0109742378338191,0.100405509082487
737,1507,0.989153474276003,-0.0493671790397445,0.127846352337244,0.0528544809399517,0.989153474276003,-0.0493671790397445,0.127846352337244,0.0528544809399517,0.994372665746563,-0.0466171839527456,0.0774098643216783,0.0552951415776267,0.994376656881988,-0.0466143320122386,0.0773585788806106,0.055297545811968,0.989153474276003,-0.0493671790397445,0.127846352337244,0.0528544809399517,0.969129797784919,-0.054873197648614,0.235704731652949,0.0471131266378071,0.989153474276003,-0.0493671790397445,0.127846352337244,0.0528544809399517,0.989153474276003,-0.0493671790397445,0.127846352337244,0.0528544809399517,0.989158153344178,-0.0493402600139476,0.127835573669428,0.0528181078712603,0.989158153344178,-0.0493402600139476,0.127835573669428,0.0528181078712603,0.989154382300271,-0.0493620119251159,0.12784422177093,0.0528474664923484,0.989153474276003,-0.0493671790397445,0.127846352337244,0.0528544809399517,0.989158153344178,-0.0493402600139476,0.127835573669428,0.0528181078712603,0.989158153344178,-0.0493402600139476,0.127835573669428,0.0528181078712603,0.989154382300271,-0.0493620119251159,0.12784422177093,0.0528474664923484,0.990401322104667,-0.00981733907905957,-0.0860815993127365,0.107697721825932,0.94242800586152,-0.197857903849501,0.147714783995064,0.225526154229286,0.950409658588113,-0.149558593693882,0.185711703576854,0.199661891880541,0.965351241422668,-0.125916872585505,0.0765789570750697,0.215354556987528,0.991967232414895,-0.0415134460767107,0.0248059641230395,0.116885874911797,0.986787110709633,-0.0314836961184975,0.0711691529192065,0.142108855068275,0.994677352215568,-0.0202845985074695,-0.0109568740650129,0.100426326048207,0.994677352215568,-0.0202845985074695,-0.0109568740650129,0.100426326048207
738,1508,0.989044083633867,-0.0498594658051939,0.128188439502769,0.0536055806452036,0.989044083633867,-0.0498594658051939,0.128188439502769,0.0536055806452036,0.9942808022017,-0.0470706617565382,0.0777570689163034,0.0560702898912633,0.994284811244523,-0.047067769836711,0.0777057882126887,0.0560727175129503,0.989044083633867,-0.0498594658051939,0.128188439502769,0.0536055806452036,0.968983499824523,-0.0554449946013014,0.236032735994669,0.0478056187110928,0.989044083633867,-0.0498594658051939,0.128188439502769,0.0536055806452036,0.989044083633867,-0.0498594658051939,0.128188439502769,0.0536055806452036,0.989049811249415,-0.0498335067275868,0.128170799335418,0.0535662083075626,0.989049811249415,-0.0498335067275868,0.128170799335418,0.0535662083075626,0.989045191285635,-0.0498544915007705,0.128184997929518,0.0535979997553075,0.989044083633867,-0.0498594658051939,0.128188439502769,0.0536055806452036,0.989049811249415,-0.0498335067275868,0.128170799335418,0.0535662083075626,0.989049811249415,-0.0498335067275868,0.128170799335418,0.0535662083075626,0.989045191285635,-0.0498544915007705,0.128184997929518,0.0535979997553075,0.990005518095355,-0.0078021856520338,-0.0884129405662302,0.109596313716435,0.945532849847516,-0.188242270638528,0.138753346078064,0.226450847550252,0.954458183389152,-0.141523515322399,0.172058447311956,0.198435282852793,0.967840530662921,-0.118013425914258,0.0622835478761241,0.213256414145172,0.991792492026316,-0.0422512329315362,0.0255438310807046,0.11794065783145,0.986746753927712,-0.0314959335169548,0.0712617266701874,0.142339790982711,0.994674090036663,-0.0202299198727686,-0.010958095365794,0.100469523227854,0.994674090036663,-0.0202299198727686,-0.010958095365794,0.100469523227854
739,1509,0.988909914684321,-0.050338099820837,0.128689407998465,0.0544269475028826,0.988909914684321,-0.050338099820837,0.128689407998465,0.0544269475028826,0.994172267120002,-0.0475069333002013,0.078264208814895,0.0569149206839851,0.994176302318999,-0.0475039978174784,0.0782129337083646,0.0569173708055028,0.988909914684321,-0.050338099820837,0.128689407998465,0.0544269475028826,0.968795124628514,-0.0560109383295576,0.236515939395145,0.0485694522873852,0.988909914684321,-0.050338099820837,0.128689407998465,0.0544269475028826,0.988909914684321,-0.050338099820837,0.128689407998465,0.0544269475028826,0.988916939671168,-0.050312871695864,0.128663481484199,0.0543839121936955,0.988916939671168,-0.050312871695864,0.128663481484199,0.0543839121936955,0.988911273294187,-0.0503332640341279,0.128684364657213,0.0544186583453729,0.988909914684321,-0.050338099820837,0.128689407998465,0.0544269475028826,0.988916939671168,-0.050312871695864,0.128663481484199,0.0543839121936955,0.988916939671168,-0.050312871695864,0.128663481484199,0.0543839121936955,0.988911273294187,-0.0503332640341279,0.128684364657213,0.0544186583453729,0.989639186934799,-0.005856088554234,-0.0903500674369912,0.111430925797134,0.948527349365936,-0.177792840441459,0.129392962780816,0.227910145836889,0.958300289908434,-0.132614799321555,0.158299094843203,0.197522823830913,0.970069738713446,-0.109360576910233,0.0486081381991949,0.211287044446874,0.991639400201625,-0.0429012450268558,0.0263390267194962,0.118815145559721,0.986706939343232,-0.0315312789982342,0.0714055936257978,0.142535734100593,0.994668784870287,-0.0201922100840805,-0.0109695411853137,0.100528365264594,0.994668784870287,-0.0201922100840805,-0.0109695411853137,0.100528365264594
740,1510,0.988755726491369,-0.0508168218900151,0.129325688638132,0.0552687090657763,0.988755726491369,-0.0508168218900151,0.129325688638132,0.0552687090657763,0.9940506155699,-0.0479422562732935,0.0789075034220684,0.0577799243009612,0.994054683947345,-0.047939276176936,0.0788562345889306,0.0577823968733593,0.988755726491369,-0.0508168218900151,0.129325688638132,0.0552687090657763,0.968571990910439,-0.0565792093843353,0.237131437888334,0.0493535475345238,0.988755726491369,-0.0508168218900151,0.129325688638132,0.0552687090657763,0.988755726491369,-0.0508168218900151,0.129325688638132,0.0552687090657763,0.988763822408253,-0.0507916261859845,0.129292582883513,0.0552244711818364,0.988763822408253,-0.0507916261859845,0.129292582883513,0.0552244711818364,0.98875728877222,-0.0508119866604592,0.12931927628788,0.0552602089373983,0.988755726491369,-0.0508168218900151,0.129325688638132,0.0552687090657763,0.988763822408253,-0.0507916261859845,0.129292582883513,0.0552244711818364,0.988763822408253,-0.0507916261859845,0.129292582883513,0.0552244711818364,0.98875728877222,-0.0508119866604592,0.12931927628788,0.0552602089373983,0.989327334468586,-0.00387307906747823,-0.0917883877241282,0.113098702074009,0.951325788394972,-0.166521655321093,0.119732416153399,0.230030283149584,0.961792881641163,-0.12317459075945,0.1445042602464,0.197233343495135,0.971937711540574,-0.100240413474972,0.0355543709021028,0.209820950101258,0.991515768609649,-0.0434617553241711,0.0271007570988277,0.119470102482709,0.986669748848545,-0.0315981923274448,0.0716034888699691,0.142679015031765,0.994668429127428,-0.0201578893814089,-0.0109488560475193,0.100541027168581,0.994668429127428,-0.0201578893814089,-0.0109488560475193,0.100541027168581
741,1511,0.988580829824588,-0.0512854404653222,0.130080067169026,0.0561864985998391,0.988580829824588,-0.0512854404653222,0.130080067169026,0.0561864985998391,0.993914284339959,-0.0483636248761645,0.079669795759474,0.0587203441531934,0.993918392033248,-0.0483605962765557,0.0796185339566834,0.0587228384566671,0.988580829824588,-0.0512854404653222,0.130080067169026,0.0561864985998391,0.968315304128016,-0.057145787671579,0.237862045654276,0.050214320467638,0.988580829824588,-0.0512854404653222,0.130080067169026,0.0561864985998391,0.988580829824588,-0.0512854404653222,0.130080067169026,0.0561864985998391,0.988590022257627,-0.0512607519643002,0.130040698574696,0.0561383996469825,0.988590022257627,-0.0512607519643002,0.130040698574696,0.0561383996469825,0.98858260269487,-0.051280706355503,0.130072460347614,0.0561772361712182,0.988580829824588,-0.0512854404653222,0.130080067169026,0.0561864985998391,0.988590022257627,-0.0512607519643002,0.130040698574696,0.0561383996469825,0.988590022257627,-0.0512607519643002,0.130040698574696,0.0561383996469825,0.98858260269487,-0.051280706355503,0.130072460347614,0.0561772361712182,0.989080673328155,-0.00178794393119535,-0.092691019687038,0.114562645633727,0.953860254544017,-0.154417745731466,0.10983090056018,0.23290115475578,0.964837802225961,-0.113422160175646,0.130851918586452,0.197740244712885,0.973393428077083,-0.0908321530038024,0.0232259203977654,0.209082067090211,0.991421045700417,-0.0439511781863585,0.0278279876160151,0.119909162216924,0.986630635221752,-0.0317012550370052,0.0718725043292631,0.142791327441271,0.994664566223204,-0.020161954043463,-0.010946502189649,0.100578677655696,0.994664566223204,-0.020161954043463,-0.010946502189649,0.100578677655696
742,1512,0.988388791607044,-0.0517187705774109,0.130920873901412,0.0572056830430345,0.988388791607044,-0.0517187705774109,0.130920873901412,0.0572056830430345,0.99376522621027,-0.0487445974742721,0.0805192757840759,0.0597602344333602,0.993769377716175,-0.0487415152412216,0.0804680216679135,0.0597627483843301,0.988388791607044,-0.0517187705774109,0.130920873901412,0.0572056830430345,0.968032087685673,-0.0576884264321133,0.23867667629758,0.0511797504707247,0.988388791607044,-0.0517187705774109,0.130920873901412,0.0572056830430345,0.988388791607044,-0.0517187705774109,0.130920873901412,0.0572056830430345,0.988398903943267,-0.0516958722966983,0.130876871848164,0.0571523217942248,0.988398903943267,-0.0516958722966983,0.130876871848164,0.0571523217942248,0.988390739537731,-0.0517143904475275,0.130912391063671,0.0571953991391871,0.988388791607044,-0.0517187705774109,0.130920873901412,0.0572056830430345,0.988398903943267,-0.0516958722966983,0.130876871848164,0.0571523217942248,0.988398903943267,-0.0516958722966983,0.130876871848164,0.0571523217942248,0.988390739537731,-0.0517143904475275,0.130912391063671,0.0571953991391871,0.988895447899723,0.000306630647720531,-0.0931581388817425,0.115789724332269,0.956032975776473,-0.14155675714228,0.0996886624653266,0.236695594194777,0.967471727487291,-0.103173778790155,0.117552929858802,0.198833942184249,0.974514373873096,-0.0809969577804258,0.0119151131072821,0.208852239692767,0.991351316223018,-0.0443584409502961,0.0284814264204522,0.120181965736986,0.98657715239557,-0.0318760229369944,0.0722478306833509,0.142932475296268,0.9946619775203,-0.020157163338295,-0.0109523803991302,0.100604595348089,0.9946619775203,-0.020157163338295,-0.0109523803991302,0.100604595348089
743,1513,0.98820545751536,-0.0520228144196987,0.131678651347306,0.058346664823844,0.98820545751536,-0.0520228144196987,0.131678651347306,0.058346664823844,0.99362064120053,-0.0489902608315023,0.0812853914552619,0.0609151939984909,0.99362483221948,-0.0489871190304258,0.0812341447951351,0.0609177206181527,0.98820545751536,-0.0520228144196987,0.131678651347306,0.058346664823844,0.967766641236191,-0.0581159370897655,0.239409735796622,0.0522804396728914,0.98820545751536,-0.0520228144196987,0.131678651347306,0.058346664823844,0.98820545751536,-0.0520228144196987,0.131678651347306,0.058346664823844,0.98821518179369,-0.0520064700425518,0.131638569280397,0.0582869507178721,0.98821518179369,-0.0520064700425518,0.131638569280397,0.0582869507178721,0.988207320325009,-0.0520197307047748,0.131670990072871,0.0583351527528486,0.98820545751536,-0.0520228144196987,0.131678651347306,0.058346664823844,0.98821518179369,-0.0520064700425518,0.131638569280397,0.0582869507178721,0.98821518179369,-0.0520064700425518,0.131638569280397,0.0582869507178721,0.988207320325009,-0.0520197307047748,0.131670990072871,0.0583351527528486,0.988778002544847,0.00233373396005657,-0.0932790159192235,0.116668935704272,0.957838258197458,-0.128093220021541,0.0893412642215034,0.241155834731564,0.969609750380417,-0.0926693963979052,0.104777217371864,0.200726305347066,0.975252599156444,-0.0709810171407565,0.00192383771787234,0.209380901451635,0.99128955966815,-0.0447059855649801,0.0290833047867799,0.120418209296885,0.986499635270003,-0.0321237427066057,0.0727308237010877,0.143166902775861,0.994658113195625,-0.0201612229798666,-0.0109500221628581,0.100642237438908,0.994658113195625,-0.0201612229798666,-0.0109500221628581,0.100642237438908
744,1514,0.988040822167145,-0.0521672157083952,0.132296378919813,0.0595951630689164,0.988040822167145,-0.0521672157083952,0.132296378919813,0.0595951630689164,0.99348761308239,-0.0490710236834407,0.0819106879221491,0.0621694176475554,0.993491836351539,-0.0490678171949558,0.0818594481221918,0.0621719484309392,0.988040822167145,-0.0521672157083952,0.132296378919813,0.0595951630689164,0.967535161107485,-0.0583965786138189,0.240005646110119,0.0535055273983636,0.988040822167145,-0.0521672157083952,0.132296378919813,0.0595951630689164,0.988040822167145,-0.0521672157083952,0.132296378919813,0.0595951630689164,0.988049591785579,-0.0521591811483637,0.132263495339472,0.0595297555418133,0.988049591785579,-0.0521591811483637,0.132263495339472,0.0595297555418133,0.988042497068867,-0.0521657413816009,0.132290126357439,0.0595825635598112,0.988040822167145,-0.0521672157083952,0.132296378919813,0.0595951630689164,0.988049591785579,-0.0521591811483637,0.132263495339472,0.0595297555418133,0.988049591785579,-0.0521591811483637,0.132263495339472,0.0595297555418133,0.988042497068867,-0.0521657413816009,0.132290126357439,0.0595825635598112,0.988737168498798,0.00420377796528962,-0.0930231543825792,0.117165833878796,0.959287776260002,-0.114202410067088,0.0788446646272858,0.245984330218043,0.971294982100231,-0.0818689653171806,0.0925478515702032,0.20326934209208,0.975675638625401,-0.0609240577090683,-0.00600793444229514,0.210497534686073,0.991221488604749,-0.04497139727659,0.0296270635086614,0.120746722783813,0.98640009982988,-0.0324559914865862,0.0733584563552606,0.143457270827932,0.994653602232679,-0.020183742407305,-0.0109084800807645,0.100686807330055,0.994653602232679,-0.020183742407305,-0.0109084800807645,0.100686807330055
745,1515,0.987901441446908,-0.0521411255467958,0.132750405019062,0.0609046384203125,0.987901441446908,-0.0521411255467958,0.132750405019062,0.0609046384203125,0.993371487234284,-0.0489784164008554,0.0823712109632398,0.0634758747971239,0.993375734255327,-0.0489751425312201,0.0823199771519269,0.0634784008024966,0.987901441446908,-0.0521411255467958,0.132750405019062,0.0609046384203125,0.967346761015856,-0.0585144566435779,0.240441618688898,0.0548099472550611,0.987901441446908,-0.0521411255467958,0.132750405019062,0.0609046384203125,0.987901441446908,-0.0521411255467958,0.132750405019062,0.0609046384203125,0.987908899403212,-0.0521420309892311,0.132726066303876,0.06083589736127,0.987908899403212,-0.0521420309892311,0.132726066303876,0.06083589736127,0.987902861687197,-0.0521413722163226,0.132745803532173,0.0608914182643438,0.987901441446908,-0.0521411255467958,0.132750405019062,0.0609046384203125,0.987908899403212,-0.0521420309892311,0.132726066303876,0.06083589736127,0.987908899403212,-0.0521420309892311,0.132726066303876,0.06083589736127,0.987902861687197,-0.0521413722163226,0.132745803532173,0.0608914182643438,0.988760739785758,0.0058272423304716,-0.0924151521353135,0.117378372628648,0.960390482056857,-0.100153927134154,0.0683322037821719,0.250898431203698,0.972551348358756,-0.0710537851563696,0.0807543017243076,0.206334624272172,0.975832338635173,-0.0512745111208113,-0.0113414864644107,0.212116812317901,0.991139698787609,-0.0451170045828232,0.030090605654999,0.121248129206171,0.986286015668463,-0.0328921496074936,0.0741037944214794,0.143758928221404,0.994652082753896,-0.0201685907720897,-0.0108218937861167,0.100714193808456,0.994652082753896,-0.0201685907720897,-0.0108218937861167,0.100714193808456
746,1516,0.987791209408487,-0.0519444177909655,0.133019826713165,0.0622577688073962,0.987791209408487,-0.0519444177909655,0.133019826713165,0.0622577688073962,0.993275090338095,-0.0487131933541093,0.0826458867538597,0.0648172593509069,0.993279351525827,-0.0487098503021524,0.0825946579139065,0.0648197716754654,0.987791209408487,-0.0519444177909655,0.133019826713165,0.0622577688073962,0.967207607081209,-0.0584675434381538,0.240697304695594,0.0561764958040741,0.987791209408487,-0.0519444177909655,0.133019826713165,0.0622577688073962,0.987791209408487,-0.0519444177909655,0.133019826713165,0.0622577688073962,0.987797144605523,-0.0519543011203075,0.133005145514236,0.0621866784047277,0.987797144605523,-0.0519543011203075,0.133005145514236,0.0621866784047277,0.987792335677825,-0.0519463878483902,0.133017087792904,0.0622441059117019,0.987791209408487,-0.0519444177909655,0.133019826713165,0.0622577688073962,0.987797144605523,-0.0519543011203075,0.133005145514236,0.0621866784047277,0.987797144605523,-0.0519543011203075,0.133005145514236,0.0621866784047277,0.987792335677825,-0.0519463878483902,0.133017087792904,0.0622441059117019,0.988831025447412,0.00711273462744775,-0.0915260282396784,0.117412087424634,0.96115505084272,-0.0862402394617219,0.0579713509023727,0.255700824816167,0.973449462389649,-0.0607286363685823,0.0692140135818449,0.20956525766932,0.975812157032546,-0.0427343235877304,-0.0136040321336423,0.213961076097254,0.991037210867963,-0.045135376386895,0.0304779915521151,0.121980066012485,0.986161739967245,-0.0334250479511221,0.0749402725435391,0.144054657492705,0.994649453790535,-0.020163742687852,-0.0106756479169132,0.100756727301771,0.994649453790535,-0.020163742687852,-0.0106756479169132,0.100756727301771
747,1517,0.987712040371327,-0.0516125876077257,0.133072152521701,0.0636621420405141,0.987712040371327,-0.0516125876077257,0.133072152521701,0.0636621420405141,0.993198682940478,-0.0483104182080015,0.0827021685117679,0.0662029532673562,0.993202947031075,-0.0483070036886251,0.082650943612495,0.0662054448167136,0.987712040371327,-0.0516125876077257,0.133072152521701,0.0636621420405141,0.967123170352104,-0.0582919527755045,0.240740619421287,0.0576088167763417,0.987712040371327,-0.0516125876077257,0.133072152521701,0.0636621420405141,0.987712040371327,-0.0516125876077257,0.133072152521701,0.0636621420405141,0.987716349667332,-0.0516296761159765,0.133068809456476,0.0635883723163006,0.987716349667332,-0.0516296761159765,0.133068809456476,0.0635883723163006,0.987712853747074,-0.0516159261559373,0.133071603278403,0.0636479623459551,0.987712040371327,-0.0516125876077257,0.133072152521701,0.0636621420405141,0.987716349667332,-0.0516296761159765,0.133068809456476,0.0635883723163006,0.987716349667332,-0.0516296761159765,0.133068809456476,0.0635883723163006,0.987712853747074,-0.0516159261559373,0.133071603278403,0.0636479623459551,0.988926768303832,0.00797623629053965,-0.0903776069640306,0.117439834580229,0.961690556763185,-0.0724820463692057,0.0477096621546286,0.260041177746409,0.974105814078451,-0.0514633679404675,0.0579222267827917,0.212401507488308,0.975741893832084,-0.0359315655059073,-0.0128404827750262,0.215573192265124,0.990913383679437,-0.0450789641421495,0.0307842995719126,0.122926319137551,0.986021623068942,-0.034026213975863,0.0758432408842407,0.144400063764295,0.994646913204025,-0.0201621782352825,-0.010489255254866,0.100801687221559,0.994646913204025,-0.0201621782352825,-0.010489255254866,0.100801687221559
748,1518,0.987663163143177,-0.051093564143549,0.132900319175521,0.065179974195819,0.987663163143177,-0.051093564143549,0.132900319175521,0.065179974195819,0.993141135872656,-0.0477149254223546,0.0825330412896058,0.067692445848837,0.993145391240497,-0.0477114340823397,0.0824818193585807,0.0676949066833328,0.987663163143177,-0.051093564143549,0.132900319175521,0.065179974195819,0.967093460009778,-0.057942761519479,0.240564457626762,0.0591744684856177,0.987663163143177,-0.051093564143549,0.132900319175521,0.065179974195819,0.987663163143177,-0.051093564143549,0.132900319175521,0.065179974195819,0.987665889366064,-0.0511203732154977,0.132908752695035,0.0651003984788179,0.987665889366064,-0.0511203732154977,0.132908752695035,0.0651003984788179,0.98766367301357,-0.0510987884366388,0.132902033761765,0.065164654926107,0.987663163143177,-0.051093564143549,0.132900319175521,0.065179974195819,0.987665889366064,-0.0511203732154977,0.132908752695035,0.0651003984788179,0.987665889366064,-0.0511203732154977,0.132908752695035,0.0651003984788179,0.98766367301357,-0.0510987884366388,0.132902033761765,0.065164654926107,0.989040901853335,0.00858092585838841,-0.0888360024764306,0.11761218829935,0.962101549682597,-0.0588128458976052,0.0374273686416726,0.263630137374942,0.974921401501033,-0.0436739390008238,0.0474852884259225,0.21299294666848,0.976032895600051,-0.031212896841171,-0.00929399958086556,0.215172403781601,0.990763589382869,-0.0450084819096234,0.0310827914025191,0.124079033635796,0.985868526173724,-0.0346414864412176,0.0767722665600683,0.144807581308513,0.994643200397945,-0.0201778837075956,-0.0102256262164337,0.100862250022984,0.994643200397945,-0.0201778837075956,-0.0102256262164337,0.100862250022984
749,1519,0.987663600517439,-0.0503680005798123,0.132469770771267,0.0665990732843122,0.987663600517439,-0.0503680005798123,0.132469770771267,0.0665990732843122,0.993119691126798,-0.0469181773120381,0.0821030270542868,0.06907283606783,0.993123924316437,-0.046914614778669,0.0820518062298587,0.0690752558077511,0.987663600517439,-0.0503680005798123,0.132469770771267,0.0665990732843122,0.967141178811427,-0.0573774363381219,0.240136561569675,0.06066466717952,0.987663600517439,-0.0503680005798123,0.132469770771267,0.0665990732843122,0.987663600517439,-0.0503680005798123,0.132469770771267,0.0665990732843122,0.987663785443615,-0.0504056228248541,0.132491729332001,0.066524144259385,0.987663785443615,-0.0504056228248541,0.132491729332001,0.066524144259385,0.987663614826108,-0.0503753091544943,0.13247409522508,0.0665847300100504,0.987663600517439,-0.0503680005798123,0.132469770771267,0.0665990732843122,0.987663785443615,-0.0504056228248541,0.132491729332001,0.066524144259385,0.987663785443615,-0.0504056228248541,0.132491729332001,0.066524144259385,0.987663614826108,-0.0503753091544943,0.13247409522508,0.0665847300100504,0.989201061364653,0.00910818694362662,-0.0869961806422197,0.117600874483612,0.962676969554489,-0.0452174628294725,0.0274852481164874,0.265429829673732,0.975460700053881,-0.0358835731277459,0.0369680311357674,0.214061104603155,0.976160539340431,-0.0279501211427806,0.000902280589130836,0.215240744405982,0.990603522834491,-0.0450241825283153,0.0313925521708538,0.12526767820852,0.98573045977419,-0.0352709319894433,0.0777017474751368,0.145099484731234,0.994651951781283,-0.0202060292347384,-0.00991073624528298,0.100801728692152,0.994651951781283,-0.0202060292347384,-0.00991073624528298,0.100801728692152
750,1520,0.987700763838908,-0.0493593302065748,0.131670789500131,0.0683641779443563,0.987700763838908,-0.0493593302065748,0.131670789500131,0.0683641779443563,0.993116200180473,-0.0458211033758569,0.0813031895724302,0.0707843965141212,0.993120392118042,-0.0458174525692396,0.0812519689291134,0.0707867596695511,0.987700763838908,-0.0493593302065748,0.131670789500131,0.0683641779443563,0.967265863776065,-0.056568716145996,0.239346494582842,0.0625298701265486,0.987700763838908,-0.0493593302065748,0.131670789500131,0.0683641779443563,0.987700763838908,-0.0493593302065748,0.131670789500131,0.0683641779443563,0.987699035860975,-0.0494116509263529,0.131711852649923,0.0682721845524048,0.987699035860975,-0.0494116509263529,0.131711852649923,0.0682721845524048,0.987700416037885,-0.0493694911881114,0.131678825721911,0.0683463850903181,0.987700763838908,-0.0493593302065748,0.131670789500131,0.0683641779443563,0.987699035860975,-0.0494116509263529,0.131711852649923,0.0682721845524048,0.987699035860975,-0.0494116509263529,0.131711852649923,0.0682721845524048,0.987700416037885,-0.0493694911881114,0.131678825721911,0.0683463850903181,0.98942268609329,0.00943888667167728,-0.0844427875143311,0.117571558206684,0.9631725500889,-0.0324736673135115,0.0181000457424954,0.266301498363371,0.975905483231965,-0.035701542655155,0.0211614005954546,0.214210370371432,0.975954714029118,-0.0351730301622416,0.0187540193483794,0.214297785503794,0.990415583758093,-0.0451395185249587,0.0317188638692235,0.126622703301168,0.985553491314261,-0.0359094301817663,0.0785988101514684,0.145660755267387,0.994647292429888,-0.0202385742008934,-0.00965921978440824,0.100865570188075,0.994647292429888,-0.0202385742008934,-0.00965921978440824,0.100865570188075
751,1521,0.987778065632869,-0.0480712237521216,0.130565873018405,0.070258119135821,0.987778065632869,-0.0480712237521216,0.130565873018405,0.070258119135821,0.993137247437349,-0.04443840667631,0.080195772301517,0.0726104253506385,0.993141382259212,-0.0444346616930516,0.0801445505741488,0.0726127171902678,0.987778065632869,-0.0480712237521216,0.130565873018405,0.070258119135821,0.967464043113532,-0.0554963993346871,0.238256751058365,0.0645538187748386,0.987778065632869,-0.0480712237521216,0.130565873018405,0.070258119135821,0.987778065632869,-0.0480712237521216,0.130565873018405,0.070258119135821,0.987774279770125,-0.0481382532500763,0.130623193960504,0.0701588340709715,0.987774279770125,-0.0481382532500763,0.130623193960504,0.0701588340709715,0.987777321333071,-0.0480842080076284,0.130577006813498,0.0702390040644773,0.987778065632869,-0.0480712237521216,0.130565873018405,0.070258119135821,0.987774279770125,-0.0481382532500763,0.130623193960504,0.0701588340709715,0.987774279770125,-0.0481382532500763,0.130623193960504,0.0701588340709715,0.987777321333071,-0.0480842080076284,0.130577006813498,0.0702390040644773,0.989694841085339,0.00966082599832604,-0.0814757961374099,0.11735622954863,0.963813267912635,-0.0211795208759646,0.0103946627304244,0.265532226815791,0.977466884677264,-0.0309447070040282,0.00861335160967881,0.208630593734014,0.977466884677264,-0.0309447070040282,0.00861335160967881,0.208630593734014,0.990232115676317,-0.0453462685878556,0.0320429520717887,0.127895747509008,0.985366519817908,-0.0365227396587636,0.0795084986361612,0.146278193024069,0.994642298994586,-0.0202433226164104,-0.00938837167632055,0.100939404681623,0.994642298994586,-0.0202433226164104,-0.00938837167632055,0.100939404681623
752,1522,0.987893512503405,-0.04656399879266,0.129156254245373,0.0722278613792958,0.987893512503405,-0.04656399879266,0.129156254245373,0.0722278613792958,0.99318090473764,-0.0428330222379586,0.0787821078769342,0.0745010211269091,0.993184966648895,-0.0428291797482785,0.078730883899796,0.0745032301654047,0.987893512503405,-0.04656399879266,0.129156254245373,0.0722278613792958,0.967733600082858,-0.0542146141197436,0.236868337537296,0.0666771741965487,0.987893512503405,-0.04656399879266,0.129156254245373,0.0722278613792958,0.987893512503405,-0.04656399879266,0.129156254245373,0.0722278613792958,0.987887760267329,-0.0466427215027641,0.129229628717954,0.0721244251709279,0.987887760267329,-0.0466427215027641,0.129229628717954,0.0721244251709279,0.987892391171046,-0.0465792028186019,0.129170467096218,0.0722079757456376,0.987893512503405,-0.04656399879266,0.129156254245373,0.0722278613792958,0.987887760267329,-0.0466427215027641,0.129229628717954,0.0721244251709279,0.987887760267329,-0.0466427215027641,0.129229628717954,0.0721244251709279,0.987892391171046,-0.0465792028186019,0.129170467096218,0.0722079757456376,0.989974986422971,0.00970842828317408,-0.0782467362348006,0.117186692698918,0.964621925121421,-0.0116036258475391,0.00443714591496611,0.263344278803174,0.980328210255974,-0.0207582246521727,0.000563064379276677,0.196278830351403,0.980328210255974,-0.0207582246521727,0.000563064379276677,0.196278830351403,0.990071161591092,-0.0456551536708575,0.0323864918035383,0.128941138034438,0.98518865825912,-0.037128710702023,0.0804045342799507,0.146832821080384,0.994637095106566,-0.020304633608666,-0.00919206847398278,0.100996419585853,0.994637095106566,-0.020304633608666,-0.00919206847398278,0.100996419585853
753,1523,0.988022114111793,-0.0449705361686485,0.127583730877662,0.0742451649476532,0.988022114111793,-0.0449705361686485,0.127583730877662,0.0742451649476532,0.993229420553898,-0.0411390943935432,0.0772050808222362,0.0764347339491615,0.993233401129018,-0.0411351521737729,0.0771538543449646,0.0764368556197892,0.988022114111793,-0.0449705361686485,0.127583730877662,0.0742451649476532,0.96803412287378,-0.0528523361995701,0.235319449494921,0.0688572741229826,0.988022114111793,-0.0449705361686485,0.127583730877662,0.0742451649476532,0.988022114111793,-0.0449705361686485,0.127583730877662,0.0742451649476532,0.98801563155145,-0.0450541562773495,0.127666056270905,0.0741391454520479,0.98801563155145,-0.0450541562773495,0.127666056270905,0.0741391454520479,0.988020862229594,-0.0449866249241082,0.127599604120331,0.0742247964319309,0.988022114111793,-0.0449705361686485,0.127583730877662,0.0742451649476532,0.98801563155145,-0.0450541562773495,0.127666056270905,0.0741391454520479,0.98801563155145,-0.0450541562773495,0.127666056270905,0.0741391454520479,0.988020862229594,-0.0449866249241082,0.127599604120331,0.0742247964319309,0.990231497891103,0.00963529892741518,-0.074927755831726,0.117194594606337,0.965665957599135,-0.00322613496613242,9.54221990676452e-05,0.259766897971872,0.983401959951113,-0.0132762351233369,-0.000647537137359733,0.180952776825656,0.983401959951113,-0.0132762351233369,-0.000647537137359733,0.180952776825656,0.989939926059716,-0.0460866484449679,0.0327519339388958,0.129700711066886,0.985036949834347,-0.0377398538611724,0.0813120365626064,0.14719464528856,0.994635180230231,-0.0203962379961176,-0.00900557083954815,0.101013619962046,0.994635180230231,-0.0203962379961176,-0.00900557083954815,0.101013619962046
754,1524,0.98814197768422,-0.0434644225188105,0.125991012537992,0.0762400201539544,0.98814197768422,-0.0434644225188105,0.125991012537992,0.0762400201539544,0.993268183266987,-0.0395335435246143,0.0756083289825343,0.07835046671435,0.993272081488667,-0.039529502501968,0.0755571005081774,0.0783525055752268,0.98814197768422,-0.0434644225188105,0.125991012537992,0.0762400201539544,0.968328178353945,-0.0515744135504551,0.233749529000086,0.0710054685562716,0.98814197768422,-0.0434644225188105,0.125991012537992,0.0762400201539544,0.98814197768422,-0.0434644225188105,0.125991012537992,0.0762400201539544,0.988135889481512,-0.0435439194135666,0.126074794073305,0.0761349939256559,0.988135889481512,-0.0435439194135666,0.126074794073305,0.0761349939256559,0.98814081045409,-0.0434796464977842,0.126007104078613,0.0762198712756992,0.98814197768422,-0.0434644225188105,0.125991012537992,0.0762400201539544,0.988135889481512,-0.0435439194135666,0.126074794073305,0.0761349939256559,0.988135889481512,-0.0435439194135666,0.126074794073305,0.0761349939256559,0.98814081045409,-0.0434796464977842,0.126007104078613,0.0762198712756992,0.990463534696248,0.00947475367909924,-0.0716951872353394,0.117268988257866,0.967169144990324,0.00210651916257241,-0.0010200940667245,0.254122739958073,0.985794097463892,-0.010368817098597,0.0020673846867289,0.167625209792212,0.985794097463892,-0.010368817098597,0.0020673846867289,0.167625209792212,0.989838811769484,-0.0465780388951671,0.0330948963283568,0.130208835508473,0.984907588179175,-0.0383902103011033,0.0822249510777012,0.147384842912653,0.994633469062565,-0.0205786822647482,-0.00883259025136217,0.101008739256897,0.994633469062565,-0.0205786822647482,-0.00883259025136217,0.101008739256897
755,1525,0.988236666488972,-0.0422106689430072,0.124497544392109,0.0781467329738344,0.988236666488972,-0.0422106689430072,0.124497544392109,0.0781467329738344,0.993286847890695,-0.0381845062231756,0.074111978520799,0.0801909965743798,0.993290668937221,-0.0381803702759449,0.0740607490857935,0.0801929658554394,0.988236666488972,-0.0422106689430072,0.124497544392109,0.0781467329738344,0.968586311400491,-0.0505376444403548,0.232275493585724,0.0730383388469385,0.988236666488972,-0.0422106689430072,0.124497544392109,0.0781467329738344,0.988236666488972,-0.0422106689430072,0.124497544392109,0.0781467329738344,0.988231822966695,-0.0422773399021406,0.124576431593495,0.0780461613287509,0.988231822966695,-0.0422773399021406,0.124576431593495,0.0780461613287509,0.988235745159015,-0.0422233603249285,0.12451264469854,0.0781274672765748,0.988236666488972,-0.0422106689430072,0.124497544392109,0.0781467329738344,0.988231822966695,-0.0422773399021406,0.124576431593495,0.0780461613287509,0.988231822966695,-0.0422773399021406,0.124576431593495,0.0780461613287509,0.988235745159015,-0.0422233603249285,0.12451264469854,0.0781274672765748,0.990680277687147,0.00929825648167593,-0.0689822350431078,0.117079379382435,0.969070746292154,0.00505436460072544,0.000623932658128401,0.24673052666277,0.986918160030401,-0.0193436147559716,-0.00201219011718961,0.160044747059418,0.986918160030401,-0.0193436147559716,-0.00201219011718961,0.160044747059418,0.989757146645694,-0.0471636475244292,0.033394024527485,0.13054202442824,0.984824820200145,-0.0390746120140921,0.0831506144733705,0.147238661792348,0.994630582903295,-0.0208626374427707,-0.0086761569440463,0.100992466120341,0.994630582903295,-0.0208626374427707,-0.0086761569440463,0.100992466120341
756,1526,0.98830182305007,-0.0412218598701568,0.123162954714572,0.0799446771882298,0.98830182305007,-0.0412218598701569,0.123162954714572,0.0799446771882298,0.993284093039389,-0.0371055989317282,0.0727758021119237,0.0819363635378264,0.993287845171857,-0.0371013729676346,0.0727245728207784,0.0819382771713049,0.98830182305007,-0.0412218598701569,0.123162954714572,0.0799446771882298,0.96879764234522,-0.0497522719460064,0.230956132294553,0.0749340014819424,0.98830182305007,-0.0412218598701569,0.123162954714572,0.0799446771882298,0.98830182305007,-0.0412218598701569,0.123162954714572,0.0799446771882298,0.988298480803718,-0.0412746405109342,0.123233648297881,0.0798497640506821,0.988298480803718,-0.0412746405109342,0.123233648297881,0.0798497640506821,0.988301192265334,-0.0412318761360166,0.123176455366185,0.0799265074968575,0.98830182305007,-0.0412218598701569,0.123162954714572,0.0799446771882298,0.988298480803718,-0.0412746405109342,0.123233648297881,0.0798497640506821,0.988298480803718,-0.0412746405109342,0.123233648297881,0.0798497640506821,0.988301192265334,-0.0412318761360166,0.123176455366185,0.0799265074968575,0.99087904640297,0.00947779270995336,-0.0674363051138131,0.116280830739574,0.970870711595441,0.00623480608667884,0.00371479972859091,0.239494026694196,0.988092392768745,-0.0196680724543241,-0.00238561603199629,0.152580795366315,0.988092392768745,-0.0196680724543241,-0.00238561603199629,0.152580795366315,0.989679876363514,-0.0478639340075477,0.0336697568729758,0.130801886892108,0.98478174850837,-0.0398561280125758,0.0840710300290535,0.146793933030271,0.994629691634912,-0.0211819209817837,-0.00849861142076179,0.100949870458964,0.994629691634912,-0.0211819209817837,-0.00849861142076179,0.100949870458964
757,1527,0.98833841920259,-0.0405148579772352,0.122026345980293,0.0815799380847248,0.98833841920259,-0.0405148579772352,0.122026345980293,0.0815799380847248,0.993262876578556,-0.0363164026171745,0.07163880230761,0.0835335795699571,0.993266570069638,-0.0363120942768016,0.071587574112228,0.0835354524980606,0.98833841920259,-0.0405148579772352,0.122026345980293,0.0815799380847248,0.968958842797675,-0.0492291356750442,0.229830417807061,0.0766370159616824,0.98833841920259,-0.0405148579772352,0.122026345980293,0.0815799380847248,0.98833841920259,-0.0405148579772352,0.122026345980293,0.0815799380847248,0.988336540349181,-0.0405528519756459,0.122086725724079,0.081493439056328,0.988336540349181,-0.0405528519756459,0.122086725724079,0.081493439056328,0.98833806930085,-0.040522029081212,0.122037849844596,0.081563405612552,0.98833841920259,-0.0405148579772352,0.122026345980293,0.0815799380847248,0.988336540349181,-0.0405528519756459,0.122086725724079,0.081493439056328,0.988336540349181,-0.0405528519756459,0.122086725724079,0.081493439056328,0.98833806930085,-0.040522029081212,0.122037849844596,0.081563405612552,0.991072900382163,0.0109788503087585,-0.0671668565282014,0.114641111116845,0.97239264326616,0.00541841416206453,0.00739686916669539,0.233170483630217,0.988907565834856,-0.0159584695013066,-0.00217455392902134,0.14765644178622,0.988907565834856,-0.0159584695013066,-0.00217455392902134,0.14765644178622,0.989587347506803,-0.0486510929702662,0.0340224080953824,0.131119901443829,0.984759928960969,-0.0406842442803524,0.0850097885408172,0.146171168266416,0.994628990504304,-0.0215760971600515,-0.00835830637539876,0.100884993900312,0.994628990504304,-0.0215760971600515,-0.00835830637539876,0.100884993900312
758,1528,0.988359657815601,-0.0399711800056656,0.121094833574926,0.0829670588429168,0.988359657815601,-0.0399711800056656,0.121094833574926,0.0829670588429168,0.993236745937037,-0.0357029302677359,0.0707074142952281,0.0848912766683746,0.993240391391285,-0.0356985519041756,0.0706561874487877,0.0848931179544856,0.988359657815601,-0.0399711800056656,0.121094833574926,0.0829670588429167,0.969082254332768,-0.0488410839382304,0.228906872446486,0.0780754545540919,0.988359657815601,-0.0399711800056656,0.121094833574926,0.0829670588429167,0.988359657815601,-0.0399711800056656,0.121094833574926,0.0829670588429167,0.988358583964832,-0.0400002669382381,0.121144438260764,0.082893384696158,0.988358583964832,-0.0400002669382381,0.121144438260764,0.082893384696158,0.988359457407015,-0.0399766891252318,0.121104265638812,0.0829530236023904,0.988359657815601,-0.0399711800056656,0.121094833574926,0.0829670588429167,0.988358583964832,-0.0400002669382381,0.121144438260764,0.082893384696158,0.988358583964832,-0.0400002669382381,0.121144438260764,0.082893384696158,0.988359457407015,-0.0399766891252318,0.121104265638812,0.0829530236023904,0.991306180767175,0.014535975146816,-0.0675848399785479,0.111951108991394,0.973693441059697,0.00270733532883799,0.010998339567851,0.227580292862747,0.988124751353013,-0.0217199873616811,-0.00652453686813602,0.15197087987905,0.988124751353013,-0.0217199873616811,-0.00652453686813602,0.15197087987905,0.989506985565853,-0.0494740579423235,0.0343583560157017,0.131330676077588,0.984729719725822,-0.0415985801264204,0.0859727673294935,0.145552809996507,0.994626174432191,-0.0220357505583651,-0.00819467288202439,0.100826812743802,0.994626174432191,-0.0220357505583651,-0.00819467288202439,0.100826812743802
759,1529,0.988395320162814,-0.0393856432692931,0.120248377345321,0.0840463558420556,0.988395320162814,-0.0393856432692931,0.120248377345321,0.0840463558420556,0.993229343159135,-0.0350632976267085,0.069860239490052,0.0859394204402515,0.993232944919868,-0.0350588652053854,0.0698090130265408,0.0859412287355497,0.988395320162814,-0.0393856432692931,0.120248377345321,0.0840463558420556,0.969210661239752,-0.0483776205361644,0.228069452827725,0.0792125284113841,0.988395320162814,-0.0393856432692931,0.120248377345321,0.0840463558420556,0.988395320162814,-0.0393856432692931,0.120248377345321,0.0840463558420556,0.988393542305271,-0.0394163768147392,0.120293187582048,0.0839887122736605,0.988393542305271,-0.0394163768147392,0.120293187582048,0.0839887122736605,0.988394972683018,-0.039391554174319,0.120256937587762,0.0840354234634482,0.988395320162814,-0.0393856432692931,0.120248377345321,0.0840463558420556,0.988393542305271,-0.0394163768147392,0.120293187582048,0.0839887122736605,0.988393542305271,-0.0394163768147392,0.120293187582048,0.0839887122736605,0.988394972683018,-0.039391554174319,0.120256937587762,0.0840354234634482,0.991505088577227,0.0190533760547565,-0.0679551006215358,0.109255354495324,0.974571737120653,-0.00075398660260416,0.0130352602588238,0.223694976921299,0.986915855175746,-0.0296681724612616,-0.00965500810915114,0.158188732733871,0.986915855175746,-0.0296681724612616,-0.00965500810915114,0.158188732733871,0.98943611569362,-0.0502177616503498,0.034695416549538,0.131493640326842,0.984651666014715,-0.0425329015259751,0.0870319752851957,0.145180867128507,0.994620685012311,-0.0225443252360606,-0.0080562498036307,0.100779676445182,0.994620685012311,-0.0225443252360606,-0.0080562498036307,0.100779676445182
760,1530,0.98846418547481,-0.0384871276385871,0.119337438564599,0.084946281829121,0.98846418547481,-0.0384871276385871,0.119337438564599,0.084946281829121,0.993251823272102,-0.0341202066406056,0.0689469780061711,0.0867925186249583,0.993255377930823,-0.0341157302215107,0.0688957503844499,0.0867942782786657,0.98846418547481,-0.0384871276385871,0.119337438564599,0.084946281829121,0.969379151933038,-0.0475833723512638,0.227171587147517,0.0802056884899216,0.98846418547481,-0.0384871276385871,0.119337438564599,0.084946281829121,0.98846418547481,-0.0384871276385871,0.119337438564599,0.084946281829121,0.988460716673988,-0.0385335925852157,0.119385233686285,0.0848984087748091,0.988460716673988,-0.0385335925852157,0.119385233686285,0.0848984087748091,0.988463505568672,-0.0384961723835914,0.119346635034231,0.0849371742920083,0.98846418547481,-0.0384871276385871,0.119337438564599,0.084946281829121,0.988460716673988,-0.0385335925852157,0.119385233686285,0.0848984087748091,0.988460716673988,-0.0385335925852157,0.119385233686285,0.0848984087748091,0.988463505568672,-0.0384961723835914,0.119346635034231,0.0849371742920083,0.991557285706114,0.0221531101367709,-0.0682881643458711,0.107982014635144,0.97485107239893,-0.00374326876756743,0.0131520927950039,0.222437400265114,0.987719325668544,-0.0183789106524527,-0.00726411677839579,0.154983811901557,0.987719325668544,-0.0183789106524527,-0.00726411677839579,0.154983811901557,0.989388746550761,-0.0508285324149521,0.0350723515486947,0.131515393198291,0.984512928561519,-0.0434744611146058,0.088195611012062,0.145140617761624,0.994614148195355,-0.0230678127542804,-0.00791856640650194,0.100736629536781,0.994614148195355,-0.0230678127542804,-0.00791856640650194,0.100736629536781
761,1531,0.988559288207344,-0.037246800499692,0.118356102800239,0.0857615443043352,0.988559288207344,-0.037246800499692,0.118356102800239,0.0857615443043352,0.993296929146897,-0.0328400486821104,0.0679620770607929,0.0875436909861866,0.993300433008729,-0.0328355335225746,0.0679108471140204,0.0875453846140171,0.988559288207344,-0.037246800499692,0.118356102800239,0.0857615443043352,0.96958145254188,-0.0464400822252371,0.226206631772482,0.0811522359016776,0.988559288207344,-0.037246800499692,0.118356102800239,0.0857615443043352,0.988559288207344,-0.037246800499692,0.118356102800239,0.0857615443043352,0.988554441089625,-0.0373111432103875,0.118407569127305,0.0857183945701068,0.988554441089625,-0.0373111432103875,0.118407569127305,0.0857183945701068,0.988558346190163,-0.0372592948209344,0.118366010020744,0.085753301971331,0.988559288207344,-0.037246800499692,0.118356102800239,0.0857615443043352,0.988554441089625,-0.0373111432103875,0.118407569127305,0.0857183945701068,0.988554441089625,-0.0373111432103875,0.118407569127305,0.0857183945701068,0.988558346190163,-0.0372592948209344,0.118366010020744,0.085753301971331,0.991366088325266,0.022371469901149,-0.0687652908193456,0.109380670283439,0.974422753566772,-0.00579640968682781,0.0124404812265818,0.224303217526955,0.988579891775234,-0.00576005280510166,-0.0035049407732335,0.150546785948844,0.988579891775234,-0.00576005280510166,-0.0035049407732335,0.150546785948844,0.989365043710847,-0.0512696548723696,0.0354069152006696,0.1314328084166,0.984317298513987,-0.0444260707554876,0.0894663377126784,0.145401356594898,0.99460459287001,-0.0236175593456356,-0.00775790450887462,0.100716084366261,0.99460459287001,-0.0236175593456356,-0.00775790450887462,0.100716084366261
762,1532,0.988649909260382,-0.0358313254844526,0.11744073736351,0.0865745126522875,0.988649909260382,-0.0358313254844526,0.11744073736351,0.0865745126522875,0.993340911912163,-0.0313850857840758,0.0670432889598844,0.0882836707283973,0.993344368386916,-0.0313805324615974,0.0669920567458976,0.0882852893147013,0.988649909260382,-0.0358313254844526,0.11744073736351,0.0865745126522875,0.969772053527648,-0.0451224517146305,0.225306755490854,0.0821157383101115,0.988649909260382,-0.0358313254844526,0.11744073736351,0.0865745126522875,0.988649909260382,-0.0358313254844526,0.11744073736351,0.0865745126522875,0.988645226640083,-0.0359053197088339,0.117489089767785,0.0865317146711129,0.988645226640083,-0.0359053197088339,0.117489089767785,0.0865317146711129,0.988649011139205,-0.035845605820944,0.117449992175604,0.0865663020739106,0.988649909260382,-0.0358313254844526,0.11744073736351,0.0865745126522875,0.988645226640083,-0.0359053197088339,0.117489089767785,0.0865317146711129,0.988645226640083,-0.0359053197088339,0.117489089767785,0.0865317146711129,0.988649011139205,-0.035845605820944,0.117449992175604,0.0865663020739106,0.990995637444223,0.0203732545927058,-0.0689939318019641,0.112926588712862,0.97335654814641,-0.00691524119862193,0.0123878805243939,0.228857488485266,0.988584094816826,-0.00381411480958555,-0.00265455569252737,0.150598450647719,0.988584094816826,-0.00381411480958555,-0.00265455569252737,0.150598450647719,0.989355543676,-0.051595790389388,0.0356639852654813,0.131307131438639,0.984070682189561,-0.0453982688820621,0.0908480025948127,0.145912748113445,0.994592745448407,-0.0241835075012934,-0.00754443549968989,0.100714994709471,0.994592745448407,-0.0241835075012934,-0.00754443549968989,0.100714994709471
763,1533,0.988720132868559,-0.0344872863630483,0.116644570965732,0.0873909034391552,0.988720132868559,-0.0344872863630483,0.116644570965732,0.0873909034391552,0.993370581587719,-0.0300012925263511,0.0662445825066432,0.0890306990388537,0.99337399686869,-0.0299967006773014,0.0661933487634883,0.0890322462542366,0.988720132868559,-0.0344872863630483,0.116644570965732,0.0873909034391552,0.969929289665442,-0.0438762008565445,0.22452311712715,0.0830747971589146,0.988720132868559,-0.0344872863630483,0.116644570965732,0.0873909034391552,0.988720132868559,-0.0344872863630483,0.116644570965732,0.0873909034391552,0.988716468987362,-0.0345581909116361,0.116686806537191,0.0873479511736238,0.988716468987362,-0.0345581909116361,0.116686806537191,0.0873479511736238,0.988719437208276,-0.0345008701074759,0.116652627017485,0.0873826587962194,0.988720132868559,-0.0344872863630483,0.116644570965732,0.0873909034391552,0.988716468987362,-0.0345581909116361,0.116686806537191,0.0873479511736238,0.988716468987362,-0.0345581909116361,0.116686806537191,0.0873479511736238,0.988719437208276,-0.0345008701074759,0.116652627017485,0.0873826587962194,0.99058963349045,0.0173463803230033,-0.0686390492744199,0.117132241614551,0.971673861178001,-0.00698608928491217,0.0133937086296398,0.235842554745919,0.987747782805738,-0.012487644199504,-0.00383980446056094,0.155510874881478,0.987747782805738,-0.012487644199504,-0.00383980446056094,0.155510874881478,0.989328317710512,-0.0519088242692221,0.0358746805236353,0.131331492934495,0.983771642093098,-0.0463777820400326,0.0923499166396839,0.146676345888284,0.994580113446702,-0.0247423629190666,-0.00725873691238923,0.100724992687843,0.994580113446702,-0.0247423629190666,-0.00725873691238923,0.100724992687843
764,1534,0.988770242113385,-0.0333140787961187,0.115942036898342,0.088210115887395,0.988770242113385,-0.0333140787961187,0.115942036898342,0.088210115887395,0.993384921524687,-0.028787966653663,0.0655404096454309,0.0897892274543514,0.993388300487522,-0.0287833356846908,0.0654891751636222,0.0897907120907506,0.988770242113385,-0.0333140787961187,0.115942036898342,0.088210115887395,0.970056250134457,-0.0428000581051837,0.223830335710275,0.0840178993851581,0.988770242113385,-0.0333140787961187,0.115942036898342,0.088210115887395,0.988770242113385,-0.0333140787961187,0.115942036898342,0.088210115887395,0.988767620353084,-0.0333762866852873,0.115979283242216,0.0881670135993262,0.988767620353084,-0.0333762866852873,0.115979283242216,0.0881670135993262,0.988769746792912,-0.0333259471432401,0.115949144295177,0.0882018424484579,0.988770242113385,-0.0333140787961187,0.115942036898342,0.088210115887395,0.988767620353084,-0.0333762866852873,0.115979283242216,0.0881670135993262,0.988767620353084,-0.0333762866852873,0.115979283242216,0.0881670135993262,0.988769746792912,-0.0333259471432401,0.115949144295177,0.0882018424484579,0.990284188243656,0.0139897618595291,-0.0676907991437214,0.120662623827765,0.969801765140408,-0.0064940914256141,0.0149353747632349,0.243350154484822,0.987028481610929,-0.0194516065502374,-0.00405744676114759,0.159310855302521,0.987028481610929,-0.0194516065502374,-0.00405744676114759,0.159310855302521,0.989253027489131,-0.0522772502930376,0.0360414845466276,0.131706294827025,0.983426998030444,-0.0473491038539018,0.0939623887602761,0.147649826981014,0.994564058833399,-0.0253047642855528,-0.00690182441722969,0.100768877144705,0.994564058833399,-0.0253047642855528,-0.00690182441722969,0.100768877144705
765,1535,0.988812617509157,-0.0322882971514068,0.115262545265567,0.0890034773514784,0.988812617509157,-0.0322882971514068,0.115262545265567,0.0890034773514784,0.993392708681644,-0.0277231899969381,0.06485964249481,0.0905294308497869,0.993396052533514,-0.0277185208529692,0.0648084076122797,0.0905308605687375,0.988812617509157,-0.0322882971514068,0.115262545265567,0.0890034773514784,0.970172992948225,-0.0418676104919542,0.223159607994573,0.0849191162535662,0.988812617509157,-0.0322882971514068,0.115262545265567,0.0890034773514784,0.988812617509157,-0.0322882971514068,0.115262545265567,0.0890034773514784,0.988810423992388,-0.0323426984895656,0.115298388746282,0.0889616592185526,0.988810423992388,-0.0323426984895656,0.115298388746282,0.0889616592185526,0.988812199533753,-0.0322986740055524,0.115269412509355,0.0889954619655036,0.988812617509157,-0.0322882971514068,0.115262545265567,0.0890034773514784,0.988810423992388,-0.0323426984895656,0.115298388746282,0.0889616592185526,0.988810423992388,-0.0323426984895656,0.115298388746282,0.0889616592185526,0.988812199533753,-0.0322986740055524,0.115269412509355,0.0889954619655036,0.990192350372748,0.0109571840505071,-0.0663894339227534,0.1224397502627,0.968525668952658,-0.00591200773938638,0.0167504133190692,0.248279077648391,0.987063399731737,-0.0189774990352393,-0.00231828221359911,0.159186447312494,0.987063399731737,-0.0189774990352393,-0.00231828221359911,0.159186447312494,0.989105312798021,-0.0527664464795764,0.0361710496151781,0.132582191452637,0.983068172633892,-0.04829534259757,0.095652189246082,0.148644497140241,0.994545886432758,-0.0258599743127627,-0.00647061240547651,0.100835870023147,0.994545886432758,-0.0258599743127627,-0.00647061240547651,0.100835870023147
766,1536,0.988867365979003,-0.0313508220617852,0.11449501000218,0.0897181762097227,0.988867365979003,-0.0313508220617852,0.11449501000218,0.0897181762097227,0.993408378323779,-0.0267506036086664,0.0640903166614926,0.0911955612566784,0.993411682497209,-0.026745900109935,0.0640390809718147,0.0911969408130446,0.988867365979003,-0.0313508220617852,0.11449501000218,0.0897181762097227,0.970311703200027,-0.0410142963273608,0.222402728055917,0.0857324482510561,0.988867365979003,-0.0313508220617852,0.11449501000218,0.0897181762097227,0.988867365979003,-0.0313508220617852,0.11449501000218,0.0897181762097227,0.98886457065962,-0.0314004175430053,0.114535184949518,0.0896803550442964,0.98886457065962,-0.0314004175430053,0.114535184949518,0.0896803550442964,0.988866824219096,-0.0313603008984365,0.114502755176672,0.0897109499634821,0.988867365979003,-0.0313508220617852,0.11449501000218,0.0897181762097227,0.98886457065962,-0.0314004175430053,0.114535184949518,0.0896803550442964,0.98886457065962,-0.0314004175430053,0.114535184949518,0.0896803550442964,0.988866824219096,-0.0313603008984365,0.114502755176672,0.0897109499634821,0.990347134057965,0.00884043307118678,-0.0648658768944153,0.122175360940774,0.968222027128857,-0.00553534545373472,0.0185000044091794,0.249345575396987,0.987375323744249,-0.016157117411082,-0.000455946104086936,0.157571284601782,0.987375323744249,-0.016157117411082,-0.000455946104086936,0.157571284601782,0.988887972998466,-0.0533232164700619,0.0362174589546319,0.1339608417081,0.982715487325344,-0.049249087539414,0.0974101417543004,0.149519438973182,0.994528032560233,-0.0263645595372733,-0.00597371415167619,0.100911927895151,0.994528032560233,-0.0263645595372733,-0.00597371415167619,0.100911927895151
767,1537,0.988931379708292,-0.030421903987464,0.113696427717218,0.0903457597808241,0.988931379708292,-0.030421903987464,0.113696427717218,0.0903457597808241,0.993431723363993,-0.0257909905958965,0.0632895130448115,0.0917751238445322,0.993434986235489,-0.02578625720717,0.0632382761521649,0.0917764539075384,0.988931379708292,-0.030421903987464,0.113696427717218,0.0903457597808241,0.970463032341154,-0.0401599201649557,0.221616006431429,0.0864582521506261,0.988931379708292,-0.030421903987464,0.113696427717218,0.0903457597808241,0.988931379708292,-0.030421903987464,0.113696427717218,0.0903457597808241,0.988928088770943,-0.0304708312056281,0.113738371286365,0.090312494055991,0.988928088770943,-0.0304708312056281,0.113738371286365,0.090312494055991,0.988930743639641,-0.0304312882514302,0.113704492085064,0.0903394125472537,0.988931379708292,-0.030421903987464,0.113696427717218,0.0903457597808241,0.988928088770943,-0.0304708312056281,0.113738371286365,0.090312494055991,0.988928088770943,-0.0304708312056281,0.113738371286365,0.090312494055991,0.988930743639641,-0.0304312882514302,0.113704492085064,0.0903394125472537,0.990680633327133,0.00794583415556999,-0.0632335043977024,0.120375539009008,0.968742823155076,-0.00556581001112004,0.0198571603625786,0.24720853044907,0.987322384552295,-0.0176055063414841,5.1198798489047e-05,0.157748383469103,0.987322384552295,-0.0176055063414841,5.1198798489047e-05,0.157748383469103,0.988623079433253,-0.0538519713253672,0.0362409626340263,0.13568700978223,0.982390950920329,-0.0502038566267911,0.099204660743953,0.150153347003405,0.994508716535498,-0.0268882744670839,-0.00538554383501448,0.100997174954075,0.994508716535498,-0.0268882744670839,-0.00538554383501448,0.100997174954075
768,1538,0.988998678079713,-0.0295102781628763,0.112907002753859,0.0908997633026064,0.988998678079713,-0.0295102781628763,0.112907002753859,0.0908997633026064,0.993458814199759,-0.024852387009629,0.0624976879819424,0.092282080306221,0.993462036232389,-0.0248476274755818,0.0624464496931236,0.0922833619595369,0.988998678079713,-0.0295102781628763,0.112907002753859,0.0908997633026064,0.970616620572591,-0.0393146508802645,0.220838747466389,0.0871090219890174,0.988998678079713,-0.0295102781628763,0.112907002753859,0.0908997633026064,0.988998678079713,-0.0295102781628763,0.112907002753859,0.0908997633026064,0.988995194738024,-0.0295583072069931,0.11294857645981,0.0908704040700709,0.988995194738024,-0.0295583072069931,0.11294857645981,0.0908704040700709,0.988998007561075,-0.029519488529883,0.112914978657165,0.0908941606045719,0.988998678079713,-0.0295102781628763,0.112907002753859,0.0908997633026064,0.988995194738024,-0.0295583072069931,0.11294857645981,0.0908704040700709,0.988995194738024,-0.0295583072069931,0.11294857645981,0.0908704040700709,0.988998007561075,-0.029519488529883,0.112914978657165,0.0908941606045719,0.991085491892922,0.00825755205477468,-0.0616704632249222,0.117805409718959,0.96967433994567,-0.00598964811512499,0.0208484532154007,0.243436111875191,0.986867414158602,-0.0231674597965077,-0.000465614029355346,0.159861686723456,0.986853028471811,-0.0223761457768049,-0.00534884291442022,0.159974367245713,0.988341117596748,-0.0543464401241107,0.0362743361717483,0.137522624497743,0.98209991734839,-0.0511723970497615,0.101068089335407,0.150487140455782,0.994489995829446,-0.0274090211725651,-0.00472473848317882,0.101074579394528,0.994489995829446,-0.0274090211725651,-0.00472473848317882,0.101074579394528
769,1539,0.989079544514077,-0.0286336136918961,0.112151899037399,0.0912344361141944,0.989079544514077,-0.0286336136918961,0.112151899037399,0.0912344361141944,0.993501199856728,-0.0239598465358499,0.0617394502494982,0.0925717663227309,0.993504382782757,-0.023955072062268,0.0616882097756234,0.0925730019423769,0.989079544514077,-0.0286336136918961,0.112151899037399,0.0912344361141944,0.970779925537326,-0.0384800439399868,0.220097092228889,0.0875379482539342,0.989079544514077,-0.0286336136918961,0.112151899037399,0.0912344361141944,0.989079544514077,-0.0286336136918961,0.112151899037399,0.0912344361141944,0.98907536529949,-0.0286798494882377,0.112191737259359,0.091216238037644,0.98907536529949,-0.0286798494882377,0.112191737259359,0.091216238037644,0.989078736436856,-0.0286424726535914,0.11215953066239,0.0912310340309277,0.989079544514077,-0.0286336136918961,0.112151899037399,0.0912344361141944,0.98907536529949,-0.0286798494882377,0.112191737259359,0.091216238037644,0.98907536529949,-0.0286798494882377,0.112191737259359,0.091216238037644,0.989078736436856,-0.0286424726535914,0.11215953066239,0.0912310340309277,0.991530513996382,0.00928675439717571,-0.0604049177279346,0.114595994350232,0.970715820050366,-0.00661122235096603,0.0218091278392192,0.239147340327809,0.986464980207296,-0.0277986938433346,-0.00101143152151902,0.161595335488067,0.986417576356428,-0.0263704675212991,-0.00972343685195943,0.161834539804099,0.988107301202373,-0.0547668210927857,0.036346745457388,0.139008887171321,0.981865618027285,-0.0521454224119192,0.103002115427251,0.150370633020185,0.994473834984222,-0.0280076955023735,-0.00391851366422765,0.1011039355074,0.994473834984222,-0.0280076955023735,-0.00391851366422765,0.1011039355074
770,1540,0.989162677251743,-0.0277443135951689,0.111454020261161,0.0914628468992873,0.989162677251743,-0.0277443135951689,0.111454020261161,0.0914628468992873,0.993548757203928,-0.0230600872693045,0.0610382483262825,0.0927546854607443,0.993551903965004,-0.0230553033627603,0.0609870054005429,0.092755874674549,0.989162677251743,-0.0277443135951689,0.111454020261161,0.0914628468992873,0.970939198488177,-0.0376212078011201,0.219412564679756,0.0878626429341531,0.989162677251743,-0.0277443135951689,0.111454020261161,0.0914628468992873,0.989162677251743,-0.0277443135951689,0.111454020261161,0.0914628468992873,0.989158346607556,-0.027791091381807,0.111490910058699,0.0914505196852207,0.989158346607556,-0.027791091381807,0.111490910058699,0.0914505196852207,0.989161844527996,-0.0277532953752879,0.111461076119966,0.0914605293881667,0.989162677251743,-0.0277443135951689,0.111454020261161,0.0914628468992873,0.989158346607556,-0.027791091381807,0.111490910058699,0.0914505196852207,0.989158346607556,-0.027791091381807,0.111490910058699,0.0914505196852207,0.989161844527996,-0.0277532953752879,0.111461076119966,0.0914605293881667,0.991971626747009,0.00998176508871807,-0.0588968796350528,0.111462162476157,0.971224518255462,-0.00715065635554191,0.0225774933747783,0.236985358294649,0.986459870457149,-0.0285680990599514,-0.00094128837775023,0.16149272946469,0.986422538608219,-0.0273079381720965,-0.00863350287324927,0.161710588603974,0.98795073885659,-0.0550405207644922,0.0363210872422301,0.140016632184303,0.981632594186539,-0.0531822349494788,0.104945959917245,0.150184704325813,0.99444776653257,-0.028616778906138,-0.00302138090079181,0.101220506128318,0.99444776653257,-0.028616778906138,-0.00302138090079181,0.101220506128318
771,1541,0.989244034277455,-0.0269393197130174,0.110845733237168,0.0915627496473276,0.989244034277455,-0.0269393197130174,0.110845733237168,0.0915627496473276,0.993599094412549,-0.0222510563707616,0.0604266126221086,0.0928135472868296,0.993602209628098,-0.0222462694294612,0.0603753671010123,0.0928146947743254,0.989244034277455,-0.0269393197130174,0.110845733237168,0.0915627496473276,0.971086867242285,-0.0368320547980981,0.218816891943892,0.0880503481476892,0.989244034277455,-0.0269393197130174,0.110845733237168,0.0915627496473276,0.989244034277455,-0.0269393197130174,0.110845733237168,0.0915627496473276,0.989239777186894,-0.0269819090479522,0.110877995142766,0.0915571406744028,0.989239777186894,-0.0269819090479522,0.110877995142766,0.0915571406744028,0.989243217562582,-0.0269474596122141,0.110851887247815,0.0915617279242637,0.989244034277455,-0.0269393197130174,0.110845733237168,0.0915627496473276,0.989239777186894,-0.0269819090479522,0.110877995142766,0.0915571406744028,0.989239777186894,-0.0269819090479522,0.110877995142766,0.0915571406744028,0.989243217562582,-0.0269474596122141,0.110851887247815,0.0915617279242637,0.992391636377919,0.0103549782727816,-0.0570832164155572,0.108596136560108,0.971209891785362,-0.00753377231024745,0.023364936748545,0.236957101821786,0.986517229298341,-0.0286560138223308,-0.000824538939317287,0.161126997442625,0.986481609721974,-0.0274140096094679,-0.00842361248408452,0.161342953085015,0.987919410346718,-0.0550887808837573,0.0361996154118649,0.140249965151393,0.981412098930597,-0.0542876613184899,0.106928290631708,0.149831513920769,0.994412469746977,-0.0292888672337467,-0.00205384052664489,0.101399132180569,0.994412469746977,-0.0292888672337467,-0.00205384052664489,0.101399132180569
772,1542,0.989305569148331,-0.0262400118528425,0.110391153202763,0.0916501277938159,0.989305569148332,-0.0262400118528425,0.110391153202763,0.0916501277938159,0.993637446859049,-0.0215482114480374,0.0599694926839515,0.0928652719268661,0.993640538498325,-0.0215434218399439,0.0599182451854138,0.0928663831646648,0.989305569148331,-0.0262400118528425,0.110391153202763,0.0916501277938159,0.97119795319551,-0.0361465730524066,0.218371819523931,0.0882139977737499,0.989305569148331,-0.0262400118528425,0.110391153202763,0.0916501277938159,0.989305569148331,-0.0262400118528425,0.110391153202763,0.0916501277938159,0.989302298356069,-0.0262771072163447,0.110415497401487,0.0916454801794537,0.989302298356069,-0.0262771072163447,0.110415497401487,0.0916454801794537,0.989304949180127,-0.0262470864253891,0.110395760939641,0.0916492441236784,0.989305569148331,-0.0262400118528425,0.110391153202763,0.0916501277938159,0.989302298356069,-0.0262771072163447,0.110415497401487,0.0916454801794537,0.989302298356069,-0.0262771072163447,0.110415497401487,0.0916454801794537,0.989304949180127,-0.0262470864253891,0.110395760939641,0.0916492441236784,0.992773895096977,0.0107869893387573,-0.0550410174942982,0.106085439472978,0.970747857654254,-0.00772889828654558,0.0242075787508071,0.238752704952167,0.986370274482801,-0.0303535127053925,-0.00105366034299055,0.161713436927946,0.986332369659951,-0.0290971531350317,-0.00871120797489319,0.161944209825611,0.988014057641661,-0.054839571622223,0.035985454729346,0.139735071956447,0.98118730655839,-0.0554911999346867,0.108983479169437,0.149381382530173,0.994363145984621,-0.0300242240066688,-0.000982837052943714,0.101683400374359,0.994363145984621,-0.0300242240066688,-0.000982837052943714,0.101683400374359
773,1543,0.989363297095843,-0.0255718589079868,0.10994618173516,0.0917506594717053,0.989363297095843,-0.0255718589079868,0.10994618173516,0.0917506594717053,0.993672485633447,-0.0208758126835442,0.0595221623728917,0.0929317164713123,0.99367555420136,-0.0208710196494297,0.0594709130678042,0.0929327930296724,0.989363297095842,-0.0255718589079868,0.10994618173516,0.0917506594717052,0.971304200012155,-0.0354935023302168,0.217935879462849,0.0883872998447045,0.989363297095842,-0.0255718589079868,0.10994618173516,0.0917506594717052,0.989363297095842,-0.0255718589079868,0.10994618173516,0.0917506594717052,0.989360264368338,-0.0256071217725178,0.109969649433835,0.091745402102444,0.989360264368338,-0.0256071217725178,0.109969649433835,0.091745402102444,0.989362716906381,-0.0255786112689465,0.109950677893294,0.0917496456231943,0.989363297095842,-0.0255718589079868,0.10994618173516,0.0917506594717052,0.989360264368338,-0.0256071217725178,0.109969649433835,0.091745402102444,0.989360264368338,-0.0256071217725178,0.109969649433835,0.091745402102444,0.989362716906381,-0.0255786112689465,0.109950677893294,0.0917496456231943,0.993081396351686,0.0113524994559042,-0.0531354805820005,0.10410130488908,0.97006003623061,-0.00778212491048903,0.025143774033474,0.241434784709036,0.986212182156887,-0.0320225005425211,-0.00121183561120129,0.162353388257857,0.986177095326129,-0.0308371934298982,-0.00840674933117069,0.162582688872984,0.988218147465029,-0.0542612976762792,0.0356109364673273,0.138609039384858,0.980937897799608,-0.0568298274094138,0.111079989675764,0.148971296801544,0.994282035038838,-0.0308701259550785,0.000138993027601385,0.102226468213877,0.994282035038838,-0.0308701259550785,0.000138993027601385,0.102226468213877
774,1544,0.989413613172747,-0.0249700606499261,0.10950668296338,0.0918993173312275,0.989413613172747,-0.0249700606499261,0.10950668296338,0.0918993173312275,0.993700400251787,-0.0202672369619011,0.0590806743752354,0.0930495973163602,0.993703446049666,-0.0202624378488241,0.0590294236310227,0.0930506424869231,0.989413613172747,-0.0249700606499261,0.10950668296338,0.0918993173312275,0.971402478764019,-0.0349116702833828,0.217504565001088,0.0886011497263495,0.989413613172747,-0.0249700606499261,0.10950668296338,0.0918993173312275,0.989413613172747,-0.0249700606499261,0.10950668296338,0.0918993173312275,0.989410960929259,-0.0250019140930111,0.109529832971373,0.0918916229804996,0.989410960929259,-0.0250019140930111,0.109529832971373,0.0918916229804996,0.989413107111652,-0.024976146229946,0.109511123234264,0.0918978208835092,0.989413613172747,-0.0249700606499261,0.10950668296338,0.0918993173312275,0.989410960929259,-0.0250019140930111,0.109529832971373,0.0918916229804996,0.989410960929259,-0.0250019140930111,0.109529832971373,0.0918916229804996,0.989413107111652,-0.024976146229946,0.109511123234264,0.0918978208835092,0.99325351075425,0.0119824974384195,-0.0518207343946599,0.103046080062726,0.969420229528299,-0.0077484691902215,0.0261390658788466,0.243887533591798,0.98619961907931,-0.0322900474371207,-0.00112140590900098,0.162377358683778,0.986169163810387,-0.0311845427717467,-0.00783112845707319,0.162593290355811,0.988491633340212,-0.0533566781758337,0.0350539058466802,0.13714437427519,0.980642682681495,-0.0582974584684056,0.113216362896809,0.148739337136424,0.99417679880117,-0.0318292098660136,0.00133843921437037,0.102944658458967,0.99417679880117,-0.0318292098660136,0.00133843921437037,0.102944658458967
775,1545,0.989464930735028,-0.0244151429452662,0.109033985243526,0.0920578171716174,0.989464930735028,-0.0244151429452662,0.109033985243526,0.0920578171716174,0.99372762780708,-0.0197049810156831,0.0586059794344721,0.0931796900113554,0.993730649122261,-0.0197001751937488,0.058554727286614,0.0931807061830738,0.989464930735028,-0.0244151429452662,0.109033985243526,0.0920578171716174,0.971505398948096,-0.0343775160923718,0.217040362392023,0.0888196334982274,0.989464930735028,-0.0244151429452662,0.109033985243526,0.0920578171716174,0.989464930735028,-0.0244151429452662,0.109033985243526,0.0920578171716174,0.989462246830751,-0.024444481865599,0.109058779239811,0.0920495088182829,0.989462246830751,-0.024444481865599,0.109058779239811,0.0920495088182829,0.989464415293801,-0.0244207530476148,0.109038756931888,0.0920562174686306,0.989464930735028,-0.0244151429452662,0.109033985243526,0.0920578171716174,0.989462246830751,-0.024444481865599,0.109058779239811,0.0920495088182829,0.989462246830751,-0.024444481865599,0.109058779239811,0.0920495088182829,0.989464415293801,-0.0244207530476148,0.109038756931888,0.0920562174686306,0.993275879948434,0.012489649004242,-0.0512869410903898,0.103037297392771,0.969058755843434,-0.00773225061788139,0.0272035976112025,0.245204617208904,0.986176110673065,-0.032690012404709,-0.00104096613436065,0.162440629819738,0.986147239853993,-0.0316060114984595,-0.00761749309800685,0.162655018872498,0.988793004491098,-0.0521631442842343,0.0343870649281004,0.135591041051686,0.980296497507067,-0.0598072242672448,0.115332691377689,0.148795978441632,0.994059454536761,-0.0328610324468894,0.00274443793374697,0.103722810668765,0.994059454536761,-0.0328610324468894,0.00274443793374697,0.103722810668765
776,1546,0.98952189168433,-0.0239380507855057,0.108526712239626,0.0921702139116137,0.98952189168433,-0.0239380507855057,0.108526712239626,0.0921702139116137,0.993758734253383,-0.0192227931162115,0.0580964670801273,0.0932676944752759,0.993761729290132,-0.0192179827560381,0.0580452133286142,0.0932686857777609,0.98952189168433,-0.0239380507855057,0.108526712239626,0.0921702139116137,0.971617725541168,-0.0339156535168471,0.216542413411985,0.0889837460126694,0.98952189168433,-0.0239380507855057,0.108526712239626,0.0921702139116137,0.98952189168433,-0.0239380507855057,0.108526712239626,0.0921702139116137,0.989518922547846,-0.0239633726589237,0.108553317029566,0.0921641798772057,0.989518922547846,-0.0239633726589237,0.108553317029566,0.0921641798772057,0.989521319425722,-0.0239428778691464,0.108531832961761,0.0921690741804502,0.98952189168433,-0.0239380507855057,0.108526712239626,0.0921702139116137,0.989518922547846,-0.0239633726589237,0.108553317029566,0.0921641798772057,0.989518922547846,-0.0239633726589237,0.108553317029566,0.0921641798772057,0.989521319425722,-0.0239428778691464,0.108531832961761,0.0921690741804502,0.993174365590375,0.0128908180292628,-0.0514507773145616,0.103881296961586,0.969004142129742,-0.00782481591868931,0.0282141732223771,0.245303292315083,0.986116510040104,-0.0333611326244038,-0.0013186593225427,0.16266383923274,0.986092326231864,-0.0324183027148087,-0.00703095887574938,0.162854362585129,0.989069775645701,-0.0508265843855872,0.0337567343309863,0.134231591330675,0.979893778410126,-0.0612396219039094,0.11741061033474,0.149240210141295,0.993962581171378,-0.0338936239709274,0.00435572058525273,0.104262347870324,0.993962581171378,-0.0338936239709274,0.00435572058525273,0.104262347870324
777,1547,0.989592395780215,-0.0234694756421864,0.107983185520698,0.0921721518239488,0.989592395780215,-0.0234694756421864,0.107983185520698,0.0921721518239488,0.993801523839312,-0.0187547250226288,0.0575500595645672,0.0932458157136385,0.993804490694725,-0.0187499157914876,0.0574988036068835,0.0932467828752733,0.989592395780215,-0.0234694756421864,0.107983185520698,0.0921721518239488,0.971747494848656,-0.0334501255313554,0.216009917357015,0.0890371324825368,0.989592395780215,-0.0234694756421864,0.107983185520698,0.0921721518239488,0.989592395780215,-0.0234694756421864,0.107983185520698,0.0921721518239488,0.989588735619349,-0.023494170815578,0.108011693572089,0.092171754484087,0.989588735619349,-0.023494170815578,0.108011693572089,0.092171754484087,0.98959168761371,-0.0234742097264679,0.107988672278986,0.0921721212894091,0.989592395780215,-0.0234694756421864,0.107983185520698,0.0921721518239488,0.989588735619349,-0.023494170815578,0.108011693572089,0.092171754484087,0.989588735619349,-0.023494170815578,0.108011693572089,0.092171754484087,0.98959168761371,-0.0234742097264679,0.107988672278986,0.0921721212894091,0.993008907316656,0.0131775056784357,-0.0519945739285641,0.105148597783632,0.969139889337267,-0.0080148857328037,0.0291781817830176,0.244647236260453,0.986117182240031,-0.033357911104926,-0.00138786041727731,0.162659849075179,0.986096654709838,-0.0325121722842579,-0.0065123602190272,0.162831002538837,0.989287628686133,-0.0495398841714536,0.0332274412679841,0.133235598665031,0.979470419716662,-0.0625254811930281,0.119445824587286,0.149869797125069,0.99389431752354,-0.0347713576686071,0.00638006604671441,0.104519534239008,0.99389431752354,-0.0347713576686071,0.00638006604671441,0.104519534239008
778,1548,0.989691044199098,-0.022916288270479,0.10734558926889,0.091996767489506,0.989691044199098,-0.022916288270479,0.10734558926889,0.091996767489506,0.99386764052663,-0.0182111660084204,0.056908273716698,0.0930425436519642,0.993870574281483,-0.0182063672618748,0.0568570143498619,0.0930434827795029,0.989691044199098,-0.022916288270479,0.10734558926889,0.091996767489506,0.971915569227566,-0.0328810230795167,0.215387011670718,0.0889235616575169,0.989691044199098,-0.022916288270479,0.10734558926889,0.091996767489506,0.989691044199098,-0.022916288270479,0.10734558926889,0.091996767489506,0.989685948013814,-0.0229451828472707,0.107378896575903,0.0920055186292898,0.989685948013814,-0.0229451828472707,0.107378896575903,0.0920055186292898,0.989690054383049,-0.0229218675725802,0.107352020506543,0.0919985213763037,0.989691044199098,-0.022916288270479,0.10734558926889,0.091996767489506,0.989685948013814,-0.0229451828472707,0.107378896575903,0.0920055186292898,0.989685948013814,-0.0229451828472707,0.107378896575903,0.0920055186292898,0.989690054383049,-0.0229218675725802,0.107352020506543,0.0919985213763037,0.992837880948099,0.013208856083626,-0.0524844705603756,0.106507505019358,0.969295320391205,-0.00821857867134606,0.0300890609190174,0.243913274024489,0.986111507329238,-0.0333199041666736,-0.00145080485930845,0.162701488205985,0.986093442814622,-0.0325454079695378,-0.00614261832514728,0.162858179709264,0.989415468951586,-0.0485274346319663,0.0328419714303466,0.132753616899586,0.979060978967469,-0.0636891754768985,0.121414979310393,0.150471562726621,0.99380003260477,-0.0359261230891556,0.00811702492489816,0.104904350629085,0.99380003260477,-0.0359261230891556,0.00811702492489816,0.104904350629085
779,1549,0.989813373880432,-0.0222436259347361,0.106678312278082,0.0916211966862027,0.989813373880432,-0.0222436259347361,0.106678312278082,0.0916211966862027,0.993955899423169,-0.0175584604084124,0.0562356419447902,0.0926332718035076,0.993958798486537,-0.0175536827711642,0.0561843780268457,0.0926341772679265,0.989813373880432,-0.0222436259347361,0.106678312278082,0.0916211966862027,0.97211044124977,-0.0321711832892893,0.214737205523964,0.0886241363439061,0.989813373880432,-0.0222436259347361,0.106678312278082,0.0916211966862027,0.989813373880432,-0.0222436259347361,0.106678312278082,0.0916211966862027,0.989807029548262,-0.0222787043929647,0.106713344405554,0.0916404152827695,0.989807029548262,-0.0222787043929647,0.106713344405554,0.0916404152827695,0.989812145935018,-0.0222504084703015,0.106685049927371,0.0916249704197186,0.989813373880432,-0.0222436259347361,0.106678312278082,0.0916211966862027,0.989807029548262,-0.0222787043929647,0.106713344405554,0.0916404152827695,0.989807029548262,-0.0222787043929647,0.106713344405554,0.0916404152827695,0.989812145935018,-0.0222504084703015,0.106685049927371,0.0916249704197186,0.992705047001197,0.0129140237355089,-0.0525979969005602,0.107718932279141,0.969350957018648,-0.00835930778109026,0.0309603571424063,0.243578119678406,0.986089863328565,-0.0333109135252817,-0.00153397334714544,0.162833692479579,0.986074647822831,-0.0326245536925985,-0.00568863381291529,0.162972595434881,0.989444901208806,-0.0478375477667356,0.0325970844766247,0.132844971975552,0.978663938371994,-0.0647399452000679,0.123288438629298,0.151081422173805,0.993721556505626,-0.0369609481112992,0.00999654048580004,0.105125761015396,0.993721556505626,-0.0369609481112992,0.00999654048580004,0.105125761015396
780,1550,0.989949732794693,-0.0215072357834523,0.106053412717904,0.0910474546572153,0.989949732794693,-0.0215072357834523,0.106053412717904,0.0910474546572153,0.994060323150484,-0.0168521809093621,0.0556046198382188,0.092022846017719,0.994063189668388,-0.0168474347561118,0.0555533505354003,0.0920237150561813,0.989949732794693,-0.0215072357834523,0.106053412717904,0.0910474546572153,0.972314603632284,-0.0313762374240708,0.214131061205031,0.0881347372816816,0.989949732794693,-0.0215072357834523,0.106053412717904,0.0910474546572153,0.989949732794693,-0.0215072357834523,0.106053412717904,0.0910474546572153,0.989942630608618,-0.0215458099393872,0.106086412842908,0.0910771057284442,0.989942630608618,-0.0215458099393872,0.106086412842908,0.0910771057284442,0.989948363314382,-0.0215146676507312,0.106059729775781,0.0910532304036647,0.989949732794693,-0.0215072357834523,0.106053412717904,0.0910474546572153,0.989942630608618,-0.0215458099393872,0.106086412842908,0.0910771057284442,0.989942630608618,-0.0215458099393872,0.106086412842908,0.0910771057284442,0.989948363314382,-0.0215146676507312,0.106059729775781,0.0910532304036647,0.992644917149061,0.0124290852669505,-0.052170644003034,0.1085348340482,0.969257991762867,-0.00837758855092566,0.0318411426726874,0.243833761089771,0.986081409414557,-0.0332014357424602,-0.00159888110766008,0.162906605915306,0.9860691795032,-0.0326120977569581,-0.00516484730467878,0.163025607393734,0.989392870635735,-0.0474688617311342,0.0324888389570726,0.133390142230792,0.978272993118505,-0.0657229061468484,0.125055189315212,0.151735461141788,0.993639459434218,-0.0380076193585211,0.011712204044418,0.105351173711522,0.993639459434218,-0.0380076193585211,0.011712204044418,0.105351173711522
781,1551,0.990076868295297,-0.0207567143367134,0.105606279470886,0.0903563357647905,0.990076868295297,-0.0207567143367134,0.105606279470886,0.0903563357647905,0.994164569915565,-0.0161377537647137,0.0551516030746511,0.0912944768664838,0.994167413068732,-0.0161330451784685,0.0551003283958487,0.0912953090589268,0.990076868295296,-0.0207567143367134,0.105606279470886,0.0903563357647905,0.972490075580514,-0.0305543550740138,0.213700594979309,0.0875302232883395,0.990076868295296,-0.0207567143367134,0.105606279470886,0.0903563357647905,0.990076868295296,-0.0207567143367134,0.105606279470886,0.0903563357647905,0.990070189111473,-0.02079616981156,0.105630289633194,0.0903923772557593,0.990070189111473,-0.02079616981156,0.105630289633194,0.0903923772557593,0.990075589529545,-0.0207642940032227,0.10561081464522,0.0903633052861888,0.990076868295296,-0.0207567143367134,0.105606279470886,0.0903563357647905,0.990070189111473,-0.02079616981156,0.105630289633194,0.0903923772557593,0.990070189111473,-0.02079616981156,0.105630289633194,0.0903923772557593,0.990075589529545,-0.0207642940032227,0.10561081464522,0.0903633052861888,0.992690271771489,0.011932633112694,-0.0511614241122671,0.108656087174397,0.969040536599064,-0.00831361782801105,0.0327063016451903,0.244584586634362,0.98607200902172,-0.0330423560926761,-0.00166806435564723,0.162995132715737,0.986062386685142,-0.0325468740950439,-0.00466465214416442,0.163094793208788,0.989280321898664,-0.0473543462339784,0.0324861495788578,0.134263400382864,0.97789313137507,-0.0665479409051164,0.126707090012996,0.152452315532393,0.993555427308536,-0.0390549882488848,0.0131914482307714,0.10558554092397,0.993555427308536,-0.0390549882488848,0.0131914482307714,0.10558554092397
782,1552,0.990181294589106,-0.0200486645192281,0.105318324513954,0.0897056599017669,0.990181294589106,-0.0200486645192281,0.105318324513954,0.0897056599017669,0.994254226662781,-0.0154636879465904,0.0548587130342959,0.0906086569953804,0.994257054709857,-0.0154590147327933,0.0548074337317851,0.0906094544234061,0.990181294589106,-0.0200486645192281,0.105318324513954,0.0897056599017669,0.972625494265114,-0.0297791290202552,0.21342585021062,0.0869612433340912,0.990181294589106,-0.0200486645192281,0.105318324513954,0.0897056599017669,0.990181294589106,-0.0200486645192281,0.105318324513954,0.0897056599017669,0.990175766123607,-0.0200860403337515,0.105333925624395,0.0897399982047799,0.990175766123607,-0.0200860403337515,0.105333925624395,0.0897399982047799,0.990180242642383,-0.0200558209186542,0.105321249958655,0.0897122368191554,0.990181294589106,-0.0200486645192281,0.105318324513954,0.0897056599017669,0.990175766123607,-0.0200860403337515,0.105333925624395,0.0897399982047799,0.990175766123607,-0.0200860403337515,0.105333925624395,0.0897399982047799,0.990180242642383,-0.0200558209186542,0.105321249958655,0.0897122368191554,0.992836645143455,0.0115895444522108,-0.0497691734015969,0.108000499529406,0.96877301944465,-0.00821553589532037,0.0335568674696789,0.2455306058553,0.986063191006906,-0.0328484442530402,-0.00176166073993118,0.163086662860183,0.986055909811918,-0.0324485607620438,-0.00417885537850735,0.163166696348207,0.989128596658449,-0.0473655416378004,0.0326003675275611,0.135345265062777,0.977520045427391,-0.0672273125899371,0.128229282979932,0.153271981183841,0.993480418736885,-0.0399724374070775,0.0145294957281756,0.105772187213877,0.993480418736885,-0.0399724374070775,0.0145294957281756,0.105772187213877
783,1553,0.990257091092066,-0.019355956573132,0.105171690615853,0.0891916811144571,0.990257091092066,-0.019355956573132,0.105171690615853,0.0891916811144571,0.99432247290975,-0.0147979968836975,0.0547084164617876,0.0900601372590229,0.994325293205104,-0.0147933519610044,0.0546571336396375,0.0900609003543814,0.990257091092066,-0.019355956573132,0.105171690615853,0.0891916811144571,0.972716936047493,-0.0290341645063829,0.213288427467348,0.0865264487096302,0.990257091092066,-0.019355956573132,0.105171690615853,0.0891916811144571,0.990257091092066,-0.019355956573132,0.105171690615853,0.0891916811144571,0.990253045224469,-0.0193924611648054,0.105179804532086,0.089219098808661,0.990253045224469,-0.0193924611648054,0.105179804532086,0.089219098808661,0.990256326475271,-0.0193629552931091,0.105173186620263,0.0891968870205586,0.990257091092066,-0.019355956573132,0.105171690615853,0.0891916811144571,0.990253045224469,-0.0193924611648054,0.105179804532086,0.089219098808661,0.990253045224469,-0.0193924611648054,0.105179804532086,0.089219098808661,0.990256326475271,-0.0193629552931091,0.105173186620263,0.0891968870205586,0.993049100397223,0.011430790217155,-0.0482265858403798,0.106756815489498,0.968523567185978,-0.0081046676761838,0.0343708744547075,0.246404255556648,0.986059737766103,-0.032613287699029,-0.00185620168808365,0.163153674605873,0.986054331492191,-0.0322988913088341,-0.00375596506236262,0.163216205360126,0.988962407237457,-0.0473661439993319,0.0328559235720347,0.136492834097466,0.977162876220223,-0.0677699834808678,0.129640587977592,0.154120928575089,0.993410554095901,-0.0408300944579306,0.0156425352331016,0.105941896759092,0.993410554095901,-0.0408300944579306,0.0156425352331016,0.105941896759092
784,1554,0.990300438825101,-0.018737782514323,0.105149803273698,0.08886762763099,0.990300438825101,-0.018737782514323,0.105149803273698,0.08886762763099,0.994364652254656,-0.0141970909054422,0.0546843543635986,0.0897050853861529,0.994367471308937,-0.0141924642955514,0.0546330693660567,0.0897058174899146,0.990300438825101,-0.018737782514323,0.105149803273698,0.08886762763099,0.972762425308845,-0.0283841411841494,0.213271433091586,0.0862722450360059,0.990300438825101,-0.018737782514323,0.105149803273698,0.08886762763099,0.990300438825101,-0.018737782514323,0.105149803273698,0.08886762763099,0.990298082204891,-0.018770516696982,0.105151304723467,0.0888852023634784,0.990298082204891,-0.018770516696982,0.105151304723467,0.0888852023634784,0.990300000161116,-0.0187440342891715,0.105150037368338,0.0888709204458762,0.990300438825101,-0.018737782514323,0.105149803273698,0.08886762763099,0.990298082204891,-0.018770516696982,0.105151304723467,0.0888852023634784,0.990298082204891,-0.018770516696982,0.105151304723467,0.0888852023634784,0.990300000161116,-0.0187440342891715,0.105150037368338,0.0888709204458762,0.993293477586307,0.0114669969958378,-0.0467012001880567,0.105145486186491,0.968348308868189,-0.0080273193021238,0.0351541088064505,0.246984419530795,0.98604878720758,-0.0324689525235455,-0.00192210093416383,0.163247854186459,0.986044727837696,-0.032220840706323,-0.00342051590028284,0.163297006092082,0.988792769953808,-0.047375986406623,0.0332262882112254,0.137624081362164,0.97682886687372,-0.0681428699629228,0.130949036746238,0.154965363519249,0.993342545441689,-0.0416121999811791,0.0166257047577704,0.106125388901339,0.993342545441689,-0.0416121999811791,0.0166257047577704,0.106125388901339
785,1555,0.990312038184195,-0.018216924575658,0.10522364152043,0.0887592020674449,0.990312038184195,-0.018216924575658,0.10522364152043,0.0887592020674449,0.99437998926968,-0.0136824165314973,0.054757507680557,0.0895703286278628,0.994382812096865,-0.0136777968724478,0.0547062218919024,0.089571034187179,0.990312038184195,-0.018216924575658,0.10522364152043,0.0887592020674449,0.972765845375251,-0.0278545262163468,0.213346098578644,0.0862216774477717,0.990312038184195,-0.018216924575658,0.10522364152043,0.0887592020674449,0.990312038184195,-0.018216924575658,0.10522364152043,0.0887592020674449,0.99031134809426,-0.0182446043250418,0.105220025499497,0.0887655027735344,0.99031134809426,-0.0182446043250418,0.105220025499497,0.0887655027735344,0.990311919254416,-0.0182221956997344,0.105222905632989,0.0887603193812851,0.990312038184195,-0.018216924575658,0.10522364152043,0.0887592020674449,0.99031134809426,-0.0182446043250418,0.105220025499497,0.0887655027735344,0.99031134809426,-0.0182446043250418,0.105220025499497,0.0887655027735344,0.990311919254416,-0.0182221956997344,0.105222905632989,0.0887603193812851,0.993543290187107,0.0116697259952949,-0.0452600146723904,0.103378329891852,0.968275309736344,-0.00800102657045457,0.0359028102348044,0.247163703536845,0.986041893690594,-0.0323010344252416,-0.00199291966679759,0.163321937697692,0.986039320152976,-0.0321329160159312,-0.003007815484439,0.163355097461274,0.988628992606186,-0.0474097056024854,0.0336836898839944,0.138673875798443,0.976537579912036,-0.0683786583648591,0.13210416173999,0.155715139118647,0.993273246381681,-0.0422712603043186,0.0174779264433239,0.106376316264123,0.993273246381681,-0.0422712603043186,0.0174779264433239,0.106376316264123
786,1556,0.990291904654016,-0.0178119942929364,0.105379099918447,0.0888815039049688,0.990291904654016,-0.0178119942929364,0.105379099918447,0.0888815039049689,0.994367782545595,-0.0132717938523046,0.0549137884165367,0.0896718928374021,0.994370613433064,-0.0132671689555692,0.0548625032572431,0.089672577218484,0.990291904654015,-0.0178119942929364,0.105379099918447,0.0888815039049688,0.972728760737732,-0.0274654768295468,0.213498405512864,0.0863877101191265,0.990291904654015,-0.0178119942929364,0.105379099918447,0.0888815039049688,0.990291904654015,-0.0178119942929364,0.105379099918447,0.0888815039049688,0.990292882148287,-0.0178336248910842,0.105371146763549,0.0888757043258635,0.990292882148287,-0.0178336248910842,0.105371146763549,0.0888757043258635,0.990292105818396,-0.0178160963254634,0.105377538083905,0.0888802921510916,0.990291904654015,-0.0178119942929364,0.105379099918447,0.0888815039049688,0.990292882148287,-0.0178336248910842,0.105371146763549,0.0888757043258635,0.990292882148287,-0.0178336248910842,0.105371146763549,0.0888757043258635,0.990292105818396,-0.0178160963254634,0.105377538083905,0.0888802921510916,0.993786883189873,0.012013000409487,-0.0439001522982919,0.101568180298289,0.96828917406143,-0.0080171255961802,0.036601844624641,0.247006287496253,0.986036047699046,-0.032107568007459,-0.00200561165898014,0.163395208731974,0.986035289686949,-0.0320506799877726,-0.00234890018000573,0.163406377085597,0.988474712548352,-0.0474877177820416,0.0342306711118149,0.139609886711293,0.976283380908067,-0.068508858694814,0.133141482993385,0.156367010425379,0.993202727175666,-0.0429302687010525,0.0183301266588316,0.10662711295326,0.993202727175666,-0.0429302687010525,0.0183301266588316,0.10662711295326
787,1557,0.990241420914959,-0.0175640039243682,0.105628082838513,0.089197209520975,0.990241420914959,-0.0175640039243682,0.105628082838513,0.089197209520975,0.994330017986082,-0.0130080790065186,0.055165015286992,0.0899745869717894,0.994332861830771,-0.0130034384985111,0.055113732075093,0.089975257751225,0.990241420914959,-0.0175640039243682,0.105628082838513,0.089197209520975,0.972651238340607,-0.0272536582174894,0.21374033810748,0.0867287411066724,0.990241420914959,-0.0175640039243682,0.105628082838513,0.089197209520975,0.990241420914959,-0.0175640039243682,0.105628082838513,0.089197209520975,0.990243999732241,-0.0175774850753385,0.105615236648177,0.0891811347790001,0.990243999732241,-0.0175774850753385,0.105615236648177,0.0891811347790001,0.990241928888113,-0.0175665248684137,0.105625577510778,0.0891940404484097,0.990241420914959,-0.0175640039243682,0.105628082838513,0.089197209520975,0.990243999732241,-0.0175774850753385,0.105615236648177,0.0891811347790001,0.990243999732241,-0.0175774850753385,0.105615236648177,0.0891811347790001,0.990241928888113,-0.0175665248684137,0.105625577510778,0.0891940404484097,0.994014308022967,0.0123824997679207,-0.0426028977983607,0.0998359767033053,0.968364494302422,-0.00806268845808877,0.0372522941229632,0.246611974185801,0.986031965661715,-0.0318831398889794,-0.002001438991465,0.163463825741593,0.986031965661715,-0.0318831398889794,-0.002001438991465,0.163463825741593,0.988338796215712,-0.0476151367261742,0.034850066693579,0.14037341450887,0.976059296656242,-0.0685759305513915,0.134108296713738,0.156909387585555,0.993128707822918,-0.0435272343154489,0.0191212901818453,0.106935147788803,0.993128707822918,-0.0435272343154489,0.0191212901818453,0.106935147788803
788,1558,0.990157547634273,-0.0175008601574178,0.106019450359121,0.0896751186348983,0.990157547634273,-0.0175008601574178,0.106019450359121,0.0896751186348983,0.994266143378435,-0.0129207282946957,0.0555601396951193,0.0904486693587431,0.994269007601976,-0.0129160633357345,0.0555088597770641,0.0904493356323852,0.990157547634273,-0.0175008601574178,0.106019450359121,0.0896751186348983,0.972524891280165,-0.0272433817596788,0.214120127106423,0.0872106940617318,0.990157547634273,-0.0175008601574178,0.106019450359121,0.0896751186348983,0.990157547634273,-0.0175008601574178,0.106019450359121,0.0896751186348983,0.99016188013403,-0.0175046915784664,0.105999240731603,0.0896504203364911,0.99016188013403,-0.0175046915784664,0.105999240731603,0.0896504203364911,0.990158393397597,-0.0175015168390501,0.106015511839248,0.0896703080293851,0.990157547634273,-0.0175008601574178,0.106019450359121,0.0896751186348983,0.99016188013403,-0.0175046915784664,0.105999240731603,0.0896504203364911,0.99016188013403,-0.0175046915784664,0.105999240731603,0.0896504203364911,0.990158393397597,-0.0175015168390501,0.106015511839248,0.0896703080293851,0.994218144828927,0.012694060841649,-0.0413375875057667,0.098287054953735,0.968452008394581,-0.00814134751023144,0.0378625327423017,0.246172408103665,0.986030053191257,-0.0316378473034622,-0.00196983953870567,0.163523394515414,0.986030053191257,-0.0316378473034622,-0.00196983953870567,0.163523394515414,0.988230523950594,-0.04782009247654,0.0354628333528083,0.140911524505487,0.975868320285943,-0.0685852893739737,0.134999739978704,0.157328159429467,0.993049234198195,-0.0441186547588622,0.0198919046172771,0.107289677468739,0.993049234198195,-0.0441186547588622,0.0198919046172771,0.107289677468739
789,1559,0.99004791896533,-0.0176434028581848,0.106536806539224,0.0902426580970817,0.99004791896533,-0.0176434028581848,0.106536806539224,0.0902426580970817,0.994182949727373,-0.0130342430019435,0.0560823989014221,0.0910227197693481,0.994185840886841,-0.0130295484358536,0.0560311232734323,0.0910233918968126,0.99004791896533,-0.0176434028581848,0.106536806539224,0.0902426580970817,0.972359108181837,-0.0274473910719092,0.214622314149718,0.0877591461227185,0.99004791896533,-0.0176434028581848,0.106536806539224,0.0902426580970817,0.99004791896533,-0.0176434028581848,0.106536806539224,0.0902426580970817,0.990053632824405,-0.0176364675749921,0.106509929946043,0.0902130476459111,0.990053632824405,-0.0176364675749921,0.106509929946043,0.0902130476459111,0.990049026805413,-0.0176419840530108,0.106531593924791,0.0902369348779695,0.99004791896533,-0.0176434028581848,0.106536806539224,0.0902426580970817,0.990053632824405,-0.0176364675749921,0.106509929946043,0.0902130476459111,0.990053632824405,-0.0176364675749921,0.106509929946043,0.0902130476459111,0.990049026805413,-0.0176419840530108,0.106531593924791,0.0902369348779695,0.994387194254935,0.0128534607046413,-0.040067682548227,0.0970745963933221,0.96850482375631,-0.00817769676174511,0.0384658593775669,0.245869699838712,0.986028246143695,-0.0314219881433154,-0.00195509514396375,0.163576080375125,0.986028246143695,-0.0314219881433154,-0.00195509514396375,0.163576080375125,0.988149782269932,-0.0480728615205919,0.0360591757691661,0.141240021339408,0.97570281850262,-0.0685546508483917,0.135821595426707,0.157660280441341,0.992971000121213,-0.0446543500853302,0.0207226859485008,0.1076343450011,0.992971000121213,-0.0446543500853302,0.0207226859485008,0.1076343450011
790,1560,0.9899110185708,-0.0180013190587555,0.107168857985012,0.0909228447776138,0.9899110185708,-0.0180013190587555,0.107168857985012,0.0909228447776138,0.994078348696392,-0.0133571278664627,0.0567205911706187,0.0917202176483906,0.994081272771131,-0.0133523973260919,0.0566693209366381,0.0917209064278987,0.9899110185708,-0.0180013190587555,0.107168857985012,0.0909228447776138,0.97215362215358,-0.0278778423704211,0.2152355076268,0.0883959110766959,0.9899110185708,-0.0180013190587555,0.107168857985012,0.0909228447776138,0.9899110185708,-0.0180013190587555,0.107168857985012,0.0909228447776138,0.989918174945274,-0.0179830769478879,0.107135914355119,0.0908873572714934,0.989918174945274,-0.0179830769478879,0.107135914355119,0.0908873572714934,0.989912403674698,-0.017997725799396,0.107162485886935,0.0909159861386515,0.9899110185708,-0.0180013190587555,0.107168857985012,0.0909228447776138,0.989918174945274,-0.0179830769478879,0.107135914355119,0.0908873572714934,0.989918174945274,-0.0179830769478879,0.107135914355119,0.0908873572714934,0.989912403674698,-0.017997725799396,0.107162485886935,0.0909159861386515,0.994514638884084,0.0130323005726616,-0.0390167063464909,0.0961690636998992,0.968651204562593,-0.00821979872152464,0.0391377061029836,0.245184662590079,0.986053888133327,-0.0311741246119238,-0.00200616505001875,0.163468281185133,0.986053888133327,-0.0311741246119238,-0.00200616505001875,0.163468281185133,0.988085481382903,-0.0482677216284165,0.0366440857480093,0.141472681139545,0.975545667322455,-0.0684982051812058,0.13664790686452,0.15794301632198,0.992889694302731,-0.0452332241394813,0.0215960107295233,0.107970471435234,0.992889694302731,-0.0452332241394813,0.0215960107295233,0.107970471435234
791,1561,0.989771764388577,-0.0183913088322665,0.10782789624028,0.0915792496745591,0.989771764388577,-0.0183913088322665,0.10782789624028,0.0915792496745591,0.993972768457183,-0.0137132535054394,0.0573858549996837,0.0923955945368316,0.993975726843423,-0.0137084881316461,0.0573345902101794,0.0923963016828246,0.989771764388577,-0.0183913088322665,0.10782789624028,0.091579249674559,0.971942832805693,-0.0283375614499652,0.215875266174997,0.089005515686324,0.989771764388577,-0.0183913088322665,0.10782789624028,0.091579249674559,0.989771764388577,-0.0183913088322665,0.10782789624028,0.091579249674559,0.989779111848541,-0.0183708977345697,0.107793300073325,0.0915446575395998,0.989779111848541,-0.0183708977345697,0.107793300073325,0.0915446575395998,0.989773175962166,-0.0183873730975046,0.107821242699947,0.0915726175173584,0.989771764388577,-0.0183913088322665,0.10782789624028,0.091579249674559,0.989779111848541,-0.0183708977345697,0.107793300073325,0.0915446575395998,0.989779111848541,-0.0183708977345697,0.107793300073325,0.0915446575395998,0.989773175962166,-0.0183873730975046,0.107821242699947,0.0915726175173584,0.994580897225782,0.0130298508797987,-0.0378764569154286,0.0959397512564096,0.968562782596445,-0.00815203325880232,0.0397521105551663,0.245437263326473,0.986046889198549,-0.0309802904336792,-0.00196311066265424,0.163547852639635,0.986046889198549,-0.0309802904336792,-0.00196311066265424,0.163547852639635,0.988028511491838,-0.048363615359466,0.0371468477856479,0.141706502631935,0.975374866186326,-0.0684456970446767,0.137484372046649,0.158294360010121,0.992806776773632,-0.0457930765479377,0.0224495758345365,0.108322272305731,0.992806776773632,-0.0457930765479377,0.0224495758345365,0.108322272305731
792,1562,0.989625246201944,-0.0188169590174434,0.108535431611283,0.0922380302154708,0.989625246201944,-0.0188169590174434,0.108535431611283,0.0922380302154708,0.993862398346468,-0.0141048727359443,0.0580999224467049,0.0930751563511825,0.993865393561291,-0.0141000723128415,0.0580486633486524,0.0930758836942572,0.989625246201944,-0.0188169590174434,0.108535431611283,0.0922380302154708,0.971719497298375,-0.0288329861375633,0.216562430734186,0.0896135652403437,0.989625246201944,-0.0188169590174434,0.108535431611283,0.0922380302154708,0.989625246201944,-0.0188169590174434,0.108535431611283,0.0922380302154708,0.989632968963398,-0.0187946565091417,0.108498328259544,0.0922033643219012,0.989632968963398,-0.0187946565091417,0.108498328259544,0.0922033643219012,0.989626731178671,-0.0188126632653928,0.108528290343607,0.0922313766165005,0.989625246201944,-0.0188169590174434,0.108535431611283,0.0922380302154708,0.989632968963398,-0.0187946565091417,0.108498328259544,0.0922033643219012,0.989632968963398,-0.0187946565091417,0.108498328259544,0.0922033643219012,0.989626731178671,-0.0188126632653928,0.108528290343607,0.0922313766165005,0.99458635659923,0.0129848498587654,-0.036879402934772,0.096277113479739,0.968400342742977,-0.00803287191094483,0.040338163458266,0.245985938039071,0.986041868926443,-0.0308112707451385,-0.0019296316181406,0.163610436222557,0.986041868926443,-0.0308112707451385,-0.0019296316181406,0.163610436222557,0.987963965847542,-0.0483673854762283,0.037617756914295,0.142030639559668,0.975204733773656,-0.0683957799213719,0.138317114411593,0.158638331985843,0.992723478209426,-0.0463845646019346,0.0233370952958483,0.108645975358604,0.992723478209426,-0.0463845646019346,0.0233370952958483,0.108645975358604
793,1563,0.989474548983058,-0.0192293947126543,0.109253839785369,0.0929190281154062,0.989474548983058,-0.0192293947126543,0.109253839785369,0.0929190281154062,0.993748407187312,-0.014482165411385,0.0588250610348439,0.0937762352193987,0.993751439801725,-0.0144773288292374,0.0587738078149861,0.0937769820206262,0.989474548983058,-0.0192293947126543,0.109253839785369,0.0929190281154062,0.971490813954322,-0.0293177162421072,0.217259943375309,0.090245149017961,0.989474548983058,-0.0192293947126543,0.109253839785369,0.0929190281154062,0.989474548983058,-0.0192293947126543,0.109253839785369,0.0929190281154062,0.98948250046488,-0.0192076583901594,0.109216067566534,0.0928832477804167,0.98948250046488,-0.0192076583901594,0.109216067566534,0.0928832477804167,0.98947607666375,-0.0192252275112035,0.10924658493637,0.0929121521491969,0.989474548983058,-0.0192293947126543,0.109253839785369,0.0929190281154062,0.98948250046488,-0.0192076583901594,0.109216067566534,0.0928832477804167,0.98948250046488,-0.0192076583901594,0.109216067566534,0.0928832477804167,0.98947607666375,-0.0192252275112035,0.10924658493637,0.0929121521491969,0.994535591565618,0.012916050543537,-0.0360339698263943,0.0971271628646322,0.968180523865304,-0.00788168615954672,0.0409145977663813,0.246759696710795,0.986040100350336,-0.030599647404743,-0.00188983740113535,0.163661267850407,0.986040100350336,-0.030599647404743,-0.00188983740113535,0.163661267850407,0.987883810358012,-0.0482833637441211,0.0380690657424082,0.142495755205511,0.97503962753887,-0.0683552040777053,0.139154014675272,0.158938513281433,0.992642713047614,-0.0470225912226179,0.024226534816903,0.108914623255784,0.992642713047614,-0.0470225912226179,0.024226534816903,0.108914623255784
794,1564,0.989322290085379,-0.0196084396785767,0.109958279622299,0.0936274114567777,0.989322290085379,-0.0196084396785767,0.109958279622299,0.0936274114567777,0.993632146461426,-0.0148247187112069,0.0595363287055501,0.0945029671378562,0.993635215760029,-0.01481984464699,0.0594850814809596,0.0945037316054991,0.989322290085379,-0.0196084396785767,0.109958279622299,0.0936274114567777,0.971262112421054,-0.0297722651406676,0.217943400663262,0.0909076196537942,0.989322290085379,-0.0196084396785767,0.109958279622299,0.0936274114567777,0.989322290085379,-0.0196084396785767,0.109958279622299,0.0936274114567777,0.989330330938794,-0.0195884012110518,0.109921172382878,0.0935902061355998,0.989330330938794,-0.0195884012110518,0.109921172382878,0.0935902061355998,0.98932383377225,-0.0196046076715123,0.109951163320981,0.0936202594131519,0.989322290085379,-0.0196084396785767,0.109958279622299,0.0936274114567777,0.989330330938794,-0.0195884012110518,0.109921172382878,0.0935902061355998,0.989330330938794,-0.0195884012110518,0.109921172382878,0.0935902061355998,0.98932383377225,-0.0196046076715123,0.109951163320981,0.0936202594131519,0.994438124295748,0.0128437902073597,-0.0353003405040383,0.0983958330447157,0.967908221898584,-0.00768401776625591,0.0414897583098165,0.247736210125777,0.98603497881706,-0.030454069310661,-0.00185868405920376,0.163719624679599,0.98603497881706,-0.030454069310661,-0.00185868405920376,0.163719624679599,0.987784118119683,-0.0481344631225652,0.0385203760557029,0.14311460470179,0.974878898422091,-0.0683322502782211,0.140014681179242,0.159178283812586,0.992562731368822,-0.0477057003863037,0.0251306219624359,0.109141386687621,0.992562731368822,-0.0477057003863037,0.0251306219624359,0.109141386687621
795,1565,0.989166566890123,-0.0199462288312629,0.110688608414367,0.0943381305173608,0.989166566890123,-0.0199462288312629,0.110688608414367,0.0943381305173608,0.993513741656811,-0.0151259508055143,0.0602736279394499,0.0952299350326822,0.993516848982201,-0.0151210392471124,0.0602223868206742,0.0952307150355755,0.989166566890123,-0.0199462288312629,0.110688608414367,0.0943381305173608,0.9710271243451,-0.0301860642907807,0.218652209849309,0.0915769427133957,0.989166566890123,-0.0199462288312629,0.110688608414367,0.0943381305173608,0.989166566890123,-0.0199462288312629,0.110688608414367,0.0943381305173608,0.989174785710224,-0.0199283380637358,0.110650240030425,0.094300737210049,0.989174785710224,-0.0199283380637358,0.110650240030425,0.094300737210049,0.989168145437857,-0.0199428127375219,0.110681234619778,0.0943309523655321,0.989166566890123,-0.0199462288312629,0.110688608414367,0.0943381305173608,0.989174785710224,-0.0199283380637358,0.110650240030425,0.094300737210049,0.989174785710224,-0.0199283380637358,0.110650240030425,0.094300737210049,0.989168145437857,-0.0199428127375219,0.110681234619778,0.0943309523655321,0.994305886696388,0.0127735023131014,-0.0346030058278757,0.0999763637428523,0.967593772696577,-0.00745145799280007,0.0420587782287884,0.248873112220841,0.986023728255986,-0.0304038384855087,-0.00182960432421613,0.163797028268311,0.986023728255986,-0.0304038384855087,-0.00182960432421613,0.163797028268311,0.987660049775428,-0.047984115084095,0.0389773088902099,0.143895518237621,0.974720247641279,-0.0683122737054123,0.140874771140068,0.159399407011301,0.992483344035511,-0.0484300999051194,0.0260627771929421,0.1093255179739,0.992483344035511,-0.0484300999051194,0.0260627771929421,0.1093255179739
796,1566,0.989006535380608,-0.0202649668805589,0.111445712396361,0.0950539703549703,0.989006535380608,-0.0202649668805589,0.111445712396361,0.0950539703549703,0.993392394888197,-0.0154078961653659,0.0610378867211042,0.0959610488618742,0.993395541630831,-0.0154029468989758,0.0609866518598409,0.0959618434052882,0.989006535380608,-0.0202649668805589,0.111445712396361,0.0950539703549702,0.970784913486221,-0.0305814899529279,0.219387159115198,0.092253447822684,0.989006535380608,-0.0202649668805589,0.111445712396361,0.0950539703549702,0.989006535380608,-0.0202649668805589,0.111445712396361,0.0950539703549702,0.989014979415531,-0.0202481360817447,0.111405942320621,0.0950163117183978,0.989014979415531,-0.0202481360817447,0.111405942320621,0.0950163117183978,0.989008157537754,-0.0202617454625581,0.111438068299464,0.0950467407556539,0.989006535380608,-0.0202649668805589,0.111445712396361,0.0950539703549702,0.989014979415531,-0.0202481360817447,0.111405942320621,0.0950163117183978,0.989014979415531,-0.0202481360817447,0.111405942320621,0.0950163117183978,0.989008157537754,-0.0202617454625581,0.111438068299464,0.0950467407556539,0.994159892767823,0.0127295573819012,-0.0339276577078206,0.101651266707268,0.967254507826722,-0.00718995802345865,0.042635881101766,0.250098387110319,0.986008966335129,-0.0303902758266159,-0.00179231454772704,0.163888794767902,0.986008966335129,-0.0303902758266159,-0.00179231454772704,0.163888794767902,0.987508337103071,-0.0478676503299949,0.0394175441340135,0.144852440152926,0.974557800647791,-0.0682712247829508,0.141740316761785,0.159642775180858,0.992394979856467,-0.0492519771885507,0.0270480162727543,0.109521009465814,0.992394979856467,-0.0492519771885507,0.0270480162727543,0.109521009465814
797,1567,0.988848214844172,-0.0205784617959686,0.112165873354055,0.0957838805036008,0.988848214844172,-0.0205784617959686,0.112165873354055,0.0957838805036008,0.99327087934398,-0.0156838900783656,0.0617651632639388,0.0967059483497574,0.993274063596479,-0.0156789023929919,0.0617139346689418,0.0967067571267243,0.988848214844172,-0.0205784617959686,0.112165873354055,0.0957838805036007,0.970548460440985,-0.0309732494383224,0.220085576722824,0.0929445139502471,0.988848214844172,-0.0205784617959686,0.112165873354055,0.0957838805036007,0.988848214844172,-0.0205784617959686,0.112165873354055,0.0957838805036007,0.988856583689379,-0.0205619461437891,0.112127880266814,0.0957455050215009,0.988856583689379,-0.0205619461437891,0.112127880266814,0.0957455050215009,0.988849820140126,-0.0205752947541325,0.112158595967746,0.0957765096731146,0.988848214844172,-0.0205784617959686,0.112165873354055,0.0957838805036007,0.988856583689379,-0.0205619461437891,0.112127880266814,0.0957455050215009,0.988856583689379,-0.0205619461437891,0.112127880266814,0.0957455050215009,0.988849820140126,-0.0205752947541325,0.112158595967746,0.0957765096731146,0.994015934669789,0.0126225879699608,-0.0333130108301561,0.103262942069822,0.966915216939714,-0.00694197655747419,0.043217030746006,0.251314664246638,0.985994902733397,-0.0303441688832896,-0.00171472124591151,0.163982751927121,0.985994902733397,-0.0303441688832896,-0.00171472124591151,0.163982751927121,0.987330365118456,-0.0478106271557803,0.0398616117805481,0.145958713176998,0.974389260813443,-0.0681997002779881,0.142583015669093,0.159951408046732,0.992297031136267,-0.0502049706067719,0.0280348480917571,0.109727436026715,0.992297031136267,-0.0502049706067719,0.0280348480917571,0.109727436026715
798,1568,0.988687799384093,-0.0208262542315627,0.11289940680652,0.0965216370896029,0.988687799384093,-0.0208262542315627,0.11289940680652,0.0965216370896029,0.993147951207272,-0.0158938676430972,0.0625059014895782,0.0974553449694699,0.993151173663931,-0.0158888413068856,0.0624546792336848,0.0974561645751529,0.988687799384093,-0.0208262542315627,0.11289940680652,0.0965216370896029,0.970308456537826,-0.0313005655854158,0.220797055866711,0.0936505946900914,0.988687799384093,-0.0208262542315627,0.11289940680652,0.0965216370896029,0.988687799384093,-0.0208262542315627,0.11289940680652,0.0965216370896029,0.988696269032549,-0.0208130394653496,0.112860833946217,0.0964828334487299,0.988696269032549,-0.0208130394653496,0.112860833946217,0.0964828334487299,0.988689425431733,-0.0208237447593012,0.112891999363508,0.0965141863840684,0.988687799384093,-0.0208262542315627,0.11289940680652,0.0965216370896029,0.988696269032549,-0.0208130394653496,0.112860833946217,0.0964828334487299,0.988696269032549,-0.0208130394653496,0.112860833946217,0.0964828334487299,0.988689425431733,-0.0208237447593012,0.112891999363508,0.0965141863840684,0.993870401544042,0.0125079518710421,-0.032704321534378,0.104859922885978,0.966595514431173,-0.0067031588526502,0.0438064990626476,0.252446370112162,0.98598082219986,-0.0302980614188839,-0.00163712791465027,0.164076706270379,0.98598082219986,-0.0302980614188839,-0.00163712791465027,0.164076706270379,0.98712411904819,-0.0478145190282474,0.0402727135281364,0.147234010705793,0.974188789851458,-0.068087957465668,0.143459477629701,0.160435688218422,0.992187353736783,-0.0512982894370716,0.029072532601103,0.109943296447712,0.992187353736783,-0.0512982894370716,0.029072532601103,0.109943296447712
799,1569,0.988526314759321,-0.0210746396992931,0.113618619186499,0.0972748372604853,0.988526314759321,-0.0210746396992931,0.113618619186499,0.0972748372604853,0.993023227454557,-0.0161036525916881,0.0632323914874867,0.0982201953557166,0.993026487380518,-0.016098586807602,0.0631811756633259,0.0982210257801608,0.988526314759321,-0.0210746396992931,0.113618619186499,0.0972748372604853,0.970068962718834,-0.0316301672367251,0.221494183145059,0.0943719604707125,0.988526314759321,-0.0210746396992931,0.113618619186499,0.0972748372604853,0.988526314759321,-0.0210746396992931,0.113618619186499,0.0972748372604853,0.98853484296805,-0.0210615603348644,0.113580733421116,0.0972352400619994,0.98853484296805,-0.0210615603348644,0.113580733421116,0.0972352400619994,0.98852795171923,-0.0210721308741716,0.113611353659533,0.097267231326149,0.988526314759321,-0.0210746396992931,0.113618619186499,0.0972748372604853,0.98853484296805,-0.0210615603348644,0.113580733421116,0.0972352400619994,0.98853484296805,-0.0210615603348644,0.113580733421116,0.0972352400619994,0.98852795171923,-0.0210721308741716,0.113611353659533,0.097267231326149,0.99375283499673,0.0123636186029092,-0.0320869901464703,0.106173767637509,0.966319852127423,-0.00650149985840944,0.0444064806859672,0.253400351927761,0.985969322970766,-0.0302645711657604,-0.00152386973185055,0.164153061847052,0.985969322970766,-0.0302645711657604,-0.00152386973185055,0.164153061847052,0.986894901639621,-0.047855186143263,0.0406854460347959,0.148637238799251,0.973948683179325,-0.0679697507277135,0.144362674338426,0.161131914210464,0.99206795846903,-0.0524484027930656,0.0302062410566665,0.110172200780304,0.99206795846903,-0.0524484027930656,0.0302062410566665,0.110172200780304
800,1570,0.988361248295908,-0.0212857404583799,0.114333507035267,0.0980653317391552,0.988361248295908,-0.0212857404583799,0.114333507035267,0.0980653317391552,0.992894706708434,-0.0162743056239332,0.0639547445808396,0.0990203969514912,0.99289800389034,-0.0162691985687658,0.0639035353842489,0.0990212361763987,0.988361248295908,-0.0212857404583799,0.114333507035267,0.0980653317391552,0.969826383659673,-0.0319268054771165,0.222186618682649,0.0951344896869607,0.988361248295908,-0.0212857404583799,0.114333507035267,0.0980653317391552,0.988361248295908,-0.0212857404583799,0.114333507035267,0.0980653317391552,0.988369959394785,-0.0212745321251677,0.114295871974307,0.0980238302579529,0.988369959394785,-0.0212745321251677,0.114295871974307,0.0980238302579529,0.988362921357363,-0.0212836044918966,0.114326286197216,0.0980573513313745,0.988361248295908,-0.0212857404583799,0.114333507035267,0.0980653317391552,0.988369959394785,-0.0212745321251677,0.114295871974307,0.0980238302579529,0.988369959394785,-0.0212745321251677,0.114295871974307,0.0980238302579529,0.988362921357363,-0.0212836044918966,0.114326286197216,0.0980573513313745,0.993666938968737,0.012221578154852,-0.0314582193757853,0.107177552974544,0.966099993796983,-0.00635852179194792,0.0450355616174236,0.254130221295883,0.985961416659506,-0.0301722128948767,-0.00138413496352682,0.16421877663108,0.985961416659506,-0.0301722128948767,-0.00138413496352682,0.16421877663108,0.986654951749099,-0.0478884449253091,0.0410381294940232,0.150115205623052,0.973667589932266,-0.0678966475266047,0.145316945994404,0.162001403626634,0.991937355889657,-0.0537006037617438,0.0313204569842357,0.110433491842651,0.991937355889657,-0.0537006037617438,0.0313204569842357,0.110433491842651
801,1571,0.988192776270509,-0.0214563053308503,0.115021861404197,0.0989173154075988,0.988192776270509,-0.0214563053308503,0.115021861404197,0.0989173154075988,0.992761436303022,-0.01640135011848,0.0646507715627935,0.0998799481386934,0.992764769383094,-0.0163961987313003,0.0645995692387744,0.0998807939148501,0.988192776270509,-0.0214563053308503,0.115021861404197,0.0989173154075987,0.969583333621807,-0.0321899059464635,0.222852307228187,0.0959625879239138,0.988192776270509,-0.0214563053308503,0.115021861404197,0.0989173154075987,0.988192776270509,-0.0214563053308503,0.115021861404197,0.0989173154075987,0.988201668047073,-0.0214472173766967,0.114985565720961,0.0988726444048605,0.988201668047073,-0.0214472173766967,0.114985565720961,0.0988726444048605,0.98819448399339,-0.021454578458266,0.115014906380637,0.0989087163927862,0.988192776270509,-0.0214563053308503,0.115021861404197,0.0989173154075987,0.988201668047073,-0.0214472173766967,0.114985565720961,0.0988726444048605,0.988201668047073,-0.0214472173766967,0.114985565720961,0.0988726444048605,0.98819448399339,-0.021454578458266,0.115014906380637,0.0989087163927862,0.993616105143186,0.0120585437929506,-0.0307951628681565,0.107857707492798,0.965939404398218,-0.00627575624382165,0.0456542398307395,0.254631836775887,0.985950945831291,-0.0300918168511457,-0.00125003819873231,0.16429745091596,0.985950945831291,-0.0300918168511457,-0.00125003819873231,0.16429745091596,0.986419512195119,-0.0478865556974466,0.0413134989680848,0.151580402912755,0.973356250855237,-0.0678678150117237,0.146317908248708,0.162980484513622,0.991796863578267,-0.0550131266599683,0.0325082947077969,0.110705682178467,0.991796863578267,-0.0550131266599683,0.0325082947077969,0.110705682178467
802,1572,0.988025651770026,-0.021573579938287,0.115653276386159,0.0998208983841006,0.988025651770026,-0.021573579938287,0.115653276386159,0.0998208983841006,0.992626617877983,-0.0164725508080972,0.0652898642558964,0.100788323606642,0.992629983919806,-0.0164673525708393,0.0652386688843645,0.100789173053807,0.988025651770026,-0.021573579938287,0.115653276386159,0.0998208983841006,0.969347876206331,-0.0324057052799372,0.223461548792432,0.09684782584484,0.988025651770026,-0.021573579938287,0.115653276386159,0.0998208983841006,0.988025651770026,-0.021573579938287,0.115653276386159,0.0998208983841006,0.988034485249402,-0.021567262521954,0.115619894668595,0.0997734889741808,0.988034485249402,-0.021567262521954,0.115619894668595,0.0997734889741808,0.988027346363795,-0.0215723900601639,0.115646893418811,0.0998117771958193,0.988025651770026,-0.021573579938287,0.115653276386159,0.0998208983841006,0.988034485249402,-0.021567262521954,0.115619894668595,0.0997734889741808,0.988034485249402,-0.021567262521954,0.115619894668595,0.0997734889741808,0.988027346363795,-0.0215723900601639,0.115646893418811,0.0998117771958193,0.993593323984356,0.0118838237216785,-0.0300536593453404,0.108295239172478,0.965831195313528,-0.00625939659215806,0.0462707276045328,0.254931249321248,0.985943329538429,-0.0300318345250314,-0.00113442605187221,0.164354960166313,0.985943329538429,-0.0300318345250314,-0.00113442605187221,0.164354960166313,0.986199690726901,-0.0478428274620302,0.0414908283337881,0.152969752025618,0.973021897432457,-0.0679045328549035,0.147374168842011,0.164006755631666,0.991644075722123,-0.0564046525213471,0.0337899318711158,0.11099001199797,0.991644075722123,-0.0564046525213471,0.0337899318711158,0.11099001199797
803,1573,0.987854060710404,-0.0216572827320211,0.116272377114052,0.100777235340519,0.987854060710404,-0.0216572827320211,0.116272377114052,0.100777235340519,0.992486712824514,-0.0165075419786415,0.0659168856104239,0.101747678676402,0.992490111205507,-0.0165022942620515,0.0658656974537411,0.10174852992698,0.987854060710404,-0.0216572827320211,0.116272377114052,0.100777235340519,0.969109331636222,-0.0325939294647466,0.224058060058957,0.0977891855997385,0.987854060710404,-0.0216572827320211,0.116272377114052,0.100777235340519,0.987854060710404,-0.0216572827320211,0.116272377114052,0.100777235340519,0.987863116519452,-0.0216527824785293,0.116239757053906,0.100727051537617,0.987863116519452,-0.0216527824785293,0.116239757053906,0.100727051537617,0.987855800220373,-0.0216564339509684,0.116266123058757,0.100767581435601,0.987854060710404,-0.0216572827320211,0.116272377114052,0.100777235340519,0.987863116519452,-0.0216527824785293,0.116239757053906,0.100727051537617,0.987863116519452,-0.0216527824785293,0.116239757053906,0.100727051537617,0.987855800220373,-0.0216564339509684,0.116266123058757,0.100767581435601,0.993597621406632,0.011744392766403,-0.0292217560924849,0.10849850203806,0.965763774613693,-0.006283576300673,0.0469043291005022,0.255070249587086,0.985935363432565,-0.0299881415789321,-0.00103896806933059,0.164411347063058,0.985935363432565,-0.0299881415789321,-0.00103896806933059,0.164411347063058,0.986007968144232,-0.0477312012680499,0.0415968559894155,0.154206746782976,0.972674360651211,-0.0680147231078381,0.148483564507909,0.165018837237898,0.991476980489384,-0.0579068189827093,0.0351596593448754,0.1112834032087,0.991476980489384,-0.0579068189827093,0.0351596593448754,0.1112834032087
804,1574,0.987686495137782,-0.0217045567866351,0.116859373224455,0.101726036130027,0.987686495137782,-0.0217045567866351,0.116859373224455,0.101726036130027,0.992349196418345,-0.0165065344938932,0.066511639250842,0.102697655917911,0.992352625474279,-0.0165012377816857,0.0664604581858553,0.102698507115264,0.987686495137782,-0.0217045567866351,0.116859373224455,0.101726036130027,0.968878314025726,-0.0327451176179501,0.22462310299396,0.098727055482367,0.987686495137782,-0.0217045567866351,0.116859373224455,0.101726036130027,0.987686495137782,-0.0217045567866351,0.116859373224455,0.101726036130027,0.987695359419456,-0.0217019688004264,0.116828396337979,0.101676090309142,0.987695359419456,-0.0217019688004264,0.116828396337979,0.101676090309142,0.987688194552372,-0.0217040756980106,0.116853441474404,0.101716452236397,0.987686495137782,-0.0217045567866351,0.116859373224455,0.101726036130027,0.987695359419456,-0.0217019688004264,0.116828396337979,0.101676090309142,0.987695359419456,-0.0217019688004264,0.116828396337979,0.101676090309142,0.987688194552372,-0.0217040756980106,0.116853441474404,0.101716452236397,0.993627385147097,0.0116254411427056,-0.0282945514055983,0.108484501034645,0.965733505964291,-0.00637734779385793,0.0475451396469088,0.255063883348841,0.985930204556985,-0.0299636772147696,-0.000994349849422293,0.164447015960666,0.985930204556985,-0.0299636772147696,-0.000994349849422293,0.164447015960666,0.985852888059016,-0.0475234101940558,0.0415880842018967,0.155261198764021,0.97230721207321,-0.0682292663820874,0.149688768757923,0.166002183922748,0.99129529491822,-0.0595464891382875,0.0366152221603693,0.111566927942159,0.99129529491822,-0.0595464891382875,0.0366152221603693,0.111566927942159
805,1575,0.98751935566102,-0.0217438201099882,0.117435952312031,0.102671931833555,0.98751935566102,-0.0217438201099882,0.117435952312031,0.102671931833555,0.992211576138041,-0.0164976742739368,0.0670959676750789,0.103644324702131,0.99221503533123,-0.0164923287367579,0.0670447937071596,0.103645175441254,0.98751935566102,-0.0217438201099882,0.117435952312031,0.102671931833555,0.968648863961334,-0.0328880244504743,0.225177838712003,0.0996629176130955,0.98751935566102,-0.0217438201099882,0.117435952312031,0.102671931833555,0.98751935566102,-0.0217438201099882,0.117435952312031,0.102671931833555,0.987528188534813,-0.0217417282636784,0.117405578393056,0.102622143143921,0.987528188534813,-0.0217417282636784,0.117405578393056,0.102622143143921,0.987521050318688,-0.0217434228038049,0.117430127947848,0.102662377687263,0.98751935566102,-0.0217438201099882,0.117435952312031,0.102671931833555,0.987528188534813,-0.0217417282636784,0.117405578393056,0.102622143143921,0.987528188534813,-0.0217417282636784,0.117405578393056,0.102622143143921,0.987521050318688,-0.0217434228038049,0.117430127947848,0.102662377687263,0.993670774343261,0.011566423944081,-0.0273088164888905,0.108345920990064,0.965705970671542,-0.00649774610401213,0.0482355156036186,0.255035473100031,0.985922752565225,-0.0299570920799807,-0.000969901343387203,0.164493032982268,0.985922752565225,-0.0299570920799807,-0.000969901343387203,0.164493032982268,0.985741084176677,-0.0471733305024105,0.0414894858491876,0.156101935988859,0.971923868151666,-0.068537153949636,0.151009811175924,0.166921208880711,0.991100581327574,-0.0613118132402592,0.0382095556248203,0.111805765094165,0.991100581327574,-0.0613118132402592,0.0382095556248203,0.111805765094165
806,1576,0.987358485070151,-0.0217630456341834,0.11799522564966,0.103569872687895,0.987358485070151,-0.0217630456341834,0.11799522564966,0.103569872687895,0.992079337120529,-0.0164712393359398,0.0676626941129985,0.104542082237731,0.992082825543134,-0.0164658474964385,0.0676115269646283,0.104542931612263,0.987358485070151,-0.0217630456341834,0.11799522564966,0.103569872687895,0.968427545431009,-0.0330057481485954,0.225716061826821,0.100553315574444,0.987358485070151,-0.0217630456341834,0.11799522564966,0.103569872687895,0.987358485070151,-0.0217630456341834,0.11799522564966,0.103569872687895,0.987367000146661,-0.0217619804245112,0.117965746853984,0.103522489337193,0.987367000146661,-0.0217619804245112,0.117965746853984,0.103522489337193,0.987360116439751,-0.0217628495318492,0.117989575354731,0.103560798335788,0.987358485070151,-0.0217630456341834,0.11799522564966,0.103569872687895,0.987367000146661,-0.0217619804245112,0.117965746853984,0.103522489337193,0.987367000146661,-0.0217619804245112,0.117965746853984,0.103522489337193,0.987360116439751,-0.0217628495318492,0.117989575354731,0.103560798335788,0.993720634406256,0.0114690092997223,-0.0262891756918505,0.108151013968218,0.965680395842676,-0.00666334779242738,0.0489187252248995,0.254997904312371,0.985918310190288,-0.0299738461058394,-0.000971203250268082,0.164516597780885,0.985918310190288,-0.0299738461058394,-0.000971203250268082,0.164516597780885,0.985678945613041,-0.0466733593389348,0.0412951610672787,0.156695001118768,0.971525545512254,-0.0689714947329501,0.152434033598205,0.167764456105581,0.990882493001803,-0.0632796924423501,0.0399468352247906,0.112034887166717,0.990882493001803,-0.0632796924423501,0.0399468352247906,0.112034887166717
807,1577,0.987202282248906,-0.0217701961552336,0.118518994197685,0.104455543157279,0.987202282248906,-0.0217701961552336,0.118518994197685,0.104455543157279,0.991949955397606,-0.016433368611201,0.0681937244163139,0.105426971563296,0.991953471208574,-0.0164279311330777,0.0681425639401736,0.105427818983447,0.987202282248906,-0.0217701961552336,0.118518994197685,0.104455543157279,0.968214765674617,-0.0331101223139733,0.226219507542401,0.101432843484117,0.987202282248906,-0.0217701961552336,0.118518994197685,0.104455543157279,0.987202282248906,-0.0217701961552336,0.118518994197685,0.104455543157279,0.987210546371486,-0.0217697859910677,0.118491335213654,0.104408893443526,0.987210546371486,-0.0217697859910677,0.118491335213654,0.104408893443526,0.987203865994855,-0.0217701228081519,0.11851370065703,0.104446596279184,0.987202282248906,-0.0217701961552336,0.118518994197685,0.104455543157279,0.987210546371486,-0.0217697859910677,0.118491335213654,0.104408893443526,0.987210546371486,-0.0217697859910677,0.118491335213654,0.104408893443526,0.987203865994855,-0.0217701228081519,0.11851370065703,0.104446596279184,0.99376309348624,0.0113137366698584,-0.0252985841846938,0.108013402064163,0.965623517361129,-0.00683122300593356,0.0496051128189306,0.255076243295189,0.985911347472712,-0.0299791645105279,-0.0009758147840513,0.164557322551446,0.985911347472712,-0.0299791645105279,-0.0009758147840513,0.164557322551446,0.985661974240683,-0.0460008510629733,0.0409869391563161,0.157081077969426,0.971113018540766,-0.0695338421466643,0.153965643436664,0.168520416146228,0.990642668588472,-0.0654641159880088,0.0417957932117899,0.112225952255342,0.990642668588472,-0.0654641159880088,0.0417957932117899,0.112225952255342
808,1578,0.987050603699844,-0.0217866314348874,0.119014336998097,0.105318735348451,0.987050603699844,-0.0217866314348874,0.119014336998097,0.105318735348451,0.991823647432024,-0.0164059130491238,0.068696135771675,0.106289883534141,0.991827189155313,-0.0164004310658593,0.068644981809272,0.106290729537108,0.987050603699844,-0.0217866314348874,0.119014336998097,0.105318735348451,0.96800960462181,-0.0332212564464129,0.226695196321516,0.10228900940374,0.987050603699844,-0.0217866314348874,0.119014336998097,0.105318735348451,0.987050603699844,-0.0217866314348874,0.119014336998097,0.105318735348451,0.987058627259463,-0.0217857897457931,0.118988190090132,0.105273246064189,0.987058627259463,-0.0217857897457931,0.118988190090132,0.105273246064189,0.98705214138009,-0.0217864664602127,0.119009331243578,0.105310014495841,0.987050603699844,-0.0217866314348874,0.119014336998097,0.105318735348451,0.987058627259463,-0.0217857897457931,0.118988190090132,0.105273246064189,0.987058627259463,-0.0217857897457931,0.118988190090132,0.105273246064189,0.98705214138009,-0.0217864664602127,0.119009331243578,0.105310014495841,0.993797319300259,0.0111087512019988,-0.0243484314479133,0.107938119700031,0.965535862900211,-0.00701685158329621,0.0503300011254379,0.255260949293301,0.985905189384865,-0.0300034859137142,-0.000991662430823891,0.164589686744471,0.985905189384865,-0.0300034859137142,-0.000991662430823891,0.164589686744471,0.985686562417843,-0.0451733824734496,0.0405560034748086,0.157278659604394,0.970684854297522,-0.070213545906391,0.155594988707663,0.169207479437853,0.990367658344273,-0.0679157593045973,0.0437475455179383,0.112452226322644,0.990367658344273,-0.0679157593045973,0.0437475455179383,0.112452226322644
809,1579,0.986901772217238,-0.0217910402860331,0.119487300954632,0.106173572362924,0.986901772217238,-0.0217910402860331,0.119487300954632,0.106173572362924,0.991699045504394,-0.0163668712314186,0.0691760525082316,0.107143839912272,0.991702611979828,-0.0163613452049182,0.0691249049716059,0.1071446839005,0.986901772217238,-0.0217910402860331,0.119487300954632,0.106173572362924,0.967809731123504,-0.0333195193064391,0.22714895429563,0.103138191462912,0.986901772217238,-0.0217910402860331,0.119487300954632,0.106173572362924,0.986901772217238,-0.0217910402860331,0.119487300954632,0.106173572362924,0.986909640386293,-0.0217907783201551,0.119462348484047,0.106128558774144,0.986909640386293,-0.0217907783201551,0.119462348484047,0.106128558774144,0.986903280778741,-0.0217909946552899,0.119482521846309,0.106164937306706,0.986901772217238,-0.0217910402860331,0.119487300954632,0.106173572362924,0.986909640386293,-0.0217907783201551,0.119462348484047,0.106128558774144,0.986909640386293,-0.0217907783201551,0.119462348484047,0.106128558774144,0.986903280778741,-0.0217909946552899,0.119482521846309,0.106164937306706,0.993820031863379,0.010908412759187,-0.0234610805273313,0.107945951747337,0.965416706426962,-0.00721661184530346,0.0510836320595894,0.255556189517671,0.985901008003649,-0.0300028295765996,-0.001005162340545,0.164614769335735,0.985901008003649,-0.0300028295765996,-0.001005162340545,0.164614769335735,0.985745968603909,-0.0442014138200376,0.040001642896218,0.157324470325039,0.970226614255691,-0.0709917110416505,0.157345862485323,0.169890475048097,0.990062365970103,-0.0706188797060865,0.0457955733478644,0.112659889847636,0.990062365970103,-0.0706188797060865,0.0457955733478644,0.112659889847636
810,1580,0.986721714432292,-0.0218833759047576,0.119963850703248,0.107284904116368,0.986721714432292,-0.0218833759047576,0.119963850703248,0.107284904116368,0.991543439867143,-0.0164026068445823,0.0696611374023281,0.108258428221314,0.991547031361315,-0.0163970233325058,0.0696099978905068,0.108259274051143,0.986721714432292,-0.0218833759047576,0.119963850703248,0.107284904116368,0.967578426403333,-0.0335333460753673,0.227602847009001,0.104232660396043,0.986721714432292,-0.0218833759047576,0.119963850703248,0.107284904116368,0.986721714432292,-0.0218833759047576,0.119963850703248,0.107284904116368,0.986731148990295,-0.021878746872746,0.119938780236791,0.107227090993278,0.986731148990295,-0.021878746872746,0.119938780236791,0.107227090993278,0.986723537556965,-0.0218824522574911,0.119959038320517,0.107273705256617,0.986721714432292,-0.0218833759047576,0.119963850703248,0.107284904116368,0.986731148990295,-0.021878746872746,0.119938780236791,0.107227090993278,0.986731148990295,-0.021878746872746,0.119938780236791,0.107227090993278,0.986723537556965,-0.0218824522574911,0.119959038320517,0.107273705256617,0.99383341510783,0.0108741515843315,-0.0227682538310255,0.107974545425834,0.965429544676697,-0.00751157889901643,0.051937638412429,0.255326951503222,0.985925532932773,-0.0299725249883622,-0.00104744282350006,0.164473080230723,0.985925532932773,-0.0299725249883622,-0.00104744282350006,0.164473080230723,0.985827997943084,-0.0431139380240773,0.0393730732940544,0.157270810765914,0.969754702392512,-0.0718002703352264,0.159179130424717,0.170536045470244,0.989720927812936,-0.0735283297345027,0.04801456659359,0.112874581595612,0.989720927812936,-0.0735283297345027,0.04801456659359,0.112874581595612
811,1581,0.986579666609712,-0.0219006841465849,0.120380844441221,0.108117407283932,0.986579666609712,-0.0219006841465849,0.120380844441221,0.108117407283932,0.991422768285466,-0.0163775828100673,0.0700848114878991,0.109090735194092,0.991426381631032,-0.0163719563713167,0.07003367819922,0.109091579732186,0.986579666609712,-0.0219006841465849,0.120380844441221,0.108117407283932,0.967391442343398,-0.0336419775321077,0.228001718320001,0.105058227053464,0.986579666609712,-0.0219006841465849,0.120380844441221,0.108117407283932,0.986579666609712,-0.0219006841465849,0.120380844441221,0.108117407283932,0.986587264431027,-0.0218995878088377,0.120358744119241,0.108072894059263,0.986587264431027,-0.0218995878088377,0.120358744119241,0.108072894059263,0.986581109767284,-0.021900501926403,0.120376626922097,0.108108970749813,0.986579666609712,-0.0219006841465849,0.120380844441221,0.108117407283932,0.986587264431027,-0.0218995878088377,0.120358744119241,0.108072894059263,0.986587264431027,-0.0218995878088377,0.120358744119241,0.108072894059263,0.986581109767284,-0.021900501926403,0.120376626922097,0.108108970749813,0.993835864316202,0.0106916173086766,-0.0220361421411617,0.108122026237616,0.965291411055429,-0.00774489198045949,0.0527901278778986,0.255667187549486,0.985919552042144,-0.0299524778631985,-0.000993924596543802,0.164512911605049,0.985919552042144,-0.0299524778631985,-0.000993924596543802,0.164512911605049,0.98593029457199,-0.0419140904698728,0.0386160065844501,0.157141551795639,0.969249311380319,-0.0727133663524472,0.161105986428262,0.171211564677885,0.989352148995576,-0.0766408914201466,0.0503429411945078,0.113022507988663,0.989352148995576,-0.0766408914201466,0.0503429411945078,0.113022507988663
812,1582,0.986453348732808,-0.0219066439035414,0.120742230901538,0.108863232561007,0.986453348732808,-0.0219066439035414,0.120742230901538,0.108863232561007,0.991314980219686,-0.0163456301451466,0.0704521507215795,0.109835899531558,0.991318612511125,-0.0163399652741622,0.070401022991643,0.109836742420684,0.986453348732808,-0.0219066439035414,0.120742230901538,0.108863232561007,0.967226200033713,-0.0337298099319896,0.228347046220431,0.105798886443574,0.986453348732808,-0.0219066439035414,0.120742230901538,0.108863232561007,0.986453348732808,-0.0219066439035414,0.120742230901538,0.108863232561007,0.986460063019441,-0.021906291509617,0.120723058824415,0.108823717672452,0.986460063019441,-0.021906291509617,0.120723058824415,0.108823717672452,0.986454629853839,-0.0219065825617228,0.120738575290996,0.108855690329407,0.986453348732808,-0.0219066439035414,0.120742230901538,0.108863232561007,0.986460063019441,-0.021906291509617,0.120723058824415,0.108823717672452,0.986460063019441,-0.021906291509617,0.120723058824415,0.108823717672452,0.986454629853839,-0.0219065825617228,0.120738575290996,0.108855690329407,0.993831514888033,0.0105133878568393,-0.0213747895202088,0.108312081801137,0.965147042740157,-0.00800708048589138,0.0536923962829697,0.256016013431612,0.985913183168729,-0.0299468979516433,-0.000920941719725652,0.164552515700999,0.985913183168729,-0.0299468979516433,-0.000920941719725652,0.164552515700999,0.986046617595312,-0.0406284792308969,0.0377220537898721,0.156966369844315,0.968714190465069,-0.0736951008584332,0.163129416303222,0.171903004155372,0.988952626537479,-0.0799560430370813,0.0527946881941801,0.113103733558863,0.988952626537479,-0.0799560430370813,0.0527946881941801,0.113103733558863
813,1583,0.986332752923416,-0.0218573622191593,0.121075175214602,0.109593604622213,0.986332752923416,-0.0218573622191593,0.121075175214602,0.109593604622213,0.991211461325194,-0.0162592927987357,0.0707907937538831,0.110562823114076,0.991215111082478,-0.0162535904363672,0.0707396713625422,0.110563661549337,0.986332752923416,-0.0218573622191593,0.121075175214602,0.109593604622213,0.967069768778739,-0.0337610379196052,0.22866473242931,0.106530252866782,0.986332752923416,-0.0218573622191593,0.121075175214602,0.109593604622213,0.986332752923416,-0.0218573622191593,0.121075175214602,0.109593604622213,0.98633913565402,-0.0218598090656918,0.121057571507361,0.10955511218393,0.98633913565402,-0.0218598090656918,0.121057571507361,0.10955511218393,0.986333974988899,-0.0218578544956813,0.121071809619585,0.109586225844686,0.986332752923416,-0.0218573622191593,0.121075175214602,0.109593604622213,0.98633913565402,-0.0218598090656918,0.121057571507361,0.10955511218393,0.98633913565402,-0.0218598090656918,0.121057571507361,0.10955511218393,0.986333974988899,-0.0218578544956813,0.121071809619585,0.109586225844686,0.993825780269121,0.0103383734400744,-0.0207705161026316,0.108498950077488,0.965027757283342,-0.00830116539827612,0.0546116430375859,0.256261754404456,0.985907665199179,-0.0298896405701941,-0.000780228194729279,0.164596708144644,0.985907665199179,-0.0298896405701941,-0.000780228194729279,0.164596708144644,0.986167522473084,-0.0392820685620069,0.0367354479763026,0.156783428878085,0.968152718650403,-0.0747225984836768,0.165246142882727,0.172599417461539,0.988514119923981,-0.0834689689821192,0.0554149375702555,0.113145705274499,0.988514119923981,-0.0834689689821192,0.0554149375702555,0.113145705274499
814,1584,0.986220912537908,-0.0218188452377315,0.121352662511903,0.110298599114679,0.986220912537908,-0.0218188452377315,0.121352662511903,0.110298599114679,0.991113868074663,-0.016184995996057,0.0710736064647808,0.111264949012599,0.991117532418305,-0.0161792574212431,0.0710224891064914,0.111265783615026,0.986220912537908,-0.0218188452377315,0.121352662511903,0.110298599114679,0.966928130437713,-0.033800178458219,0.228928258618418,0.107235213014948,0.986220912537908,-0.0218188452377315,0.121352662511903,0.110298599114679,0.986220912537908,-0.0218188452377315,0.121352662511903,0.110298599114679,0.986226839048116,-0.0218208937690345,0.12133790984932,0.110261426481249,0.986226839048116,-0.0218208937690345,0.12133790984932,0.110261426481249,0.986222046094824,-0.0218192353952232,0.121349854343512,0.110291475709212,0.986220912537908,-0.0218188452377315,0.121352662511903,0.110298599114679,0.986226839048116,-0.0218208937690345,0.12133790984932,0.110261426481249,0.986226839048116,-0.0218208937690345,0.12133790984932,0.110261426481249,0.986222046094824,-0.0218192353952232,0.121349854343512,0.110291475709212,0.993823330696299,0.0101338977725817,-0.0202255400066051,0.108643541046353,0.964952826050356,-0.00862550984855256,0.0555841001805222,0.256324114910021,0.985908273788343,-0.0297861834795449,-0.000577358541179546,0.164612653239438,0.985908273788343,-0.0297861834795449,-0.000577358541179546,0.164612653239438,0.986293862434136,-0.037869862727231,0.0356396810395396,0.156588963714476,0.967555662884625,-0.0758461948822482,0.167446049095236,0.173335554876008,0.988034508537051,-0.0872186267503043,0.058095141408776,0.113162165198594,0.988034508537051,-0.0872186267503043,0.058095141408776,0.113162165198594
815,1585,0.986112372915347,-0.0217655589909154,0.121633626554687,0.110968055386363,0.986112372915347,-0.0217655589909154,0.121633626554687,0.110968055386363,0.991019748018474,-0.0160977551562389,0.0713597236750734,0.111930832005073,0.991023427118899,-0.0160919822382454,0.0713086111706991,0.111931662107118,0.986112372915347,-0.0217655589909154,0.121633626554687,0.110968055386363,0.966789391067625,-0.0338207361578428,0.229195603022119,0.107906471910445,0.986112372915347,-0.0217655589909154,0.121633626554687,0.110968055386363,0.986112372915347,-0.0217655589909154,0.121633626554687,0.110968055386363,0.986118110343452,-0.0217683260417763,0.121618842459701,0.110932725526602,0.986118110343452,-0.0217683260417763,0.121618842459701,0.110932725526602,0.986113472347535,-0.0217660958146091,0.121630789165385,0.110961289892834,0.986112372915347,-0.0217655589909154,0.121633626554687,0.110968055386363,0.986118110343452,-0.0217683260417763,0.121618842459701,0.110932725526602,0.986118110343452,-0.0217683260417763,0.121618842459701,0.110932725526602,0.986113472347535,-0.0217660958146091,0.121630789165385,0.110961289892834,0.993832432330264,0.00992932377524192,-0.0197050432357176,0.108674818835629,0.964934492686361,-0.00901698255800032,0.0565705123561576,0.256163806931083,0.985904283532809,-0.0296478652794623,-0.000335866481869363,0.164662184455742,0.985904283532809,-0.0296478652794623,-0.000335866481869363,0.164662184455742,0.986418886459122,-0.0363987532303059,0.0344771001305739,0.15641048803265,0.966908246772604,-0.0770703389027712,0.169745695294787,0.174169469521586,0.987498832372894,-0.0912154140594501,0.0607646877449988,0.113284849046051,0.987498832372894,-0.0912154140594501,0.0607646877449988,0.113284849046051
816,1586,0.986009579474945,-0.0217285083778734,0.121882785093872,0.111613475015681,0.986009579474945,-0.0217285083778734,0.121882785093872,0.111613475015681,0.990929750282811,-0.0160279505716351,0.0716137844485402,0.112573534553538,0.990933442486686,-0.0160221445059835,0.0715626765855126,0.112574361054517,0.986009579474945,-0.0217285083778734,0.121882785093872,0.111613475015681,0.966659856094566,-0.0338547915109811,0.22943196537063,0.108552056512769,0.986009579474945,-0.0217285083778734,0.121882785093872,0.111613475015681,0.986009579474945,-0.0217285083778734,0.121882785093872,0.111613475015681,0.986015018815481,-0.0217304995432461,0.121869589542783,0.111579438986676,0.986015018815481,-0.0217304995432461,0.121869589542783,0.111579438986676,0.986010620849275,-0.0217288843061635,0.121880265436673,0.111606953440734,0.986009579474945,-0.0217285083778734,0.121882785093872,0.111613475015681,0.986015018815481,-0.0217304995432461,0.121869589542783,0.111579438986676,0.986015018815481,-0.0217304995432461,0.121869589542783,0.111579438986676,0.986010620849275,-0.0217288843061635,0.121880265436673,0.111606953440734,0.993853688134326,0.00970160233153268,-0.0192139277574456,0.108588905851985,0.964979048242162,-0.00945645912190626,0.0575620747095043,0.255758908720036,0.985900138790061,-0.0295078850238796,-5.47548380375827e-05,0.164712470860786,0.985900138790061,-0.0295078850238796,-5.47548380375827e-05,0.164712470860786,0.986540949608359,-0.0348457227964296,0.0332252691054595,0.156265197153752,0.9662103552049,-0.0783394190988662,0.172126599513393,0.1751368569149,0.986918735332056,-0.0954201672603129,0.0635026582813021,0.113374661727383,0.986918735332056,-0.0954201672603129,0.0635026582813021,0.113374661727383
817,1587,0.985919075956932,-0.0217256258244111,0.122100180369987,0.112174501560668,0.985919075956932,-0.0217256258244111,0.122100180369987,0.112174501560668,0.990850412298206,-0.0159965589604712,0.071835498401751,0.113133689585688,0.99085411593721,-0.0159907240045457,0.0717843946303304,0.113134514466881,0.985919075956932,-0.0217256258244111,0.122100180369987,0.112174501560668,0.966546025037827,-0.0339135399539711,0.229638106301479,0.109110006074773,0.985919075956932,-0.0217256258244111,0.122100180369987,0.112174501560668,0.985919075956932,-0.0217256258244111,0.122100180369987,0.112174501560668,0.985923882852789,-0.0217258697252771,0.122088652035629,0.112144749539525,0.985923882852789,-0.0217258697252771,0.122088652035629,0.112144749539525,0.985919993254885,-0.0217256584499745,0.122097981449499,0.11216882628948,0.985919075956932,-0.0217256258244111,0.122100180369987,0.112174501560668,0.985923882852789,-0.0217258697252771,0.122088652035629,0.112144749539525,0.985923882852789,-0.0217258697252771,0.122088652035629,0.112144749539525,0.985919993254885,-0.0217256584499745,0.122097981449499,0.11216882628948,0.993889202837872,0.00945371814479673,-0.0187255046995057,0.108370822499821,0.965068135358864,-0.0099395737788674,0.0585571090002687,0.255177906515415,0.985901523190168,-0.0293338760132004,0.000243271152642939,0.164735093736874,0.985901523190168,-0.0293338760132004,0.000243271152642939,0.164735093736874,0.986668006480251,-0.0332118578138957,0.0319023016688224,0.156094396558838,0.96547415456105,-0.0796296807520531,0.174580204305571,0.176183208855373,0.986295132001564,-0.099748166329484,0.0664363260514186,0.113395019664505,0.986295132001564,-0.099748166329484,0.0664363260514186,0.113395019664505
818,1588,0.985840940828455,-0.0217792977494442,0.122287755806843,0.112645489726549,0.985840940828455,-0.0217792977494442,0.122287755806843,0.112645489726549,0.990781911200099,-0.0160262247198164,0.0720268024591357,0.113606796836381,0.99078562470581,-0.0160203653630748,0.071975702220444,0.113607623246974,0.985840940828455,-0.0217792977494442,0.122287755806843,0.112645489726549,0.966447762457489,-0.034018612511494,0.229815966100532,0.109572250907726,0.985840940828455,-0.0217792977494442,0.122287755806843,0.112645489726549,0.985840940828455,-0.0217792977494442,0.122287755806843,0.112645489726549,0.985845094956735,-0.0217766265033406,0.122277801489425,0.11262045351886,0.985845094956735,-0.0217766265033406,0.122277801489425,0.11262045351886,0.985841732681794,-0.0217787613857864,0.122285858228043,0.112640723243822,0.985840940828455,-0.0217792977494442,0.122287755806843,0.112645489726549,0.985845094956735,-0.0217766265033406,0.122277801489425,0.11262045351886,0.985845094956735,-0.0217766265033406,0.122277801489425,0.11262045351886,0.985841732681794,-0.0217787613857864,0.122285858228043,0.112640723243822,0.993935602403581,0.00917893860571431,-0.0182256229166962,0.108053653478272,0.965182815906617,-0.0104618732193276,0.0595621052879658,0.254489757556138,0.985903067410334,-0.0291425603752002,0.000529099706758265,0.164759136011249,0.985903067410334,-0.0291425603752002,0.000529099706758265,0.164759136011249,0.986801805815465,-0.0315202017110391,0.0304874611135619,0.155881967007999,0.964701908130577,-0.0809456053908245,0.177082753680266,0.177312536968349,0.985620466111011,-0.104213840479164,0.0694252791129183,0.113454408710245,0.985620466111011,-0.104213840479164,0.0694252791129183,0.113454408710245
819,1589,0.985778614079327,-0.0218922441269363,0.122450845358758,0.112991345428994,0.985778614079327,-0.0218922441269363,0.122450845358758,0.112991345428994,0.990727953617804,-0.0161214478784179,0.0721928488529948,0.113957945809281,0.990731675687524,-0.0161155704108409,0.0721417513969753,0.113958777130596,0.985778614079327,-0.0218922441269363,0.122450845358758,0.112991345428994,0.96636790174514,-0.0341688585708541,0.229971224247576,0.109903610489977,0.985778614079327,-0.0218922441269363,0.122450845358758,0.112991345428994,0.985778614079327,-0.0218922441269363,0.122450845358758,0.112991345428994,0.985781942461404,-0.0218864633419194,0.122442193703892,0.112972801330156,0.985781942461404,-0.0218864633419194,0.122442193703892,0.112972801330156,0.985779246080355,-0.0218911093175925,0.12244919558864,0.112987839300459,0.985778614079327,-0.0218922441269363,0.122450845358758,0.112991345428994,0.985781942461404,-0.0218864633419194,0.122442193703892,0.112972801330156,0.985781942461404,-0.0218864633419194,0.122442193703892,0.112972801330156,0.985779246080355,-0.0218911093175925,0.12244919558864,0.112987839300459,0.993992065358062,0.00888117791200738,-0.0177073566421247,0.1076445456345,0.965301537588754,-0.0110012003592514,0.0605602757479379,0.253780157066655,0.985899207482389,-0.0289926366609881,0.000815835533424476,0.164807506253281,0.985899207482389,-0.0289926366609881,0.000815835533424476,0.164807506253281,0.986938798040048,-0.0298117769622755,0.0290183200511771,0.155630986564451,0.963896753147203,-0.082297189089478,0.17962522015254,0.178507709148377,0.984881012745488,-0.108860755296205,0.072443180867787,0.113625315117361,0.984881012745488,-0.108860755296205,0.072443180867787,0.113625315117361
820,1590,0.985731801509538,-0.0220599561025697,0.122592922149341,0.113212849396169,0.985731801509538,-0.0220599561025697,0.122592922149341,0.113212849396169,0.990688422244402,-0.0162776857301744,0.0723371211706084,0.114187687072279,0.990692151755102,-0.0162717964133527,0.0722860257532502,0.114188526451345,0.985731801509538,-0.0220599561025697,0.122592922149341,0.113212849396169,0.96630576905184,-0.0343598822928488,0.230107300547996,0.110105356002642,0.985731801509538,-0.0220599561025697,0.122592922149341,0.113212849396169,0.985731801509538,-0.0220599561025697,0.122592922149341,0.113212849396169,0.985734311201606,-0.0220512815235547,0.122585386055807,0.11320084729636,0.985734311201606,-0.0220512815235547,0.122585386055807,0.11320084729636,0.98573227645318,-0.0220582676458345,0.122591484945635,0.113210599352362,0.985731801509538,-0.0220599561025697,0.122592922149341,0.113212849396169,0.985734311201606,-0.0220512815235547,0.122585386055807,0.11320084729636,0.985734311201606,-0.0220512815235547,0.122585386055807,0.11320084729636,0.98573227645318,-0.0220582676458345,0.122591484945635,0.113210599352362,0.994052562309282,0.00856729318096835,-0.01715247495588,0.107200267988427,0.965411973882599,-0.0115201190595667,0.0615731501999183,0.25309238375624,0.985898052288228,-0.0288368133509288,0.00109368615472598,0.164840142382365,0.985898052288228,-0.0288368133509288,0.00109368615472598,0.164840142382365,0.987070094847231,-0.0281037880723522,0.0274751360015741,0.155396016216496,0.963038662200695,-0.0837816876155958,0.182258730454059,0.179774634195854,0.98408677038973,-0.113597241133446,0.0755994848959858,0.113813940421387,0.984284005709132,-0.11329468488521,0.0729866417765072,0.114115119962844
821,1591,0.985695000885862,-0.0223082958952129,0.122735648740223,0.113329897605131,0.985695000885862,-0.0223082958952129,0.122735648740223,0.113329897605131,0.99065892290317,-0.0165197559085347,0.072481533616453,0.114317205274011,0.990662659862064,-0.0165138599114158,0.072430439720348,0.114318057137812,0.985695000885862,-0.0223082958952129,0.122735648740223,0.113329897605131,0.966253516381156,-0.034619574494056,0.23024512225911,0.110194422811631,0.985695000885862,-0.0223082958952129,0.122735648740223,0.113329897605131,0.985695000885862,-0.0223082958952129,0.122735648740223,0.113329897605131,0.985696968902708,-0.022295445233005,0.122728135917289,0.113323445377132,0.985696968902708,-0.022295445233005,0.122728135917289,0.113323445377132,0.985695374124185,-0.0223057956236011,0.122734207162351,0.113328704678076,0.985695000885862,-0.0223082958952129,0.122735648740223,0.113329897605131,0.985696968902708,-0.022295445233005,0.122728135917289,0.113323445377132,0.985696968902708,-0.022295445233005,0.122728135917289,0.113323445377132,0.985695374124185,-0.0223057956236011,0.122734207162351,0.113328704678076,0.994119987424822,0.00825465415755116,-0.0165267984807992,0.106696655145256,0.965504681780751,-0.0120453133372341,0.0625594499206768,0.252471652095202,0.985901564053985,-0.0286721989172025,0.00133031552449503,0.164846113893427,0.985901564053985,-0.0286721989172025,0.00133031552449503,0.164846113893427,0.987202315641929,-0.0263746245203712,0.0258867604740778,0.155131695036126,0.962131744290015,-0.0853838729471553,0.184986752293601,0.181085621587864,0.983238816057775,-0.118368658899135,0.0788814407907444,0.11405266102333,0.983750250947758,-0.117593904958585,0.0722239216890179,0.114851305663773
822,1592,0.985667635883301,-0.022614479101236,0.122882222868914,0.113348384240792,0.985667635883301,-0.022614479101236,0.122882222868914,0.113348384240792,0.990639042530975,-0.0168246038968067,0.0726293090858925,0.114351229021528,0.9906427871115,-0.0168187061444881,0.0725782162149326,0.114352096607993,0.985667635883301,-0.022614479101236,0.122882222868914,0.113348384240792,0.966210219709387,-0.0349259359062577,0.230387804482181,0.11017917169815,0.985667635883301,-0.022614479101236,0.122882222868914,0.113348384240792,0.985667635883301,-0.022614479101236,0.122882222868914,0.113348384240792,0.985669105507505,-0.0225985274757027,0.122874518891837,0.11334713763949,0.985669105507505,-0.0225985274757027,0.122874518891837,0.11334713763949,0.985667913843156,-0.0226113922796471,0.122880742783808,0.113348187511564,0.985667635883301,-0.022614479101236,0.122882222868914,0.113348384240792,0.985669105507505,-0.0225985274757027,0.122874518891837,0.11334713763949,0.985669105507505,-0.0225985274757027,0.122874518891837,0.11334713763949,0.985667913843156,-0.0226113922796471,0.122880742783808,0.113348187511564,0.994200994140128,0.00794654075555442,-0.0158578851408319,0.106064900978894,0.965594457444687,-0.0125824632560183,0.0635505969264131,0.251853820699246,0.985901892460144,-0.0284844768108604,0.00159269511157695,0.164874365341011,0.985901892460144,-0.0284844768108604,0.00159269511157695,0.164874365341011,0.98733217319556,-0.0246586057131881,0.024246508148877,0.154852316029828,0.96119366147472,-0.0870675290282258,0.187754334370006,0.182412445998119,0.982324024914246,-0.123191426578872,0.0821958738785067,0.114486771336644,0.983158864862886,-0.121940638029154,0.0715213118440597,0.115818086630153
823,1593,0.985647036922261,-0.022984334430468,0.123068630139419,0.11325083334246,0.985647036922261,-0.022984334430468,0.123068630139419,0.11325083334246,0.990627943877198,-0.0171989390447443,0.0728165223535237,0.114272601168033,0.990631698113369,-0.0171930453472043,0.0727654300547342,0.114273488061152,0.985647036922261,-0.022984334430468,0.123068630139419,0.11325083334246,0.966169273561489,-0.0352828407217884,0.230570821969501,0.1100415922848,0.985647036922261,-0.022984334430468,0.123068630139419,0.11325083334246,0.985647036922261,-0.022984334430468,0.123068630139419,0.11325083334246,0.985648144946482,-0.0229650441892494,0.123058925150448,0.113255649085425,0.985648144946482,-0.0229650441892494,0.123058925150448,0.113255649085425,0.985647246590674,-0.0229806050298136,0.123066751378079,0.113251806987499,0.985647036922261,-0.022984334430468,0.123068630139419,0.11325083334246,0.985648144946482,-0.0229650441892494,0.123058925150448,0.113255649085425,0.985648144946482,-0.0229650441892494,0.123058925150448,0.113255649085425,0.985647246590674,-0.0229806050298136,0.123066751378079,0.113251806987499,0.994294584961529,0.00761931428920498,-0.0151241731314373,0.105316113453893,0.96568103578354,-0.0131032698968662,0.0645358803130056,0.251244027985271,0.985908190996814,-0.0283182478273524,0.00184552920237308,0.164862699806059,0.985908190996814,-0.0283182478273524,0.00184552920237308,0.164862699806059,0.987467918940072,-0.0229369244369385,0.0224866314299964,0.154516529758048,0.960228458893093,-0.0888433308262737,0.190534443362056,0.183751993709458,0.981377159850758,-0.127828839893452,0.0857573478650768,0.114910117491477,0.982587493049193,-0.126034051228425,0.0705497774120528,0.116875854398424
824,1594,0.985628395059886,-0.0234222661563069,0.123299568114416,0.113072016001197,0.985628395059886,-0.0234222661563069,0.123299568114416,0.113072016001197,0.99062106295555,-0.017645392779634,0.0730481093139638,0.114116271706204,0.990624829135959,-0.0176395071442814,0.0729970173697538,0.114117181625637,0.985628395059886,-0.0234222661563069,0.123299568114416,0.113072016001197,0.966125382183135,-0.0356984852352985,0.230798315736965,0.109815761648212,0.985628395059886,-0.0234222661563069,0.123299568114416,0.113072016001197,0.985628395059886,-0.0234222661563069,0.123299568114416,0.113072016001197,0.985629389601965,-0.0233994052242898,0.123287536847264,0.113081198464385,0.985629389601965,-0.0233994052242898,0.123287536847264,0.113081198464385,0.98562858495079,-0.0234178495775236,0.123297240119026,0.113073814068953,0.985628395059886,-0.0234222661563069,0.123299568114416,0.113072016001197,0.985629389601965,-0.0233994052242898,0.123287536847264,0.113081198464385,0.985629389601965,-0.0233994052242898,0.123287536847264,0.113081198464385,0.98562858495079,-0.0234178495775236,0.123297240119026,0.113073814068953,0.994402186879486,0.00727517560708038,-0.0143711990759745,0.104426199712052,0.965781864353641,-0.0136636496289525,0.0655319066874449,0.250567883756739,0.98591200477645,-0.0281449280725611,0.00212014113863122,0.164866269633987,0.98591200477645,-0.0281449280725611,0.00212014113863122,0.164866269633987,0.987603307156225,-0.0212563264085899,0.0206552147262735,0.154146807901784,0.959237276130306,-0.0907252877398212,0.193324109145614,0.1850906779654,0.980390184099407,-0.132276374904029,0.0895504506878125,0.115406951027186,0.982020231748263,-0.129882242433135,0.0694295379067467,0.118094905917583
825,1595,0.985613358668486,-0.0238827496718484,0.123588806539074,0.112790639596489,0.985613358668486,-0.0238827496718484,0.123588806539074,0.112790639596489,0.990620745821301,-0.0181195814706212,0.0733377381433141,0.113858661856719,0.990624526939483,-0.0181137091210131,0.0732866462150752,0.113859596233047,0.985613358668486,-0.0238827496718484,0.123588806539074,0.112790639596489,0.966078671742612,-0.0361252817931571,0.231084153267935,0.109485515607491,0.985613358668486,-0.0238827496718484,0.123588806539074,0.112790639596489,0.985613358668486,-0.0238827496718484,0.123588806539074,0.112790639596489,0.985614169790779,-0.0238585826798559,0.123573744254166,0.11280516863667,0.985614169790779,-0.0238585826798559,0.123573744254166,0.11280516863667,0.985613512792882,-0.0238781007157178,0.123585891108115,0.112793471554425,0.985613358668486,-0.0238827496718484,0.123588806539074,0.112790639596489,0.985614169790779,-0.0238585826798559,0.123573744254166,0.11280516863667,0.985614169790779,-0.0238585826798559,0.123573744254166,0.11280516863667,0.985613512792882,-0.0238781007157178,0.123585891108115,0.112793471554425,0.994522540653443,0.00694540459198998,-0.0136208371505133,0.103398018755648,0.965900528645915,-0.0142365763056434,0.066531745562906,0.249813961757521,0.985917498758142,-0.0279438375624436,0.00240437407685616,0.164863721206559,0.985917498758142,-0.0279438375624436,0.00240437407685616,0.164863721206559,0.987746853747557,-0.0196081861322218,0.0187332484094484,0.1536903944703,0.958231751467986,-0.0927321715891377,0.196089531856811,0.186390853657401,0.979329225181915,-0.136746242140882,0.0934647594027958,0.11609940876127,0.981411609947196,-0.133710639209346,0.0682102954581222,0.119582910219635
826,1596,0.985601619375683,-0.0243545368000539,0.123922214570476,0.112425927424389,0.985601619375683,-0.0243545368000539,0.123922214570476,0.112425927424389,0.990625966335534,-0.0186092945003297,0.0736713119321971,0.113518398412677,0.990629764657967,-0.0186034396993517,0.0736202197342636,0.113519358046687,0.985601619375683,-0.0243545368000539,0.123922214570476,0.112425927424389,0.966030387622936,-0.036554161414679,0.231414255328192,0.109071196487656,0.985601619375683,-0.0243545368000539,0.123922214570476,0.112425927424389,0.985601619375683,-0.0243545368000539,0.123922214570476,0.112425927424389,0.985602258866976,-0.0243297393877303,0.123904792558258,0.112444890852069,0.985602258866976,-0.0243297393877303,0.123904792558258,0.112444890852069,0.985601740628895,-0.0243497724961371,0.123918851627163,0.112429603130509,0.985601619375683,-0.0243545368000539,0.123922214570476,0.112425927424389,0.985602258866976,-0.0243297393877303,0.123904792558258,0.112444890852069,0.985602258866976,-0.0243297393877303,0.123904792558258,0.112444890852069,0.985601740628895,-0.0243497724961371,0.123918851627163,0.112429603130509,0.994649924305413,0.00660950695369525,-0.0128809664434763,0.102283543156007,0.966034690955623,-0.0148458907813464,0.06752046030504,0.248993097971367,0.985924573995862,-0.027734071751509,0.00267080296067306,0.164852729630741,0.985924573995862,-0.027734071751509,0.00267080296067306,0.164852729630741,0.987903252290718,-0.0179647034619144,0.0167417365537805,0.153114819008845,0.957209116984403,-0.0948817240518516,0.198869805744121,0.187613872531279,0.978195788600462,-0.141238918502861,0.0976554946193374,0.116824532676646,0.980792252673172,-0.137478425349146,0.0667094713013893,0.121227414797536
827,1597,0.985594469068131,-0.024836488094128,0.124312338153795,0.11195148049131,0.985594469068131,-0.024836488094128,0.124312338153795,0.11195148049131,0.990638652331948,-0.0191147355578511,0.0740612947557359,0.113069058586332,0.990642470767952,-0.0191089039311591,0.0740102019029962,0.11307004428935,0.985594469068131,-0.024836488094128,0.124312338153795,0.11195148049131,0.965980436064317,-0.0369810923314372,0.231801233853374,0.10854669011545,0.985594469068131,-0.024836488094128,0.124312338153795,0.11195148049131,0.985594469068131,-0.024836488094128,0.124312338153795,0.11195148049131,0.985594874157172,-0.0248111510490894,0.124291962839259,0.111976152783943,0.985594874157172,-0.0248111510490894,0.124291962839259,0.111976152783943,0.985594544810379,-0.0248316210139145,0.124308403669869,0.111956262061984,0.985594469068131,-0.024836488094128,0.124312338153795,0.11195148049131,0.985594874157172,-0.0248111510490894,0.124291962839259,0.111976152783943,0.985594874157172,-0.0248111510490894,0.124291962839259,0.111976152783943,0.985594544810379,-0.0248316210139145,0.124308403669869,0.111956262061984,0.994781641853581,0.0062789516015628,-0.0121315341006773,0.101108286892036,0.966189675556521,-0.0154671066807791,0.0684792624743222,0.248090447357174,0.985934452238032,-0.0275650118058401,0.00292367417452206,0.164817711862406,0.985934452238032,-0.0275650118058401,0.00292367417452206,0.164817711862406,0.988084845863211,-0.0163243516315022,0.014667727934709,0.152337489399423,0.956165313301819,-0.0972262741793143,0.201645746260411,0.188769537433149,0.977028901747778,-0.145570731611268,0.101683532128075,0.117831008404632,0.980098045099606,-0.141156583522854,0.0658242929961175,0.123084537500238
828,1598,0.985595612267081,-0.0253088784000407,0.124733252624343,0.111365907906157,0.985595612267081,-0.0253088784000407,0.124733252624343,0.111365907906157,0.990661185987656,-0.0196162756685483,0.0744816071785604,0.112508250802002,0.990665026101482,-0.019610472965171,0.0744305131630754,0.112509262372984,0.985595612267081,-0.0253088784000407,0.124733252624343,0.111365907906157,0.96593534630177,-0.0373863159517866,0.232219727833896,0.1079127802866,0.985595612267081,-0.0253088784000407,0.124733252624343,0.111365907906157,0.985595612267081,-0.0253088784000407,0.124733252624343,0.111365907906157,0.985595594435941,-0.0252839925189277,0.124711190546078,0.111396422309459,0.985595594435941,-0.0252839925189277,0.124711190546078,0.111396422309459,0.985595605284665,-0.0253041059203874,0.124729004601527,0.111371811865649,0.985595612267081,-0.0253088784000407,0.124733252624343,0.111365907906157,0.985595594435941,-0.0252839925189277,0.124711190546078,0.111396422309459,0.985595594435941,-0.0252839925189277,0.124711190546078,0.111396422309459,0.985595605284665,-0.0253041059203874,0.124729004601527,0.111371811865649,0.994914743881907,0.00591281969565176,-0.0114090724621711,0.0998975677141309,0.966356113101562,-0.0160826733083638,0.0694007075214306,0.24714520445686,0.985940219952303,-0.0273950651872608,0.00315141799758559,0.164807347070437,0.985940219952303,-0.0273950651872608,0.00315141799758559,0.164807347070437,0.988294898499383,-0.0146350303456262,0.0125758967568458,0.151330288797845,0.955085825374265,-0.0997489963742436,0.204463812095193,0.189883525970507,0.975734669418874,-0.150318200356774,0.105374630849199,0.11934186486284,0.979264882929834,-0.145240355305506,0.0648247405932316,0.125472233016592
829,1599,0.985611595615814,-0.0257108592439674,0.125183959503953,0.110624186268186,0.985611595615814,-0.0257108592439674,0.125183959503953,0.110624186268186,0.990700054740538,-0.0200554331957228,0.0749309192959288,0.111787917369872,0.990703918027843,-0.0200496676433695,0.0748798232751681,0.111788951591612,0.985611595615814,-0.0257108592439674,0.125183959503953,0.110624186268186,0.965901735034819,-0.0377044072635892,0.232669463802547,0.107131398494852,0.985611595615814,-0.0257108592439674,0.125183959503953,0.110624186268186,0.985611595615814,-0.0257108592439674,0.125183959503953,0.110624186268186,0.985610819019513,-0.0256895165162147,0.125160324032168,0.110662800710131,0.985610819019513,-0.0256895165162147,0.125160324032168,0.110662800710131,0.985611440257704,-0.0257067918286677,0.125179410531518,0.110631663035474,0.985611595615814,-0.0257108592439674,0.125183959503953,0.110624186268186,0.985610819019513,-0.0256895165162147,0.125160324032168,0.110662800710131,0.985610819019513,-0.0256895165162147,0.125160324032168,0.110662800710131,0.985611440257704,-0.0257067918286677,0.125179410531518,0.110631663035474,0.995052417502814,0.0055091822400551,-0.0106980959593935,0.0986199070963603,0.966534179357271,-0.0167014104364817,0.0702884370312919,0.246154989068468,0.985944814440739,-0.0273071350845489,0.00331070918145509,0.164791330037747,0.985944814440739,-0.0273071350845489,0.00331070918145509,0.164791330037747,0.988520178405859,-0.0129524596183382,0.0104526857544677,0.150169344524118,0.953968722624826,-0.102368220351585,0.207296471934713,0.19103035475816,0.974389114698092,-0.154924607143175,0.109474729969658,0.120745611752456,0.978446897345347,-0.149099899642774,0.0637223070778422,0.127868512865587
830,1600,0.985595921660997,-0.0261085994940744,0.12566308410112,0.110126334415814,0.985595921660997,-0.0261085994940744,0.12566308410112,0.110126334415814,0.990708751360601,-0.0204779615321292,0.0754102213106017,0.111310923052925,0.990712639368168,-0.0204722205804682,0.0753591248406704,0.11131197906744,0.985595921660997,-0.0261085994940744,0.12566308410112,0.110126334415814,0.965833537037853,-0.0380450661185058,0.233143968898073,0.106592877076492,0.985595921660997,-0.0261085994940744,0.12566308410112,0.110126334415814,0.985595921660997,-0.0261085994940744,0.12566308410112,0.110126334415814,0.985596683298815,-0.0260876457869206,0.125637948232822,0.110153159607512,0.985596683298815,-0.0260876457869206,0.125637948232822,0.110153159607512,0.985596080022953,-0.0261045815011165,0.125658247769834,0.110131388057428,0.985595921660997,-0.0261085994940744,0.12566308410112,0.110126334415814,0.985596683298815,-0.0260876457869206,0.125637948232822,0.110153159607512,0.985596683298815,-0.0260876457869206,0.125637948232822,0.110153159607512,0.985596080022953,-0.0261045815011165,0.125658247769834,0.110131388057428,0.99518025178284,0.00523542221563282,-0.0100529341459108,0.0974053146944546,0.96682186196389,-0.0174104857221655,0.0711950541416909,0.244711312532457,0.985949097958423,-0.0272449715664203,0.00347645966923785,0.164772576563835,0.985949097958423,-0.0272449715664203,0.00347645966923785,0.164772576563835,0.988730814144433,-0.0112734122549742,0.00836597897681928,0.149044616585689,0.952817804689768,-0.104977649849726,0.210089623286211,0.192302559228051,0.973100626336054,-0.159213212171745,0.112876591490524,0.122414048163662,0.977544894723569,-0.152857571090749,0.0638116970627258,0.130263613791791
831,1601,0.985636106599165,-0.0263582138747308,0.126112822024456,0.109189129726371,0.985636106599165,-0.0263582138747308,0.126112822024456,0.109189129726371,0.990771741182421,-0.0207748844404058,0.0758573357381131,0.110387615544299,0.990775652250087,-0.0207691911084619,0.0758062360188512,0.110388686874011,0.985636106599165,-0.0263582138747308,0.126112822024456,0.109189129726371,0.965824087382657,-0.0381902440906456,0.23359539966016,0.105633928003105,0.985636106599165,-0.0263582138747308,0.126112822024456,0.109189129726371,0.985636106599165,-0.0263582138747308,0.126112822024456,0.109189129726371,0.98563416421775,-0.0263446862373263,0.126089082012954,0.109237334418984,0.98563416421775,-0.0263446862373263,0.126089082012954,0.109237334418984,0.985635711994898,-0.0263556777019079,0.126108277005433,0.109198552938695,0.985636106599165,-0.0263582138747308,0.126112822024456,0.109189129726371,0.98563416421775,-0.0263446862373263,0.126089082012954,0.109237334418984,0.98563416421775,-0.0263446862373263,0.126089082012954,0.109237334418984,0.985635711994898,-0.0263556777019079,0.126108277005433,0.109198552938695,0.995310104198013,0.00481699368978842,-0.00924461061033888,0.0961723984716862,0.966993963961318,-0.0180104271015013,0.0720216153425545,0.243744097572531,0.985952441014342,-0.0272170706741216,0.00360198891502981,0.164754486426424,0.985952441014342,-0.0272170706741216,0.00360198891502981,0.164754486426424,0.98896653475178,-0.00953455093377552,0.00634824884014868,0.147695582927216,0.951606962083282,-0.107680441834247,0.212926477492932,0.193678670336876,0.971768683376938,-0.163425652080414,0.115804915015443,0.124687224318331,0.976567282093997,-0.156531808965551,0.063729866447569,0.133239035001348
832,1602,0.985682929476568,-0.0265302307607669,0.12660656351085,0.108148451076494,0.985682929476568,-0.0265302307607669,0.12660656351085,0.108148451076494,0.990843596737238,-0.0209995689406767,0.0763480595061099,0.109357024094341,0.990847533114167,-0.0209939287617766,0.0762969560802039,0.109358107013654,0.985682929476568,-0.0265302307607669,0.12660656351085,0.108148451076494,0.965816402916174,-0.0382469301320186,0.234091296813015,0.104580652847173,0.985682929476568,-0.0265302307607669,0.12660656351085,0.108148451076494,0.985682929476568,-0.0265302307607669,0.12660656351085,0.108148451076494,0.985680526099946,-0.0265209544712983,0.126580693910614,0.108202899084877,0.985680526099946,-0.0265209544712983,0.126580693910614,0.108202899084877,0.985682464052905,-0.02652848541149,0.126601581511816,0.108158952838282,0.985682929476568,-0.0265302307607669,0.12660656351085,0.108148451076494,0.985680526099946,-0.0265209544712983,0.126580693910614,0.108202899084877,0.985680526099946,-0.0265209544712983,0.126580693910614,0.108202899084877,0.985682464052905,-0.02652848541149,0.126601581511816,0.108158952838282,0.995437696507372,0.00438040635327719,-0.00835630102832546,0.0949461776239616,0.967157222885875,-0.0185828049708893,0.0728160843486058,0.242815574951924,0.985955466414656,-0.0272256883653316,0.00371228142307563,0.164732507741271,0.985955466414656,-0.0272256883653316,0.00371228142307563,0.164732507741271,0.989191971563245,-0.00776617263155377,0.00444420894341655,0.146352926053237,0.950391221001244,-0.11029951933101,0.215626856231876,0.195180946689657,0.970602307048124,-0.166582011551705,0.118843420263243,0.126719518782157,0.975807496148829,-0.159068511454238,0.0631848672291019,0.136031656891794
833,1603,0.985727982282193,-0.0266517912165996,0.127155324818737,0.107058630390381,0.985727982282193,-0.0266517912165996,0.127155324818737,0.107058630390381,0.99091648075372,-0.0211763597376743,0.0768938219530317,0.108274789791429,0.990920445278562,-0.0211707753753913,0.0768427147673652,0.108275881830268,0.985727982282193,-0.0266517912165996,0.127155324818737,0.107058630390381,0.965800916648593,-0.0382480680247044,0.234641686587489,0.103484074178083,0.985727982282193,-0.0266517912165996,0.127155324818737,0.107058630390381,0.985727982282193,-0.0266517912165996,0.127155324818737,0.107058630390381,0.985725648309523,-0.026645250427595,0.127126598275251,0.107115848058932,0.985725648309523,-0.026645250427595,0.127126598275251,0.107115848058932,0.985727534587727,-0.0266505583606897,0.127149788350169,0.10706963443093,0.985727982282193,-0.0266517912165996,0.127155324818737,0.107058630390381,0.985725648309523,-0.026645250427595,0.127126598275251,0.107115848058932,0.985725648309523,-0.026645250427595,0.127126598275251,0.107115848058932,0.985727534587727,-0.0266505583606897,0.127149788350169,0.10706963443093,0.995560186931708,0.0039350397493377,-0.00738410309949272,0.0937544915195536,0.967299788711633,-0.0191467939004678,0.0735700402651657,0.241975139667581,0.985957270377161,-0.0272519313235617,0.00381857787749324,0.164714940708324,0.985957270377161,-0.0272519313235617,0.00381857787749324,0.164714940708324,0.989409177481223,-0.00601316961549738,0.00264601771479183,0.145004551298771,0.949224751403702,-0.11266506839732,0.218046225274163,0.196811578239943,0.96946329506408,-0.169441400179561,0.121543753795149,0.129064508452447,0.975029983776518,-0.161346642859857,0.0628370535582412,0.139051415939341
834,1604,0.985764815340381,-0.0267289453828324,0.127777544443553,0.105953723160835,0.985764815340381,-0.0267289453828324,0.127777544443553,0.105953723160835,0.990984888981922,-0.0213095683674446,0.0775133655350307,0.10717523160187,0.990988885459987,-0.021304040715326,0.0774622548203467,0.107176330512483,0.985764815340381,-0.0267289453828324,0.127777544443553,0.105953723160835,0.965769192948253,-0.0382034113859172,0.235264187625656,0.102377377048836,0.985764815340381,-0.0267289453828324,0.127777544443553,0.105953723160835,0.985764815340381,-0.0267289453828324,0.127777544443553,0.105953723160835,0.985762898727127,-0.0267247617655768,0.127745002535798,0.106011833909213,0.985762898727127,-0.0267247617655768,0.127745002535798,0.106011833909213,0.985764450568715,-0.0267281617302905,0.12777126792254,0.105964883140334,0.985764815340381,-0.0267289453828324,0.127777544443553,0.105953723160835,0.985762898727127,-0.0267247617655768,0.127745002535798,0.106011833909213,0.985762898727127,-0.0267247617655768,0.127745002535798,0.106011833909213,0.985764450568715,-0.0267281617302905,0.12777126792254,0.105964883140334,0.995674350701053,0.00346721364997821,-0.00634008713587584,0.0926302816612956,0.967415894351487,-0.0196902417605747,0.0742743057109526,0.241251133151078,0.985958481844657,-0.0272651595236198,0.00392158426633795,0.164703079302034,0.985958481844657,-0.0272651595236198,0.00392158426633795,0.164703079302034,0.9896137224123,-0.00426976922350768,0.000976486049784934,0.143685406214562,0.948134583805862,-0.11474097776828,0.220125247705983,0.198545194689885,0.968430591894351,-0.171687400011286,0.123843625262988,0.131637311740411,0.97430393196519,-0.163064655833134,0.0626650061221732,0.142178982915546
835,1605,0.985790687601536,-0.0267551193093437,0.128468915022167,0.104864778175811,0.985790687601536,-0.0267551193093437,0.128468915022167,0.104864778175811,0.991045865003456,-0.0213910513977289,0.078202527762426,0.106089024084581,0.991049897025375,-0.021385579767275,0.0781514139019523,0.106090127199173,0.985790687601535,-0.0267551193093437,0.128468915022167,0.104864778175811,0.965718980392796,-0.0381098358980692,0.235954217588878,0.101292144408841,0.985790687601535,-0.0267551193093437,0.128468915022167,0.104864778175811,0.985790687601535,-0.0267551193093437,0.128468915022167,0.104864778175811,0.985789341271106,-0.0267536026018302,0.128432725005376,0.104922135566317,0.985789341271106,-0.0267536026018302,0.128432725005376,0.104922135566317,0.985790433518549,-0.0267548499584038,0.128461939629218,0.104875780110154,0.985790687601535,-0.0267551193093437,0.128468915022167,0.104864778175811,0.985789341271106,-0.0267536026018302,0.128432725005376,0.104922135566317,0.985789341271106,-0.0267536026018302,0.128432725005376,0.104922135566317,0.985790433518549,-0.0267548499584038,0.128461939629218,0.104875780110154,0.995777140492358,0.00296904260116719,-0.0052483395375123,0.0916052738164866,0.967501367707368,-0.0202084594042658,0.0749313727171033,0.240661611055043,0.985961003655529,-0.027332083423504,0.00405391715441092,0.164673684121103,0.985961003655529,-0.027332083423504,0.00405391715441092,0.164673684121103,0.989807591894717,-0.00253637340186227,-0.000553009388758267,0.142387471422749,0.947172333248199,-0.116425643510001,0.221787841245784,0.20029926145141,0.967514572475712,-0.173333627137498,0.125593252413759,0.134526356892,0.973619686514063,-0.164251730117421,0.0626324120322915,0.145475964161468
836,1606,0.9858071637887,-0.0267325299833042,0.12921493368178,0.103793586397161,0.9858071637887,-0.0267325299833042,0.12921493368178,0.103793586397161,0.99110023444673,-0.0214229319294923,0.0789467449813023,0.105018068559832,0.991104304852005,-0.0214175155341388,0.0788956283157037,0.105019173320104,0.985807163788699,-0.0267325299833042,0.12921493368178,0.103793586397161,0.965653426988026,-0.0379697418267744,0.236697533172165,0.100229912910774,0.985807163788699,-0.0267325299833042,0.12921493368178,0.103793586397161,0.985807163788699,-0.0267325299833042,0.12921493368178,0.103793586397161,0.985806316824832,-0.0267335848121275,0.129175829024279,0.10385001852307,0.985806316824832,-0.0267335848121275,0.129175829024279,0.10385001852307,0.985807004971446,-0.0267327534132245,0.129207404851311,0.103804409230847,0.985807163788699,-0.0267325299833042,0.12921493368178,0.103793586397161,0.985806316824832,-0.0267335848121275,0.129175829024279,0.10385001852307,0.985806316824832,-0.0267335848121275,0.129175829024279,0.10385001852307,0.985807004971446,-0.0267327534132245,0.129207404851311,0.103804409230847,0.995863789839444,0.0024326937727809,-0.00409389501406592,0.0907338641921642,0.967553211798094,-0.0207396079201379,0.0755792063726221,0.240204984474919,0.985957543389668,-0.0273996624885294,0.00416109848471635,0.164680497897979,0.985957543389668,-0.0273996624885294,0.00416109848471635,0.164680497897979,0.989988457042523,-0.000853931669824622,-0.00196216117811526,0.141132121243812,0.946387283012926,-0.117651026291348,0.222942767074408,0.202004626613378,0.966857062896222,-0.17383656965776,0.126551565441617,0.137669779768799,0.973084577300499,-0.164411221140858,0.0627238727116157,0.148798762007413
837,1607,0.985808377098504,-0.0266345954703928,0.13003575545547,0.102777158307028,0.985808377098504,-0.0266345954703928,0.13003575545547,0.102777158307028,0.991143162419615,-0.0213767814142585,0.0797664443441352,0.103997976720253,0.991147275101295,-0.0213714176307855,0.0797153254634116,0.103999079101643,0.985808377098504,-0.0266345954703928,0.13003575545547,0.102777158307028,0.965564487933742,-0.0377607726256366,0.237513523184915,0.0992303884717494,0.985808377098504,-0.0266345954703928,0.13003575545547,0.102777158307028,0.985808377098504,-0.0266345954703928,0.13003575545547,0.102777158307028,0.985808318576561,-0.026639546141123,0.129992764989136,0.102830805973344,0.985808318576561,-0.026639546141123,0.129992764989136,0.102830805973344,0.985808371921901,-0.0266355772809677,0.13002747307412,0.102787431710103,0.985808377098504,-0.0266345954703928,0.13003575545547,0.102777158307028,0.985808318576561,-0.026639546141123,0.129992764989136,0.102830805973344,0.985808318576561,-0.026639546141123,0.129992764989136,0.102830805973344,0.985808371921901,-0.0266355772809677,0.13002747307412,0.102787431710103,0.995923673073561,0.00189594525711401,-0.00286655645354688,0.0901344865040442,0.967565949935778,-0.0212374889994349,0.0761267477985914,0.239937116460719,0.98596001181864,-0.0274913361859184,0.00432344373670506,0.164646255236963,0.98596001181864,-0.0274913361859184,0.00432344373670506,0.164646255236963,0.990164010792777,0.000859552310405153,-0.00327108879722626,0.139870629077975,0.946046566217216,-0.117823500885959,0.222814510678822,0.203634994582336,0.966188449213523,-0.174337515709996,0.12750842505749,0.140811621543798,0.971984382031498,-0.165819823370204,0.0708863805051466,0.150749024286067
838,1608,0.985786727111862,-0.0265098498139488,0.130969430219169,0.101827132243778,0.985786727111862,-0.0265098498139488,0.130969430219169,0.101827132243778,0.991168992115621,-0.0213004796851722,0.0807000128274794,0.103042838486386,0.991173152946595,-0.0212951651636005,0.0806488926133329,0.103043936933741,0.985786727111862,-0.0265098498139488,0.130969430219169,0.101827132243778,0.965440430036891,-0.0375324469199244,0.238439172645844,0.0982998088825862,0.985786727111862,-0.0265098498139488,0.130969430219169,0.101827132243778,0.985786727111862,-0.0265098498139488,0.130969430219169,0.101827132243778,0.985787853007514,-0.0265163358781369,0.130920603095851,0.101877320731614,0.985787853007514,-0.0265163358781369,0.130920603095851,0.101877320731614,0.985786952468964,-0.0265111073285813,0.130960011828474,0.101836736161614,0.985786727111862,-0.0265098498139488,0.130969430219169,0.101827132243778,0.985787853007514,-0.0265163358781369,0.130920603095851,0.101877320731614,0.985787853007514,-0.0265163358781369,0.130920603095851,0.101877320731614,0.985786952468964,-0.0265111073285813,0.130960011828474,0.101836736161614,0.995978977269171,0.0013591616926069,-0.00163185425554583,0.0895620822058022,0.967576173834077,-0.0217337103433772,0.076669216006221,0.239678586820581,0.985956907181578,-0.0275994794247204,0.00452863415579251,0.164641238421922,0.985956907181578,-0.0275994794247204,0.00452863415579251,0.164641238421922,0.990312120466257,0.00248811148763131,-0.00449395560142016,0.138764252319911,0.945724364441344,-0.117941525182853,0.222622174146422,0.205267120401388,0.965791462727913,-0.173888829775846,0.127606809424234,0.143965369410955,0.971747985656096,-0.164848195217154,0.0688658090991085,0.154234967643828
839,1609,0.985741628304499,-0.0264138609537146,0.132024129765386,0.100922640357876,0.985741628304499,-0.0264138609537146,0.132024129765386,0.100922640357876,0.991177554078234,-0.0212505834282677,0.0817556414212629,0.102134637078934,0.991181769353844,-0.0212453157477687,0.0817045207641242,0.102135732954069,0.985741628304499,-0.0264138609537146,0.132024129765386,0.100922640357876,0.965279773865006,-0.0373377047607556,0.239482539613719,0.0974113298876777,0.985741628304499,-0.0264138609537146,0.132024129765386,0.100922640357876,0.985741628304499,-0.0264138609537146,0.132024129765386,0.100922640357876,0.985743989683501,-0.0264189860453891,0.131968960128109,0.100970379527326,0.985743989683501,-0.0264189860453891,0.131968960128109,0.100970379527326,0.985742091204765,-0.0264148336765918,0.132013489876103,0.100931782307787,0.985741628304499,-0.0264138609537146,0.132024129765386,0.100922640357876,0.985743989683501,-0.0264189860453891,0.131968960128109,0.100970379527326,0.985743989683501,-0.0264189860453891,0.131968960128109,0.100970379527326,0.985742091204765,-0.0264148336765918,0.132013489876103,0.100931782307787,0.996030961331266,0.000820673013075443,-0.000396509551494936,0.0890027715607482,0.967563812548898,-0.0222411456969677,0.0771450119220972,0.239529219970062,0.98595217158823,-0.0277441622093996,0.00477436887908795,0.164638337593519,0.98595312194827,-0.0277106868468749,0.00457390185733599,0.164643975221486,0.990436291244548,0.00400114185762196,-0.00564477059728341,0.137797243856632,0.945399745492124,-0.118055526898059,0.222426422855549,0.206902634608488,0.965833774304089,-0.172141482570585,0.126532166433337,0.146703923770314,0.971692487284949,-0.16301338792368,0.0682567130968396,0.156784459143275
840,1610,0.985671317060079,-0.0263797572293317,0.133109845077777,0.10018948186781,0.985671317060079,-0.0263797572293317,0.133109845077777,0.10018948186781,0.991162512485203,-0.0212537847381545,0.0828435270591546,0.101400692811849,0.991166783869157,-0.021248554911246,0.0827924071763477,0.101401788853069,0.985671317060079,-0.0263797572293317,0.133109845077777,0.10018948186781,0.965090651520483,-0.0372232897347226,0.240553965835843,0.0966863515173864,0.985671317060079,-0.0263797572293317,0.133109845077777,0.10018948186781,0.985671317060079,-0.0263797572293317,0.133109845077777,0.10018948186781,0.985674995597831,-0.0263817198725746,0.133052806876348,0.100228531327691,0.985674995597831,-0.0263817198725746,0.133052806876348,0.100228531327691,0.985672033385216,-0.0263801082236289,0.133098882681701,0.100196905746862,0.985671317060079,-0.0263797572293317,0.133109845077777,0.10018948186781,0.985674995597831,-0.0263817198725746,0.133052806876348,0.100228531327691,0.985674995597831,-0.0263817198725746,0.133052806876348,0.100228531327691,0.985672033385216,-0.0263801082236289,0.133098882681701,0.100196905746862,0.996060458648406,0.000252300175023287,0.000926395223204827,0.0886715335022444,0.967539351906133,-0.0227471076396118,0.0775711669580548,0.239442865134584,0.98595020570777,-0.0278638783015213,0.00503865828038114,0.164622015761977,0.985952781220394,-0.0277750372174211,0.00450659696803106,0.164637028323247,0.990543242175138,0.0054529359096695,-0.00666884193919345,0.136930191770556,0.945654102734738,-0.116686847607364,0.220609311422051,0.208456300673071,0.96609871141951,-0.169849960115968,0.124686313561132,0.149189792052616,0.971690375837763,-0.160942979536916,0.068638258283327,0.158757552078251
841,1611,0.985596985460619,-0.026351801905892,0.134198459316319,0.0994733044810457,0.985596985460619,-0.026351801905892,0.134198459316319,0.0994733044810457,0.991143603063366,-0.0212622634809478,0.083934512201491,0.100684020180627,0.991147930715527,-0.0212570706168282,0.0838833932924973,0.100685116660097,0.985596985460619,-0.026351801905892,0.134198459316319,0.0994733044810457,0.96489721477089,-0.0371168508329664,0.241627831921972,0.0959775762994124,0.985596985460619,-0.026351801905892,0.134198459316319,0.0994733044810457,0.985596985460619,-0.026351801905892,0.134198459316319,0.0994733044810457,0.985600930206609,-0.0263532989874803,0.134141182699736,0.0995110703000393,0.985600930206609,-0.0263532989874803,0.134141182699736,0.0995110703000393,0.985597744424646,-0.0263520851960023,0.13418746470204,0.0994805413521222,0.985596985460619,-0.026351801905892,0.134198459316319,0.0994733044810457,0.985600930206609,-0.0263532989874803,0.134141182699736,0.0995110703000393,0.985600930206609,-0.0263532989874803,0.134141182699736,0.0995110703000393,0.985597744424646,-0.0263520851960023,0.13418746470204,0.0994805413521222,0.996077262845598,-0.000348740458217273,0.00228672788987583,0.0884575361270711,0.967503028674216,-0.0232764115322247,0.0779522945108559,0.239414991078034,0.985946830655948,-0.0280217010797979,0.00530386966217595,0.164607109064866,0.985951089680823,-0.027877823266468,0.00444214712727057,0.164631537246124,0.990627495574657,0.00674775615564286,-0.0076313329623476,0.136210849625004,0.945929343406453,-0.115241978699072,0.218709992572993,0.210006911259798,0.966497135954696,-0.167300820783252,0.122405880660141,0.151362220968232,0.972024860348769,-0.15810507795102,0.0653267502082422,0.160943688591034
842,1612,0.985517321255843,-0.0263084783496056,0.135142779785193,0.0989944571355697,0.985517321255843,-0.0263084783496056,0.135142779785193,0.0989944571355697,0.991112034554535,-0.0212433321404721,0.0848816610613369,0.100203589836929,0.991116411056481,-0.021238164054847,0.0848305437792474,0.100204685340643,0.985517321255843,-0.0263084783496056,0.135142779785193,0.0989944571355697,0.964714324431779,-0.0370212009308123,0.242557691404538,0.0955063833378599,0.985517321255843,-0.0263084783496056,0.135142779785193,0.0989944571355697,0.985517321255843,-0.0263084783496056,0.135142779785193,0.0989944571355697,0.985521531642593,-0.0263107201811822,0.135092704025676,0.0990202908065675,0.985521531642593,-0.0263107201811822,0.135092704025676,0.0990202908065675,0.985518131133231,-0.026308914568862,0.135133227406685,0.0989993185457633,0.985517321255843,-0.0263084783496056,0.135142779785193,0.0989944571355697,0.985521531642593,-0.0263107201811822,0.135092704025676,0.0990202908065675,0.985521531642593,-0.0263107201811822,0.135092704025676,0.0990202908065675,0.985518131133231,-0.026308914568862,0.135133227406685,0.0989993185457633,0.996084461039818,-0.000932605687032144,0.0037194169278507,0.0883235113622923,0.967446928157657,-0.0238225593244052,0.0783124339674811,0.239470435652583,0.985940993695019,-0.0282191741515306,0.00558616805462249,0.164598997227655,0.985947089095675,-0.0280178158622057,0.00438016273920305,0.164633391729793,0.990693493830289,0.00799772422865405,-0.00851659778489148,0.135609384821511,0.946543770196627,-0.112874945149436,0.215881493527383,0.211445781731045,0.967072211783489,-0.164371508151151,0.119443754749187,0.153253169480192,0.972479373280299,-0.154925742370875,0.0614763523376945,0.162796010388589
843,1613,0.985428174766722,-0.0262015093833245,0.135953594930408,0.0987998649162151,0.985428174766722,-0.0262015093833245,0.135953594930408,0.0987998649162151,0.991064210938322,-0.0211463910770772,0.0856959590399447,0.100003812656529,0.991068629438214,-0.0211412332952033,0.0856448442233025,0.100004903160718,0.985428174766721,-0.0262015093833245,0.135953594930407,0.0987998649162151,0.964536671106423,-0.0368935083202289,0.243353811742315,0.0953247158152176,0.985428174766721,-0.0262015093833245,0.135953594930407,0.0987998649162151,0.985428174766721,-0.0262015093833245,0.135953594930407,0.0987998649162151,0.985432861576822,-0.0262069704282307,0.135910552995952,0.0988108881137325,0.985432861576822,-0.0262069704282307,0.135910552995952,0.0988108881137325,0.98542907790311,-0.026202583530303,0.135945391747061,0.0988018598109473,0.985428174766721,-0.0262015093833245,0.135953594930407,0.0987998649162151,0.985432861576822,-0.0262069704282307,0.135910552995952,0.0988108881137325,0.985432861576822,-0.0262069704282307,0.135910552995952,0.0988108881137325,0.98542907790311,-0.026202583530303,0.135945391747061,0.0988018598109473,0.996084750327749,-0.00148297792035543,0.00520722817460536,0.0882374960871597,0.967366703595713,-0.0243573471238927,0.0786547160593593,0.239628495920398,0.985939669379269,-0.0284061539267976,0.0058668793708166,0.164564997766331,0.985947485637732,-0.0281545655702756,0.00435975846687284,0.164608227340843,0.990735925922979,0.00920230862611455,-0.00938130693423833,0.135165208843445,0.947387295114288,-0.10998190806035,0.212439794680811,0.21267493174188,0.967860008333649,-0.160884519830406,0.115770230339785,0.154791567323296,0.973136439484064,-0.151093567019333,0.0562246575162194,0.164362380248149
844,1614,0.985322695827423,-0.0260657836323641,0.136669827145597,0.0988995366976214,0.985322695827423,-0.0260657836323641,0.136669827145597,0.0988995366976214,0.990995269035488,-0.0210057751533009,0.0864166263742567,0.100096457707465,0.990999724704301,-0.0210006125933925,0.086365515112374,0.100097540959185,0.985322695827422,-0.0260657836323641,0.136669827145597,0.0988995366976214,0.964353171494448,-0.0367695497948273,0.244054127588998,0.0954386904942598,0.985322695827422,-0.0260657836323641,0.136669827145597,0.0988995366976214,0.985322695827422,-0.0260657836323641,0.136669827145597,0.0988995366976214,0.985328218540699,-0.026072843354487,0.136631865435087,0.0988951057158738,0.985328218540699,-0.026072843354487,0.136631865435087,0.0988951057158738,0.985323762400951,-0.0260671517042915,0.136662583172741,0.098898560204956,0.985322695827422,-0.0260657836323641,0.136669827145597,0.0988995366976214,0.985328218540699,-0.026072843354487,0.136631865435087,0.0988951057158738,0.985328218540699,-0.026072843354487,0.136631865435087,0.0988951057158738,0.985323762400951,-0.0260671517042915,0.136662583172741,0.098898560204956,0.996073757008246,-0.00207092147004447,0.00675618377282077,0.0882447497847385,0.967258094253299,-0.0249344122092369,0.0789613955376793,0.239906548897687,0.985933322706221,-0.0286214021153693,0.00616136512173196,0.164554963760619,0.985943216687682,-0.0283099617320488,0.00429566179275113,0.164608829726835,0.990758570234312,0.0103664639484046,-0.0102831356363524,0.134848986106503,0.948459400766254,-0.106606986830483,0.20838527558852,0.213624184901759,0.968813581837597,-0.156981228380885,0.111560056910086,0.155921426639365,0.973953684057233,-0.146725888806016,0.0495945960979286,0.1656083056592
845,1615,0.985198893653213,-0.0258760138195781,0.137353558375522,0.0992349326340114,0.985198893653213,-0.0258760138195781,0.137353558375522,0.0992349326340114,0.990906375794872,-0.020799204913212,0.0871057659572782,0.100421775631812,0.990910867006571,-0.0207940255751207,0.0870546592791985,0.100422848229121,0.985198893653213,-0.0258760138195781,0.137353558375522,0.0992349326340114,0.96415502883402,-0.0366177620204197,0.244720126732566,0.0957928987487261,0.985198893653213,-0.0258760138195781,0.137353558375522,0.0992349326340114,0.985198893653213,-0.0258760138195781,0.137353558375522,0.0992349326340114,0.985205376085159,-0.0258858557225986,0.137317475981071,0.0992179429165813,0.985205376085159,-0.0258858557225986,0.137317475981071,0.0992179429165813,0.985200145475194,-0.0258779252809534,0.137346649059739,0.0992315692250725,0.985198893653213,-0.0258760138195781,0.137353558375522,0.0992349326340114,0.985205376085159,-0.0258858557225986,0.137317475981071,0.0992179429165813,0.985205376085159,-0.0258858557225986,0.137317475981071,0.0992179429165813,0.985200145475194,-0.0258779252809534,0.137346649059739,0.0992315692250725,0.996045430113823,-0.00266414834486235,0.00833040244033591,0.0884138442674455,0.967127147222811,-0.0255190776172613,0.0792619856565822,0.240273584507343,0.985927911395719,-0.0288352525087526,0.00643968582276479,0.16453939403722,0.985939709765588,-0.0284725401633796,0.0042667001264461,0.164602546863722,0.990758220559844,0.0115039980360037,-0.0112343040548091,0.134683320551151,0.94973199994613,-0.102809670168836,0.203796748376434,0.214257287739044,0.969883379413706,-0.1528003798806,0.106855951258877,0.156716559195112,0.974853499969133,-0.141996432690665,0.0418642757051943,0.166568451757036
846,1616,0.985054728424461,-0.0257325110323066,0.138053406745931,0.099731022106595,0.985054728424461,-0.0257325110323066,0.138053406745931,0.099731022106595,0.990797964928571,-0.0206306750573306,0.0878120367543612,0.100909930835041,0.990802492566734,-0.02062547054258,0.0877609356666946,0.100910994739677,0.985054728424461,-0.0257325110323066,0.138053406745931,0.099731022106595,0.963934876260617,-0.036529609239874,0.24539990919716,0.096301747352974,0.985054728424461,-0.0257325110323066,0.138053406745931,0.099731022106595,0.985054728424461,-0.0257325110323066,0.138053406745931,0.099731022106595,0.985062280719007,-0.0257401787880251,0.13801661299289,0.0997053701592806,0.985062280719007,-0.0257401787880251,0.13801661299289,0.0997053701592806,0.985056186453317,-0.0257339652757712,0.13804633970885,0.099726027967737,0.985054728424461,-0.0257325110323066,0.138053406745931,0.099731022106595,0.985062280719007,-0.0257401787880251,0.13801661299289,0.0997053701592806,0.985062280719007,-0.0257401787880251,0.13801661299289,0.0997053701592806,0.985056186453317,-0.0257339652757712,0.13804633970885,0.099726027967737,0.996000349113095,-0.00327823089294956,0.00989161831910764,0.088739583365234,0.966952831883527,-0.0260920175679108,0.0795560807369814,0.240815816651305,0.985923444988856,-0.0290287241190235,0.00672927638073927,0.16452054776447,0.985937504137564,-0.0286049909346675,0.0041905219593947,0.164594750688858,0.990733191840079,0.0127011316608777,-0.0122168175561548,0.13467432275568,0.951168102370206,-0.0986244777725357,0.198712216035778,0.214629701149924,0.971070994224748,-0.148294540694892,0.101683780573682,0.157131353153007,0.975802953764457,-0.136950823185351,0.0335717512345985,0.167110756603094
847,1617,0.984881601139201,-0.0256500477638648,0.138818434190449,0.100397953744619,0.984881601139201,-0.0256500477638648,0.138818434190449,0.100397953744619,0.990663941998206,-0.0205144232095759,0.0885848743193801,0.10157180960667,0.990668509496086,-0.0205091845582043,0.0885337801429947,0.10157286751467,0.984881601139201,-0.0256500477638648,0.138818434190449,0.100397953744619,0.963678778662487,-0.0365208891420899,0.246141295781878,0.0969737011909224,0.984881601139201,-0.0256500477638648,0.138818434190449,0.100397953744619,0.984881601139201,-0.0256500477638648,0.138818434190449,0.100397953744619,0.984890662331979,-0.025654555024649,0.138778346958337,0.100363327332625,0.984890662331979,-0.025654555024649,0.138778346958337,0.100363327332625,0.984883352282877,-0.025650887076913,0.13881071398989,0.100391235024915,0.984881601139201,-0.0256500477638648,0.138818434190449,0.100397953744619,0.984890662331979,-0.025654555024649,0.138778346958337,0.100363327332625,0.984890662331979,-0.025654555024649,0.138778346958337,0.100363327332625,0.984883352282877,-0.025650887076913,0.13881071398989,0.100391235024915,0.995933335274013,-0.00392083988209671,0.0114218498176459,0.0892802332621461,0.966753005797835,-0.0266604105731954,0.079852222423335,0.241456975179791,0.985916594658264,-0.0292604633760903,0.00700359469638904,0.164509097990959,0.985932894207448,-0.0287778850355794,0.00411218688081253,0.164594202120431,0.990686735936902,0.0139508026246639,-0.0131590413969595,0.134803582943214,0.952731536752297,-0.0940604525967955,0.193207048965428,0.214770310715804,0.972361382492629,-0.143480704350226,0.0960470606325008,0.157167399482349,0.976770640559923,-0.131677313954785,0.0251159662222458,0.167180707530905
848,1618,0.984677492918451,-0.025696585020827,0.139669051769831,0.101205120600782,0.984677492918451,-0.025696585020827,0.139669051769831,0.101205120600782,0.990503328075335,-0.0205198780727541,0.0894447659404063,0.102380298502352,0.99050793992283,-0.0205145977230987,0.0893936800466321,0.102381356690615,0.984677492918451,-0.025696585020827,0.139669051769831,0.101205120600782,0.963382487770679,-0.036655790305552,0.246964352365329,0.0977708747768313,0.984677492918451,-0.025696585020827,0.139669051769831,0.101205120600782,0.984677492918451,-0.025696585020827,0.139669051769831,0.101205120600782,0.984688187621115,-0.0256944844659314,0.13962452165663,0.101163034650174,0.984688187621115,-0.0256944844659314,0.13962452165663,0.101163034650174,0.984679558549017,-0.0256961282249037,0.13966046938803,0.101196982466269,0.984677492918451,-0.025696585020827,0.139669051769831,0.101205120600782,0.984688187621115,-0.0256944844659314,0.13962452165663,0.101163034650174,0.984688187621115,-0.0256944844659314,0.13962452165663,0.101163034650174,0.984679558549017,-0.0256961282249037,0.13966046938803,0.101196982466269,0.995844135021749,-0.00457840009430062,0.0128931595942042,0.0900403433525188,0.966535482405858,-0.0272365816413929,0.0801749572300657,0.242155541138594,0.985906930837375,-0.0294736346751776,0.0072567826069345,0.164517985922693,0.985925265489255,-0.0289405422601441,0.00406300835807595,0.164612599295176,0.990617771433447,0.0152869418842233,-0.0140858535977664,0.135071570126662,0.954388161331129,-0.0891564809142739,0.187320308650038,0.214721823271934,0.973725532942504,-0.138379178682193,0.0900442962384184,0.15684965450395,0.977737468549566,-0.126214962198024,0.0166982449233561,0.166794467918207
849,1619,0.984446617789511,-0.0258640694094186,0.140577386354964,0.10214648834876,0.984446617789511,-0.0258640694094186,0.140577386354964,0.10214648834876,0.990318915158814,-0.0206393033401562,0.0903636603412664,0.103328961700153,0.990323574399058,-0.0206339740624958,0.0903125839574715,0.10333002604658,0.984446617789511,-0.0258640694094186,0.140577386354964,0.10214648834876,0.963053253230351,-0.0369256453428857,0.247841837214866,0.0986881547320144,0.984446617789511,-0.0258640694094186,0.140577386354964,0.10214648834876,0.984446617789511,-0.0258640694094186,0.140577386354964,0.10214648834876,0.984458742163582,-0.0258555913648314,0.140529749655888,0.102097320408162,0.984458742163582,-0.0258555913648314,0.140529749655888,0.102097320408162,0.984448956089911,-0.0258623902306821,0.140568218452283,0.102136994209694,0.984446617789511,-0.0258640694094186,0.140577386354964,0.10214648834876,0.984458742163582,-0.0258555913648314,0.140529749655888,0.102097320408162,0.984458742163582,-0.0258555913648314,0.140529749655888,0.102097320408162,0.984448956089911,-0.0258623902306821,0.140568218452283,0.102136994209694,0.995733704969817,-0.0052439484238448,0.0142939993440338,0.0910086335177159,0.966300699847659,-0.0278309331755781,0.0805293759441534,0.242906188152024,0.985900905593605,-0.0296763599203826,0.00749219819187697,0.164507097043987,0.985921287302676,-0.0290923032939815,0.0039929847820227,0.164611388442644,0.990535073078025,0.0167119470862228,-0.014977610110003,0.135412890901466,0.956114932218326,-0.0838565820741145,0.181080137287432,0.214528072549862,0.975141371027263,-0.132982178546117,0.0837096951617817,0.156229746322915,0.978689924852782,-0.120596553988436,0.00860450722950902,0.165977301499656
850,1620,0.984144115047665,-0.0262325311093718,0.141573261553998,0.103581980776618,0.984144115047665,-0.0262325311093718,0.141573261553998,0.103581980776618,0.990067416228302,-0.0209343335346396,0.0913736225231461,0.104781325194293,0.990072127558257,-0.0209289293501102,0.0913225591092089,0.104782404755139,0.984144115047665,-0.0262325311093718,0.141573261553998,0.103581980776618,0.96264321037645,-0.0374495282180423,0.248798466808199,0.100074498581096,0.984144115047665,-0.0262325311093718,0.141573261553998,0.103581980776618,0.984144115047665,-0.0262325311093718,0.141573261553998,0.103581980776618,0.984159929019275,-0.0262136863129634,0.141521097811738,0.103507756408988,0.984159929019275,-0.0262136863129634,0.141521097811738,0.103507756408988,0.98414717967233,-0.0262288301306804,0.141563213449651,0.103567532609319,0.984144115047665,-0.0262325311093718,0.141573261553998,0.103581980776618,0.984159929019275,-0.0262136863129634,0.141521097811738,0.103507756408988,0.984159929019275,-0.0262136863129634,0.141521097811738,0.103507756408988,0.98414717967233,-0.0262288301306804,0.141563213449651,0.103567532609319,0.995588162617566,-0.00575446533914158,0.0155748560998568,0.092349988857106,0.966133251277046,-0.0285730774326659,0.0809199500273315,0.243355874616671,0.985868822964781,-0.0299154692254362,0.00773748543687352,0.164644647426432,0.985891759582772,-0.0292621145026772,0.00382663842469418,0.164762021958897,0.990391911001363,0.0182396559737942,-0.0157369778289545,0.136174612545208,0.957881699986335,-0.0780650646457134,0.174491732349002,0.2142921600409,0.976559636989463,-0.127324493266074,0.0770633592439555,0.155502371298906,0.9795950847817,-0.11486139984428,0.000977653563125788,0.164922323809901
851,1621,0.983867966366975,-0.0266209801654358,0.142512902606846,0.104810403884897,0.983867966366976,-0.0266209801654358,0.142512902606846,0.104810403884897,0.989839379340592,-0.0212598490402308,0.0923260838503859,0.106027902772196,0.989844139794587,-0.021254380562318,0.0922750321963146,0.106028999120033,0.983867966366975,-0.0266209801654358,0.142512902606846,0.104810403884897,0.962265537969346,-0.0379705365966954,0.249702096685392,0.101252830568052,0.983867966366975,-0.0266209801654358,0.142512902606846,0.104810403884897,0.983867966366975,-0.0266209801654358,0.142512902606846,0.104810403884897,0.983882633011321,-0.0266006173164482,0.142463322265788,0.10474527877708,0.983882633011321,-0.0266006173164482,0.142463322265788,0.10474527877708,0.983870771545385,-0.0266170590162785,0.14250340760047,0.104797976556169,0.983867966366975,-0.0266209801654358,0.142512902606846,0.104810403884897,0.983882633011321,-0.0266006173164482,0.142463322265788,0.10474527877708,0.983882633011321,-0.0266006173164482,0.142463322265788,0.10474527877708,0.983870771545385,-0.0266170590162785,0.14250340760047,0.104797976556169,0.995446423725609,-0.00638804161145588,0.0169292651055774,0.0935895848866211,0.965890232287123,-0.029248278981298,0.0813087062766588,0.244109589390861,0.985858375972944,-0.0301815834487854,0.00795521384586382,0.164648258773603,0.985883473335833,-0.029473128589419,0.00371482255549911,0.16477655108603,0.990258556323625,0.0199111063193916,-0.0164682566577409,0.13682227887169,0.959615975051108,-0.072031351922678,0.167699299891007,0.214069170089879,0.977967662458474,-0.121350724808808,0.0702427348709804,0.154658368579689,0.980466825404938,-0.108911033365181,-0.00629244761672186,0.163656946674079
852,1622,0.983592226635267,-0.0270113675952449,0.143446597440867,0.106017882481915,0.983592226635267,-0.0270113675952449,0.143446597440867,0.106017882481915,0.989611448671553,-0.0215883648674514,0.0932725858592747,0.107253661418454,0.989616257942233,-0.0215828331698994,0.0932215459595989,0.107254774708051,0.983592226635267,-0.0270113675952449,0.143446597440867,0.106017882481915,0.961888925068539,-0.0384911714373034,0.250599861223378,0.102410131855684,0.983592226635267,-0.0270113675952449,0.143446597440867,0.106017882481915,0.983592226635267,-0.0270113675952449,0.143446597440867,0.106017882481915,0.983606813290281,-0.0269908318931443,0.143397443332345,0.10595425941604,0.983606813290281,-0.0269908318931443,0.143397443332345,0.10595425941604,0.983595024797216,-0.027007424856826,0.143437167392217,0.106005684787491,0.983592226635267,-0.0270113675952449,0.143446597440867,0.106017882481915,0.983606813290281,-0.0269908318931443,0.143397443332345,0.10595425941604,0.983606813290281,-0.0269908318931443,0.143397443332345,0.10595425941604,0.983595024797216,-0.027007424856826,0.143437167392217,0.106005684787491,0.99529308239548,-0.00706327106720749,0.0182707126827685,0.0949103334500434,0.9656410937189,-0.0299196883675394,0.0816974505469314,0.244882863719549,0.985851223932158,-0.0304270361465707,0.0081446212810168,0.164636645030775,0.985878011431828,-0.0296805752067856,0.00367656899429968,0.164772852348463,0.990102972967475,0.0216244334147814,-0.0171331178665659,0.137604298888614,0.961287911911878,-0.0657342747132725,0.160736694641181,0.213935201722041,0.979310558198301,-0.115136041323074,0.0632655489127704,0.153922035168945,0.981268726885981,-0.102867264654112,-0.012782202997455,0.162378036644983
853,1623,0.983317249265482,-0.0274020013613283,0.14431157958694,0.10728693124273,0.983317249265482,-0.0274020013613283,0.14431157958694,0.10728693124273,0.989380787227277,-0.0219139975617229,0.0941504252324205,0.10854092318086,0.98938564177333,-0.0219083994724772,0.0940993972280729,0.108542053263437,0.983317249265482,-0.0274020013613283,0.14431157958694,0.10728693124273,0.961520616144698,-0.0390188129378876,0.251429412429476,0.103628603826389,0.983317249265482,-0.0274020013613283,0.14431157958694,0.10728693124273,0.983317249265482,-0.0274020013613283,0.14431157958694,0.10728693124273,0.983331794372129,-0.0273814447423825,0.144265882570465,0.107220304918767,0.983331794372129,-0.0273814447423825,0.144265882570465,0.107220304918767,0.983320039867339,-0.0273980559525071,0.144302837346326,0.107274120174058,0.983317249265482,-0.0274020013613283,0.14431157958694,0.10728693124273,0.983331794372129,-0.0273814447423825,0.144265882570465,0.107220304918767,0.983331794372129,-0.0273814447423825,0.144265882570465,0.107220304918767,0.983320039867339,-0.0273980559525071,0.144302837346326,0.107274120174058,0.995133929772819,-0.00774785143816293,0.0195675988348966,0.0962576837911451,0.965407352663422,-0.0306425114958172,0.0820925434793137,0.245581950105719,0.985840763332278,-0.030672934788798,0.00835743693105352,0.164642988529173,0.985869759603872,-0.0298714003680149,0.00356012615350658,0.164790297167124,0.989922012974255,0.0232681793986167,-0.0177481109102491,0.13855686419514,0.962887152471315,-0.0591606430930606,0.153648356166402,0.213870363916696,0.980579058200873,-0.108652416810506,0.0561612765274453,0.153314297956627,0.982016282144575,-0.0967299156216686,-0.0182592433098734,0.161102281363493
854,1624,0.983047528804356,-0.0278384810475829,0.145107743546053,0.108564809434664,0.983047528804356,-0.0278384810475829,0.145107743546053,0.108564809434664,0.989151878384476,-0.0222849681955754,0.0949592681829537,0.109839332969313,0.989156774647371,-0.02227930313961,0.0949082519836347,0.109840482183186,0.983047528804356,-0.0278384810475829,0.145107743546053,0.108564809434664,0.961165090144027,-0.0395929927182375,0.252191139046962,0.104850816888735,0.983047528804356,-0.0278384810475829,0.145107743546053,0.108564809434664,0.983047528804356,-0.0278384810475829,0.145107743546053,0.108564809434664,0.983061807604753,-0.0278156310769626,0.145065660148368,0.108497591412828,0.983061807604753,-0.0278156310769626,0.145065660148368,0.108497591412828,0.983050266480344,-0.0278340771505366,0.145099696335193,0.108551903924055,0.983047528804356,-0.0278384810475829,0.145107743546053,0.108564809434664,0.983061807604753,-0.0278156310769626,0.145065660148368,0.108497591412828,0.983061807604753,-0.0278156310769626,0.145065660148368,0.108497591412828,0.983050266480344,-0.0278340771505366,0.145099696335193,0.108551903924055,0.994970092336075,-0.00847412224553314,0.0208820807354725,0.0976045250645079,0.965187096103187,-0.031403770642995,0.0824693317248663,0.246224454573774,0.985825198410955,-0.0309471911073319,0.00858401328856209,0.164673204427526,0.985856570523366,-0.0300874277640333,0.00343939850029558,0.164832459134746,0.989704423086372,0.0247666649035872,-0.0182715146900582,0.139778106238983,0.964383836225334,-0.052433458452349,0.146461239871262,0.21392441206512,0.981755195193524,-0.101928809395919,0.0490093835489978,0.152857236825099,0.982717823161566,-0.0905287396222546,-0.0226022787771575,0.159872963120973
855,1625,0.982789658001522,-0.0282923656968818,0.145799337710409,0.109848000854505,0.982789658001522,-0.0282923656968818,0.145799337710409,0.109848000854505,0.988929489386172,-0.0226730512684192,0.0956630742447053,0.111143933683477,0.988934421948562,-0.0226673189264108,0.0956120695142898,0.111145102911221,0.982789658001522,-0.0282923656968818,0.145799337710409,0.109848000854505,0.960832826282879,-0.0401850556960757,0.252850229758246,0.106076399576724,0.982789658001522,-0.0282923656968818,0.145799337710409,0.109848000854505,0.982789658001522,-0.0282923656968818,0.145799337710409,0.109848000854505,0.982803327650859,-0.0282685307448731,0.145762663038125,0.109780487300603,0.982803327650859,-0.0282685307448731,0.145762663038125,0.109780487300603,0.982792275993076,-0.0282877831522884,0.145792343060044,0.109835041210635,0.982789658001522,-0.0282923656968818,0.145799337710409,0.109848000854505,0.982803327650859,-0.0282685307448731,0.145762663038125,0.109780487300603,0.982803327650859,-0.0282685307448731,0.145762663038125,0.109780487300603,0.982792275993076,-0.0282877831522884,0.145792343060044,0.109835041210635,0.994804091571286,-0.00922499805772832,0.0221523566465107,0.0989393344371605,0.964968578262548,-0.0321713345876686,0.0828710589175625,0.246846178400004,0.985813089771652,-0.0311891442877812,0.00882753119060147,0.164687170133391,0.98584702658173,-0.0302683824681536,0.00331865213805108,0.164858884354803,0.989452169891821,0.0261212384647518,-0.0187362572237162,0.14124814003264,0.96577720446428,-0.0455565459198785,0.139177440094808,0.21407623088439,0.982844701751271,-0.0949475430710175,0.0418634455387667,0.152475270886322,0.983400772307769,-0.0842614662793155,-0.0256744397680752,0.158630859127535
856,1626,0.982553459811151,-0.0287211474780565,0.146366490176279,0.111088455089439,0.982553459811151,-0.0287211474780565,0.146366490176279,0.111088455089439,0.988722420552115,-0.0230382359249936,0.0962414979671089,0.112404576650949,0.988727382947314,-0.0230324385641185,0.0961905039156175,0.112405764711623,0.982553459811151,-0.0287211474780565,0.146366490176279,0.111088455089439,0.960535770488095,-0.040747474127284,0.253388011646619,0.107262260459404,0.982553459811151,-0.0287211474780565,0.146366490176279,0.111088455089439,0.982553459811151,-0.0287211474780565,0.146366490176279,0.111088455089439,0.982566007876037,-0.0286985182305917,0.146336306951259,0.111023062855348,0.982566007876037,-0.0286985182305917,0.146336306951259,0.111023062855348,0.982555858408908,-0.0287168141382786,0.14636075025753,0.111075922125971,0.982553459811151,-0.0287211474780565,0.146366490176279,0.111088455089439,0.982566007876037,-0.0286985182305917,0.146336306951259,0.111023062855348,0.982566007876037,-0.0286985182305917,0.146336306951259,0.111023062855348,0.982555858408908,-0.0287168141382786,0.14636075025753,0.111075922125971,0.994638662047808,-0.0100175353923936,0.0234237137284624,0.100224301342414,0.964743513393072,-0.0329421600696468,0.0832717950051751,0.247488536325529,0.98580251531808,-0.0313959999465915,0.00906288012043026,0.164698379420755,0.985838959020287,-0.0304170513826854,0.00320653727998325,0.164881981979998,0.989160893172109,0.0273503584635829,-0.0190832784178685,0.142998299974846,0.967048730789443,-0.038597132208613,0.131872466219591,0.214328407629418,0.983836011003044,-0.087791109916891,0.0347560409687694,0.1521559794729,0.984064319859028,-0.0779909479105798,-0.0275443880054052,0.157404361800448
857,1627,0.982346285499542,-0.0291196729211142,0.146785555469895,0.112257831440014,0.982346285499542,-0.0291196729211142,0.146785555469895,0.112257831440014,0.988536811926003,-0.0233768157008973,0.0966705508235465,0.11359269588461,0.988541796450095,-0.0233709570616439,0.0966195663443552,0.113593901406149,0.982346285499542,-0.0291196729211142,0.146785555469895,0.112257831440014,0.960283826373852,-0.0412720132566131,0.25378178960309,0.108380796234357,0.982346285499542,-0.0291196729211142,0.146785555469895,0.112257831440014,0.982346285499542,-0.0291196729211142,0.146785555469895,0.112257831440014,0.982357317166481,-0.0290986165298302,0.146763099842096,0.112196098195357,0.982357317166481,-0.0290986165298302,0.146763099842096,0.112196098195357,0.982348389902147,-0.0291156445891787,0.146781308712441,0.112246013334456,0.982346285499542,-0.0291196729211142,0.146785555469895,0.112257831440014,0.982357317166481,-0.0290986165298302,0.146763099842096,0.112196098195357,0.982357317166481,-0.0290986165298302,0.146763099842096,0.112196098195357,0.982348389902147,-0.0291156445891787,0.146781308712441,0.112246013334456,0.99447842974902,-0.0107793202197381,0.024720752812452,0.101416682059266,0.964506275105886,-0.0337031362869438,0.0836795623241802,0.248172268263451,0.985791508142928,-0.0316161171628116,0.00928532274947531,0.164709764101215,0.985830445709033,-0.0305776433777603,0.00307360674113905,0.164905709362026,0.988835888521419,0.0285402762019492,-0.0193108991748381,0.144969401528157,0.968203563192646,-0.0315961614680721,0.124553821339202,0.214638972209964,0.984728192795522,-0.0805082039482124,0.0278336099058716,0.151835784880601,0.984709343076967,-0.0716986372165515,-0.0284926864941284,0.156188930128113
858,1628,0.982164757427492,-0.0295324257975063,0.147079715977634,0.113348057953582,0.982164757427492,-0.0295324257975063,0.147079715977634,0.113348057953582,0.98837046842085,-0.0237336271182105,0.0969735569019491,0.114702490640559,0.988375468572876,-0.0237277112401842,0.0969225810016161,0.114703714563375,0.982164757427492,-0.0295324257975063,0.147079715977634,0.113348057953581,0.960071090774879,-0.0418020012955871,0.254054234845634,0.109419098438149,0.982164757427492,-0.0295324257975063,0.147079715977634,0.113348057953581,0.982164757427492,-0.0295324257975063,0.147079715977634,0.113348057953581,0.98217442396462,-0.0295107364872379,0.147063890939022,0.113290464398477,0.98217442396462,-0.0295107364872379,0.147063890939022,0.113290464398477,0.982166601098642,-0.0295282582052565,0.147076733004289,0.113337038352384,0.982164757427492,-0.0295324257975063,0.147079715977634,0.113348057953581,0.98217442396462,-0.0295107364872379,0.147063890939022,0.113290464398477,0.98217442396462,-0.0295107364872379,0.147063890939022,0.113290464398477,0.982166601098642,-0.0295282582052565,0.147076733004289,0.113337038352384,0.994326437974184,-0.0115204516066389,0.0260508893218204,0.10248690211872,0.964261702641563,-0.0344325638504804,0.0840990928994775,0.248879709777557,0.985780935686623,-0.0318494509917632,0.00951104862883569,0.164715206530272,0.985822459023534,-0.0307493588921003,0.00293129561902694,0.164924115030252,0.988488076147035,0.0296425183925451,-0.0194761515129615,0.147082711223058,0.969253970223854,-0.0245526249387846,0.11715754319442,0.214983766565198,0.985520566768509,-0.0731617937785912,0.021178057570114,0.151486152122679,0.985331652256156,-0.0654132927626575,-0.0286501781550596,0.154989688314362
859,1629,0.982000229519794,-0.0300145837926721,0.147309591295785,0.114344034803277,0.982000229519794,-0.0300145837926721,0.147309591295785,0.114344034803277,0.988217835975413,-0.0241645439675422,0.0972114968752755,0.115721684874448,0.988222848399532,-0.0241585755234181,0.0971605288467316,0.115722931020691,0.982000229519794,-0.0300145837926721,0.147309591295785,0.114344034803277,0.959882312494924,-0.0423906238625606,0.254264650755974,0.110356098806923,0.982000229519794,-0.0300145837926721,0.147309591295785,0.114344034803277,0.982000229519794,-0.0300145837926721,0.147309591295785,0.114344034803277,0.982008973168718,-0.0299893924582042,0.147297311363993,0.114291360220473,0.982008973168718,-0.0299893924582042,0.147297311363993,0.114291360220473,0.982001899712895,-0.0300097207336841,0.147307263683958,0.114333965590707,0.982000229519794,-0.0300145837926721,0.147309591295785,0.114344034803277,0.982008973168718,-0.0299893924582042,0.147297311363993,0.114291360220473,0.982008973168718,-0.0299893924582042,0.147297311363993,0.114291360220473,0.982001899712895,-0.0300097207336841,0.147307263683958,0.114333965590707,0.994183936197718,-0.0122721262461044,0.02740795018561,0.103423885976276,0.96401659483494,-0.0351370352273308,0.0845360782920457,0.249581740328259,0.985766687796605,-0.0320730603356208,0.00974963121390575,0.164743135585102,0.985810958098863,-0.0309088614332677,0.00278800475230279,0.164965524297056,0.988132404660839,0.0307403684155708,-0.0196322749694591,0.149211106786282,0.970226857463484,-0.0174252211883119,0.109613635679489,0.215269732187773,0.986216638837061,-0.0658109233753621,0.0148764672117884,0.151077312554565,0.985930626789046,-0.0591788924395716,-0.0280244028505602,0.153796263588727
860,1630,0.981848525632556,-0.0305707126846276,0.147506160435165,0.115242513304789,0.981848525632556,-0.0305707126846276,0.147506160435165,0.115242513304789,0.988076318274026,-0.0246742912328803,0.0974155219623448,0.116647266144585,0.988081341221043,-0.0246682750506956,0.0973645612323859,0.116648538580103,0.981848525632556,-0.0305707126846276,0.147506160435165,0.115242513304789,0.959709938446164,-0.0430420623380195,0.254443370321981,0.111188066880132,0.981848525632556,-0.0305707126846276,0.147506160435165,0.115242513304789,0.981848525632556,-0.0305707126846276,0.147506160435165,0.115242513304789,0.981856578605212,-0.0305416476195406,0.147495722575576,0.115194959231121,0.981856578605212,-0.0305416476195406,0.147495722575576,0.115194959231121,0.981850065221666,-0.0305651029460758,0.147504172345817,0.115233428512224,0.981848525632556,-0.0305707126846276,0.147506160435165,0.115242513304789,0.981856578605212,-0.0305416476195406,0.147495722575576,0.115194959231121,0.981856578605212,-0.0305416476195406,0.147495722575576,0.115194959231121,0.981850065221666,-0.0305651029460758,0.147504172345817,0.115233428512224,0.994047080099359,-0.0129825139226279,0.0287834270692548,0.104275458303168,0.963786703396779,-0.0358556573595346,0.0849811231607943,0.250215448957923,0.985751619802043,-0.032304172242935,0.00998984259280378,0.164773746568799,0.985798717724235,-0.0310738479484116,0.00263458357897966,0.165010190825594,0.987787815657153,0.0316588823401921,-0.0198049378558779,0.151263712914777,0.971111901650514,-0.0102555157480336,0.101923265159374,0.215518321468769,0.986817955704663,-0.0584382755503641,0.00885369641899024,0.150654911334785,0.986497664174495,-0.0529804867634535,-0.0266537843405569,0.152659760188793
861,1631,0.98170833326599,-0.0312237956612124,0.147699013076948,0.116012174002187,0.98170833326599,-0.0312237956612124,0.147699013076948,0.116012174002187,0.987946108335206,-0.0252874141345835,0.0976152503101544,0.117449123532673,0.9879511415835,-0.0252813565953307,0.0975642962955818,0.117450427589288,0.98170833326599,-0.0312237956612124,0.147699013076948,0.116012174002187,0.959549414443395,-0.0437757212950637,0.254619660099396,0.111881348567596,0.98170833326599,-0.0312237956612124,0.147699013076948,0.116012174002187,0.98170833326599,-0.0312237956612124,0.147699013076948,0.116012174002187,0.981715773430807,-0.0311896891396048,0.147688852746897,0.115971316552127,0.981715773430807,-0.0311896891396048,0.147688852746897,0.115971316552127,0.981709755923296,-0.0312172089026172,0.147697065472311,0.116004387176613,0.98170833326599,-0.0312237956612124,0.147699013076948,0.116012174002187,0.981715773430807,-0.0311896891396048,0.147688852746897,0.115971316552127,0.981715773430807,-0.0311896891396048,0.147688852746897,0.115971316552127,0.981709755923296,-0.0312172089026172,0.147697065472311,0.116004387176613,0.993907234516034,-0.0137400911315137,0.0301748961048659,0.10511467412996,0.963564183288403,-0.036574061836477,0.0853907908194753,0.250828259029478,0.985734005299352,-0.0325005684493303,0.0102291050425012,0.164825814898631,0.985783930007108,-0.0312057905656733,0.00249141189162252,0.165075845724621,0.987462509464928,0.0323622218988523,-0.0199671543937201,0.153205064343229,0.971860637366547,-0.00346623824149269,0.0945149631625383,0.215735505812849,0.987344943246253,-0.0510302298692673,0.00308555528754733,0.150121144527051,0.987042511123821,-0.0467962818163258,-0.0246300393779425,0.151494390664437
862,1632,0.981588752390061,-0.0319508072726649,0.147838883502167,0.116646181338187,0.981588752390061,-0.0319508072726649,0.147838883502167,0.116646181338187,0.987833790561046,-0.0259812643789098,0.0977610173823844,0.118119260103632,0.987838831327509,-0.0259751722760577,0.0977100691604713,0.118120599945079,0.981588752390061,-0.0319508072726649,0.147838883502167,0.116646181338187,0.959415195916395,-0.0445679638602257,0.254745551754197,0.112431678380738,0.981588752390061,-0.0319508072726649,0.147838883502167,0.116646181338187,0.981588752390061,-0.0319508072726649,0.147838883502167,0.116646181338187,0.981595128466818,-0.0319127521737409,0.147831385731913,0.116612441066517,0.981595128466818,-0.0319127521737409,0.147831385731913,0.116612441066517,0.981589967210702,-0.0319434714435162,0.14783746604233,0.116639763964152,0.981588752390061,-0.0319508072726649,0.147838883502167,0.116646181338187,0.981595128466818,-0.0319127521737409,0.147831385731913,0.116612441066517,0.981595128466818,-0.0319127521737409,0.147831385731913,0.116612441066517,0.981589967210702,-0.0319434714435162,0.14783746604233,0.116639763964152,0.993766913264386,-0.0145397197277554,0.031576423995132,0.105919063906802,0.963334966243104,-0.0372796888176854,0.0858441139643847,0.251449310424039,0.985715914963941,-0.0326490356037735,0.0105127083980463,0.164886804878628,0.985769338490512,-0.0312706363264187,0.00227889074756589,0.165153762453903,0.987175092084215,0.0328441870652402,-0.0200656580232162,0.15493213453845,0.972564658684357,0.00300006040021975,0.0875400016795357,0.215512719860621,0.987814889800965,-0.0434961475978125,-0.00226076982550321,0.149414582793827,0.9875736319116,-0.0405096838479641,-0.0219474177439598,0.150251781759292
863,1633,0.981505530990696,-0.0327060568217928,0.147910622573353,0.117045521963915,0.981505530990696,-0.0327060568217928,0.147910622573353,0.117045521963915,0.987754322669019,-0.0267152424226291,0.0978368932664566,0.118556468347096,0.98775936734893,-0.0267091277695361,0.0977859491430444,0.118557846043298,0.981505530990696,-0.0327060568217928,0.147910622573353,0.117045521963915,0.959324599316386,-0.0453625017787045,0.254807717272887,0.112745659770178,0.981505530990696,-0.0327060568217928,0.147910622573353,0.117045521963915,0.981505530990696,-0.0327060568217928,0.147910622573353,0.117045521963915,0.981510030240966,-0.0326663922295574,0.147906663650629,0.117023870226642,0.981510030240966,-0.0326663922295574,0.147906663650629,0.117023870226642,0.981506379038904,-0.0326984310898688,0.147909891563407,0.117041464822952,0.981505530990696,-0.0327060568217928,0.147910622573353,0.117045521963915,0.981510030240966,-0.0326663922295574,0.147906663650629,0.117023870226642,0.981510030240966,-0.0326663922295574,0.147906663650629,0.117023870226642,0.981506379038904,-0.0326984310898688,0.147909891563407,0.117041464822952,0.993632426536795,-0.0153527764845064,0.0329258576056415,0.10665261876649,0.963093277382986,-0.0379941613714646,0.0863143647745708,0.25210635294443,0.98569837661482,-0.0327524486917016,0.01084957611028,0.164949307794347,0.985756032717559,-0.0312722517457999,0.00201169674705807,0.165236325630547,0.986932118339107,0.0331272610641768,-0.0200414092130228,0.156415856874632,0.973285905713803,0.00970119402100728,0.0802493115612523,0.214896441495372,0.988231864657394,-0.0358829221679887,-0.00722067815994021,0.148519558911846,0.988089281606726,-0.0342194712749274,-0.0182736994399444,0.1489116223414
864,1634,0.981456775006618,-0.033472534822122,0.147932370551071,0.117210076142508,0.981456775006618,-0.033472534822122,0.147932370551071,0.117210076142508,0.987706734979298,-0.0274723668459441,0.0978610910412557,0.118759764215969,0.987711780907286,-0.0274662417067435,0.0978101493721737,0.118761180961025,0.981456775006617,-0.033472534822122,0.147932370551071,0.117210076142508,0.959273749822981,-0.046142415301643,0.254823979177407,0.112825041754397,0.981456775006617,-0.033472534822122,0.147932370551071,0.117210076142508,0.981456775006617,-0.033472534822122,0.147932370551071,0.117210076142508,0.981459453806472,-0.0334322282348527,0.147931087623241,0.117200767760961,0.981459453806472,-0.0334322282348527,0.147931087623241,0.117200767760961,0.981457274110737,-0.0334647938884748,0.14793214622296,0.117208390395022,0.981456775006617,-0.033472534822122,0.147932370551071,0.117210076142508,0.981459453806472,-0.0334322282348527,0.147931087623241,0.117200767760961,0.981459453806472,-0.0334322282348527,0.147931087623241,0.117200767760961,0.981457274110737,-0.0334647938884748,0.14793214622296,0.117208390395022,0.993501435749343,-0.0161935628030078,0.0342505515425116,0.107329238359235,0.962845095245789,-0.0386862389004567,0.0868345254365103,0.252769584153396,0.98568027085672,-0.0328970243715582,0.0111962615285262,0.165005554934087,0.985742258463347,-0.0313185515736636,0.00177553033530312,0.165312418465573,0.986734860202866,0.0332325399268273,-0.0198331827959114,0.15765962961591,0.973997670693747,0.0164689564309304,0.0726855502828611,0.213948876457225,0.988572440218705,-0.0282807448662995,-0.012052368871678,0.147578691938995,0.988554880469421,-0.0280772116122154,-0.0134155676537419,0.147617549880427
865,1635,0.981451018831551,-0.0342017392909466,0.147897681461856,0.117091479118651,0.98145101883155,-0.0342017392909466,0.147897681461856,0.117091479118651,0.987699223256,-0.0282066563639724,0.0978267393240495,0.118678380463689,0.987704267412289,-0.0282005354212087,0.0977757980424345,0.118679835080255,0.98145101883155,-0.0342017392909466,0.147897681461856,0.117091479118651,0.959271838122296,-0.0468541842689767,0.254788867756723,0.112627078756434,0.98145101883155,-0.0342017392909466,0.147897681461856,0.117091479118651,0.98145101883155,-0.0342017392909466,0.147897681461856,0.117091479118651,0.981451454689054,-0.0341632642259326,0.147899353896177,0.117096945234549,0.981451454689054,-0.0341632642259326,0.147899353896177,0.117096945234549,0.981451084095135,-0.0341943699307025,0.147898026517996,0.117092648554932,0.98145101883155,-0.0342017392909466,0.147897681461856,0.117091479118651,0.981451454689054,-0.0341632642259326,0.147899353896177,0.117096945234549,0.981451454689054,-0.0341632642259326,0.147899353896177,0.117096945234549,0.981451084095135,-0.0341943699307025,0.147898026517996,0.117092648554932,0.993380228029747,-0.0170289504183397,0.0354985037199717,0.107914751729599,0.962622694944416,-0.0394028808828318,0.0874117708031355,0.25330642013408,0.985664280988516,-0.0330737335899359,0.0115511639709352,0.165041279505254,0.985730775412468,-0.0313942576125925,0.00153055886058649,0.165368970436608,0.986616383218336,0.0332333114472437,-0.0194536664247993,0.15844625031238,0.974664835773941,0.0230622884927864,0.0651969735947706,0.212710938574666,0.988797956603092,-0.0207606977611855,-0.0170191034245256,0.146826239360153,0.988797956603092,-0.0207606977611855,-0.0170191034245256,0.146826239360153
866,1636,0.981487734427675,-0.0348907361861926,0.147816790938934,0.116681875254599,0.981487734427675,-0.0348907361861926,0.147816790938934,0.116681875254599,0.987731780344364,-0.0289155799696075,0.0977440873567729,0.118304322488933,0.987736820237787,-0.0289094783181545,0.0976931443961174,0.118305813669136,0.981487734427675,-0.0348907361861926,0.147816790938934,0.116681875254599,0.959317215263632,-0.0474940296572551,0.254712498739827,0.112144284880951,0.981487734427675,-0.0348907361861926,0.147816790938934,0.116681875254599,0.981487734427675,-0.0348907361861926,0.147816790938934,0.116681875254599,0.981485936982277,-0.0348543631719281,0.14782092157855,0.116702630722571,0.981485936982277,-0.0348543631719281,0.14782092157855,0.116702630722571,0.981487371138619,-0.0348837726371348,0.147817603778905,0.116685983370181,0.981487734427675,-0.0348907361861926,0.147816790938934,0.116681875254599,0.981485936982277,-0.0348543631719281,0.14782092157855,0.116702630722571,0.981485936982277,-0.0348543631719281,0.14782092157855,0.116702630722571,0.981487371138619,-0.0348837726371348,0.147817603778905,0.116685983370181,0.993273759400572,-0.0178370680524661,0.0366822443650556,0.108367388258129,0.96244556925533,-0.0401411114827373,0.0880361041659197,0.253647120529686,0.985649562885136,-0.0332169562237,0.0119302610604466,0.165073443880604,0.985720922093879,-0.0314325927114475,0.00128673657863782,0.16542248991841,0.986592907380917,0.0331488665027878,-0.0188772804674928,0.158679664851553,0.975292209655004,0.0295061621138549,0.0579201953216343,0.211139155907836,0.988887601100909,-0.0133217150527743,-0.0219515139163437,0.146430786837078,0.988887601100909,-0.0133217150527743,-0.0219515139163437,0.146430786837078
867,1637,0.981561904490964,-0.0355449451029137,0.147716389082944,0.115985572059629,0.981561904490964,-0.0355449451029137,0.147716389082944,0.115985572059629,0.987800751882395,-0.0296043313356874,0.0976400457405028,0.117642167671866,0.98780578640972,-0.0295982638343312,0.0975890992227392,0.117643694375695,0.981561904490964,-0.0355449451029137,0.147716389082944,0.115985572059629,0.959401963107602,-0.0480678113424779,0.254620849768655,0.111380346386212,0.981561904490964,-0.0355449451029137,0.147716389082944,0.115985572059629,0.981561904490964,-0.0355449451029137,0.147716389082944,0.115985572059629,0.981558129608235,-0.0355104168513352,0.14772161924414,0.116021427774857,0.981558129608235,-0.0355104168513352,0.14772161924414,0.116021427774857,0.981561163741657,-0.0355383335432271,0.147717401919965,0.11599257671554,0.981561904490964,-0.0355449451029137,0.147716389082944,0.115985572059629,0.981558129608235,-0.0355104168513352,0.14772161924414,0.116021427774857,0.981558129608235,-0.0355104168513352,0.14772161924414,0.116021427774857,0.981561163741657,-0.0355383335432271,0.147717401919965,0.11599257671554,0.993183160541404,-0.0186497247765743,0.0377639083021561,0.108688935096873,0.962324774229666,-0.0409469080252255,0.088688453244538,0.25374936036981,0.985633061833888,-0.0333488923179826,0.01232224245536,0.165116568344885,0.985709532308962,-0.0314573319855714,0.00104314640414032,0.165487359109924,0.986676590039637,0.0329148465272055,-0.0180399313768161,0.158305023362381,0.975871842724668,0.0357049660626532,0.0508824607077088,0.209309047028442,0.988837519531028,-0.00606685539225806,-0.0265785106643099,0.146482545049718,0.988837519531028,-0.00606685539225806,-0.0265785106643099,0.146482545049718
868,1638,0.981672613256975,-0.0361538179363274,0.147563860050121,0.115050810674927,0.981672613256975,-0.0361538179363274,0.147563860050121,0.115050810674927,0.987903565669719,-0.0302599242523737,0.097482087322362,0.116739558730413,0.987908592050112,-0.0302539033027172,0.0974311355021287,0.116741119248022,0.981672613256974,-0.0361538179363274,0.147563860050121,0.115050810674927,0.959528753395512,-0.0485703430054118,0.254481401715183,0.110384371034434,0.981672613256974,-0.0361538179363274,0.147563860050121,0.115050810674927,0.981672613256974,-0.0361538179363274,0.147563860050121,0.115050810674927,0.981666921575273,-0.0361216490716337,0.147571752897322,0.115099345350373,0.981666921575273,-0.0361216490716337,0.147571752897322,0.115099345350373,0.981671505087101,-0.0361476633240225,0.147565396419998,0.11506022907872,0.981672613256974,-0.0361538179363274,0.147563860050121,0.115050810674927,0.981666921575273,-0.0361216490716337,0.147571752897322,0.115099345350373,0.981666921575273,-0.0361216490716337,0.147571752897322,0.115099345350373,0.981671505087101,-0.0361476633240225,0.147565396419998,0.11506022907872,0.99310778388546,-0.0194732308199771,0.0387707562202815,0.108878608227929,0.962250144065351,-0.0417967166372241,0.0893681707982454,0.253655326718628,0.98562455346201,-0.0335080133384663,0.0127225227058801,0.16510478512424,0.985706348523212,-0.0315061548936911,0.000785781282672931,0.16549845688896,0.986857300580158,0.0325288331802227,-0.016875805072879,0.157384085938573,0.976326032399646,0.0414443004989267,0.0442036501285693,0.207643650830531,0.988646894574239,0.000744791130098147,-0.030865013435043,0.147051399451157,0.988646894574239,0.000744791130098147,-0.030865013435043,0.147051399451157
869,1639,0.981828146565804,-0.036707171331053,0.147291755637231,0.113891232785203,0.981828146565804,-0.036707171331053,0.147291755637231,0.113891232785203,0.988045068950988,-0.0308714952194341,0.0972024299551066,0.115609602176364,0.988050080907704,-0.0308655325471188,0.0971514708371327,0.115611194237597,0.981828146565804,-0.036707171331053,0.147291755637231,0.113891232785203,0.9597132292049,-0.0489930010573792,0.254228024333753,0.109171036359706,0.981828146565804,-0.036707171331053,0.147291755637231,0.113891232785203,0.981828146565804,-0.036707171331053,0.147291755637231,0.113891232785203,0.981820129776463,-0.0366778968711102,0.147305762174878,0.11395164359025,0.981820129776463,-0.0366778968711102,0.147305762174878,0.11395164359025,0.981826588796667,-0.0367015765725723,0.147294493342941,0.113902923754546,0.981828146565804,-0.036707171331053,0.147291755637231,0.113891232785203,0.981820129776463,-0.0366778968711102,0.147305762174878,0.11395164359025,0.981820129776463,-0.0366778968711102,0.147305762174878,0.11395164359025,0.981826588796667,-0.0367015765725723,0.147294493342941,0.113902923754546,0.993044256212495,-0.0203185690576405,0.0397536042595121,0.108949125298005,0.962214175222731,-0.0427217885054383,0.0900407155125611,0.253399682985837,0.985609669326537,-0.0336506231317264,0.0131574378709774,0.165130545695074,0.985697354663736,-0.0315296133215131,0.000513274006850958,0.165548618364825,0.987114113572157,0.0319976313965356,-0.0154768789225637,0.156020333900692,0.976613568655908,0.0466035601785712,0.0379661295190792,0.206428241055324,0.988310238459504,0.00674140534359063,-0.0351219180382713,0.148202148713937,0.988310238459504,0.00674140534359063,-0.0351219180382713,0.148202148713937
870,1640,0.981973563261401,-0.0372373959092704,0.146897102261387,0.112971406775395,0.981973563261401,-0.0372373959092704,0.146897102261387,0.112971406775395,0.988170240445591,-0.0314477824646187,0.0968008961466154,0.114717912206305,0.988175231692806,-0.0314418657809563,0.0967499305733842,0.114719533991068,0.981973563261401,-0.0372373959092704,0.146897102261387,0.112971406775395,0.959901108276831,-0.0494190004410606,0.253851728231258,0.108198543420519,0.981973563261401,-0.0372373959092704,0.146897102261387,0.112971406775395,0.981973563261401,-0.0372373959092704,0.146897102261387,0.112971406775395,0.981965925738967,-0.0372094222456924,0.146917540371214,0.113020422557289,0.981965925738967,-0.0372094222456924,0.146917540371214,0.113020422557289,0.981972100002383,-0.0372320379606657,0.146901077143345,0.112980722693436,0.981973563261401,-0.0372373959092704,0.146897102261387,0.112971406775395,0.981965925738967,-0.0372094222456924,0.146917540371214,0.113020422557289,0.981965925738967,-0.0372094222456924,0.146917540371214,0.113020422557289,0.981972100002383,-0.0372320379606657,0.146901077143345,0.112980722693436,0.992964068319596,-0.0210242102036521,0.0406488418590677,0.109215444269687,0.962244227852263,-0.0438355266575371,0.0907456579597668,0.25284326791336,0.985550744862905,-0.033874757979575,0.0136919768006655,0.165392744228059,0.985645849440087,-0.0315773639895393,2.02500901123356e-05,0.165846703780735,0.987412257771475,0.0313116594759937,-0.0139094186921219,0.154412244511711,0.976754634379398,0.0510774153211142,0.0322634979121124,0.205670971614758,0.987883438354298,0.0118078236919584,-0.0389820823620156,0.149757419781692,0.987883438354298,0.0118078236919584,-0.0389820823620156,0.149757419781692
871,1641,0.982206117011813,-0.0376378949056992,0.146352634834339,0.111514298853068,0.982206117011813,-0.0376378949056992,0.146352634834339,0.111514298853068,0.988374822460236,-0.031921817793056,0.0962453133667963,0.113283041671782,0.98837978505268,-0.0319159751130304,0.0961943372428698,0.113284687907096,0.982206117011813,-0.0376378949056992,0.146352634834339,0.111514298853068,0.96019205033957,-0.0496570530746913,0.253336093920843,0.106706265334145,0.982206117011813,-0.0376378949056992,0.146352634834339,0.111514298853068,0.982206117011813,-0.0376378949056992,0.146352634834339,0.111514298853068,0.982194173431266,-0.0376164737912959,0.146380889957052,0.111589612565695,0.982194173431266,-0.0376164737912959,0.146380889957052,0.111589612565695,0.982203789825276,-0.0376338368320092,0.146358121194627,0.111528964572198,0.982206117011813,-0.0376378949056992,0.146352634834339,0.111514298853068,0.982194173431266,-0.0376164737912959,0.146380889957052,0.111589612565695,0.982194173431266,-0.0376164737912959,0.146380889957052,0.111589612565695,0.982203789825276,-0.0376338368320092,0.146358121194627,0.111528964572198,0.992927241171172,-0.0219268779903226,0.0417013861393126,0.108975686076584,0.962227648348676,-0.0449295006061559,0.0914454653921674,0.25246191710408,0.985534544141391,-0.0340259732873501,0.0142166572839021,0.165413971905464,0.985637039007532,-0.0315894116653803,-0.000279958519009972,0.165896528084008,0.987782592837348,0.0306323951143447,-0.0123919815910853,0.152294597571061,0.976703754075295,0.0547381268148569,0.0273588984019373,0.205681805044244,0.987358109871924,0.0138382965426035,-0.042070608467042,0.152192405599471,0.987358109871924,0.0138382965426035,-0.042070608467042,0.152192405599471
872,1642,0.982474163866344,-0.0379626365154392,0.145684299611667,0.109906507589781,0.982474163866344,-0.0379626365154392,0.145684299611667,0.109906507589781,0.988608556437763,-0.0323278517431365,0.0955642190166232,0.111693832342971,0.988613483902065,-0.0323220910269496,0.0955132308386392,0.111695499521831,0.982474163866344,-0.0379626365154392,0.145684299611667,0.109906507589781,0.96053187433487,-0.0498032580840613,0.252701239025369,0.105072535260163,0.982474163866344,-0.0379626365154392,0.145684299611667,0.109906507589781,0.982474163866344,-0.0379626365154392,0.145684299611667,0.109906507589781,0.982460246385048,-0.0379453315394597,0.145719141315723,0.109990672066314,0.982460246385048,-0.0379453315394597,0.145719141315723,0.109990672066314,0.982471476015682,-0.0379593491308485,0.145691040187565,0.109922733946144,0.982474163866344,-0.0379626365154392,0.145684299611667,0.109906507589781,0.982460246385048,-0.0379453315394597,0.145719141315723,0.109990672066314,0.982460246385048,-0.0379453315394597,0.145719141315723,0.109990672066314,0.982471476015682,-0.0379593491308485,0.145691040187565,0.109922733946144,0.992902852801297,-0.022868906999132,0.0427685304258727,0.108590012417913,0.962208108722284,-0.046102571476112,0.0921560885470543,0.252066189236244,0.985522858160723,-0.0341777200979707,0.0148384882919934,0.165397698765228,0.985634292865222,-0.0315618141591458,-0.000724858707951589,0.165916747783073,0.988188400858478,0.0299881694277885,-0.0109566418723254,0.149881106554552,0.976523785084977,0.0571965648830802,0.0235851796229727,0.206333684673727,0.987040155774923,0.0148418377278227,-0.0419366881830613,0.154184191553195,0.987040155774923,0.0148418377278227,-0.0419366881830613,0.154184191553195
873,1643,0.982773008131856,-0.0381666921289796,0.144867543679803,0.108230831501817,0.982773008131856,-0.0381666921289796,0.144867543679804,0.108230831501817,0.988865504912331,-0.032616805737307,0.0947333305591992,0.110030692350533,0.988870389522745,-0.0326111307981307,0.0946823291300561,0.110032374434573,0.982773008131856,-0.0381666921289796,0.144867543679804,0.108230831501817,0.960918609445129,-0.0498220517980268,0.25192224345301,0.103384585070878,0.982773008131856,-0.0381666921289796,0.144867543679804,0.108230831501817,0.982773008131856,-0.0381666921289796,0.144867543679804,0.108230831501817,0.982757462675944,-0.0381556276900087,0.144910137245731,0.108318833790555,0.982757462675944,-0.0381556276900087,0.144910137245731,0.108318833790555,0.982770010684749,-0.038164619391952,0.144875781284956,0.108247752505258,0.982773008131856,-0.0381666921289796,0.144867543679804,0.108230831501817,0.982757462675944,-0.0381556276900087,0.144910137245731,0.108318833790555,0.982757462675944,-0.0381556276900087,0.144910137245731,0.108318833790555,0.982770010684749,-0.038164619391952,0.144875781284956,0.108247752505258,0.992878107063421,-0.0237863457446497,0.0438784309600092,0.10817558674101,0.962144252555505,-0.0473196826945303,0.0928517518655593,0.251828983795737,0.985508043032723,-0.0343733761625572,0.0155582610611521,0.165379287221086,0.985630084191206,-0.0315524288233026,-0.0012245434530781,0.165940597401352,0.988606051168669,0.0294124804132557,-0.00956205336312812,0.147314455244933,0.976364019705332,0.0583442193075921,0.020887183400268,0.207057911386735,0.986799688516078,0.0151952380477728,-0.0425230722134096,0.155522563683783,0.986799688516078,0.0151952380477728,-0.0425230722134096,0.155522563683783
874,1644,0.983089276820132,-0.0382775286543921,0.14392586072561,0.106562897932513,0.983089276820132,-0.0382775286543921,0.14392586072561,0.106562897932513,0.989133506185998,-0.0328122676160013,0.093776790969472,0.10837054724213,0.98913834146198,-0.0328066782994971,0.0937257757192823,0.108372239409436,0.983089276820132,-0.0382775286543921,0.14392586072561,0.106562897932513,0.961336383428294,-0.0497490405959695,0.251020990121036,0.101714568157386,0.983089276820132,-0.0382775286543921,0.14392586072561,0.106562897932513,0.983089276820132,-0.0382775286543921,0.14392586072561,0.106562897932513,0.983072783629282,-0.0382714373992824,0.143975088864031,0.106650705358012,0.983072783629282,-0.0382714373992824,0.143975088864031,0.106650705358012,0.983086102920009,-0.0382764002916087,0.143935362684282,0.10657974852293,0.983089276820132,-0.0382775286543921,0.14392586072561,0.106562897932513,0.983072783629282,-0.0382714373992824,0.143975088864031,0.106650705358012,0.983072783629282,-0.0382714373992824,0.143975088864031,0.106650705358012,0.983086102920009,-0.0382764002916087,0.143935362684282,0.10657974852293,0.99284395364427,-0.0247169506014521,0.0450165531650787,0.107812179303246,0.962056224468545,-0.0485751859082804,0.0935779713156483,0.251657377320339,0.985495173923815,-0.0345687456634025,0.0163824281777313,0.165335658716231,0.98562980476712,-0.0315238484173981,-0.00173485874303465,0.165943138456605,0.988995787074334,0.0291240240340163,-0.00830520876234127,0.144810731234599,0.976238827662674,0.0582661162022551,0.0193358477764498,0.207819479494293,0.986702192207364,0.0156517939078732,-0.0427968075879999,0.156019993913995,0.986702192207364,0.0156517939078732,-0.0427968075879999,0.156019993913995
875,1645,0.983407783858945,-0.0383060396118425,0.142929759168952,0.104942183695593,0.983407783858945,-0.0383060396118425,0.142929759168952,0.104942183695593,0.98940097722707,-0.0329231105105403,0.0927657893437876,0.106753376451775,0.98940576035971,-0.0329176046003957,0.0927147602999709,0.106755074338017,0.983407783858945,-0.0383060396118425,0.142929759168952,0.104942183695593,0.961762358631164,-0.0495993875630616,0.250065893177533,0.100100526186992,0.983407783858945,-0.0383060396118425,0.142929759168952,0.104942183695593,0.983407783858945,-0.0383060396118425,0.142929759168952,0.104942183695593,0.983391130183546,-0.0383043132529918,0.142982039692832,0.105027620118817,0.983391130183546,-0.0383043132529918,0.142982039692832,0.105027620118817,0.983404585531871,-0.0383057439384614,0.142939817897009,0.104958561326745,0.983407783858945,-0.0383060396118425,0.142929759168952,0.104942183695593,0.983391130183546,-0.0383043132529918,0.142982039692832,0.105027620118817,0.983391130183546,-0.0383043132529918,0.142982039692832,0.105027620118817,0.983404585531871,-0.0383057439384614,0.142939817897009,0.104958561326745,0.992799796225882,-0.0256564370249216,0.0461318790557378,0.107527492241844,0.961968014870913,-0.0498808250524983,0.0943359936873338,0.251456083546254,0.985473210306155,-0.0348500218290179,0.0173053533468099,0.165313497612689,0.9856224782257,-0.0315562197397117,-0.00229213913322813,0.165973737410961,0.989327029234826,0.0290559345724644,-0.00747254673001103,0.142590122157467,0.976175067246174,0.0570207860650778,0.0189665862037321,0.208497330081767,0.986786388554501,0.0149766657151399,-0.0418462353545044,0.155811474013557,0.986786388554501,0.0149766657151399,-0.0418462353545044,0.155811474013557
876,1646,0.983721333097843,-0.0383097605465794,0.141902839260948,0.103384163510411,0.983721333097843,-0.0383097605465794,0.141902839260948,0.103384163510411,0.989661930608909,-0.033006009148794,0.0917242611611749,0.105197558802252,0.989666660023791,-0.033000583480723,0.0916732186599237,0.105199260966109,0.983721333097843,-0.0383097605465794,0.141902839260948,0.103384163510411,0.962186790583621,-0.0494319797004133,0.249079619817656,0.0985515215548776,0.983721333097843,-0.0383097605465794,0.141902839260948,0.103384163510411,0.983721333097843,-0.0383097605465794,0.141902839260948,0.103384163510411,0.983704915803407,-0.0383094917981184,0.141956812713667,0.103466346154479,0.983704915803407,-0.0383094917981184,0.141956812713667,0.103466346154479,0.983718183415068,-0.0383097210734699,0.141913211620544,0.103399909368308,0.983721333097843,-0.0383097605465794,0.141902839260948,0.103384163510411,0.983704915803407,-0.0383094917981184,0.141956812713667,0.103466346154479,0.983704915803407,-0.0383094917981184,0.141956812713667,0.103466346154479,0.983718183415068,-0.0383097210734699,0.141913211620544,0.103399909368308,0.99274956060652,-0.0266027765746823,0.0471818850141205,0.107305507410355,0.961885437187327,-0.0512468667598148,0.0950716698308106,0.251220106619333,0.98544720223162,-0.0351496721044437,0.0183358631282098,0.165294005602644,0.985613597165824,-0.0315855038572331,-0.00286868343129959,0.166011938375833,0.98959545193902,0.0288587986505745,-0.00739534484138551,0.140759795810912,0.976236622813902,0.0548514251275999,0.0197152618076163,0.208721551091967,0.987078698398639,0.0131485337515945,-0.0397076429086881,0.154680516945309,0.987078698398639,0.0131485337515945,-0.0397076429086881,0.154680516945309
877,1647,0.984018797937382,-0.0383150434459045,0.140889630552014,0.101926810773834,0.984018797937382,-0.0383150434459045,0.140889630552014,0.101926810773834,0.989907517214936,-0.0330853515596864,0.0906972439083691,0.10374235789184,0.989912193660491,-0.0330800009443278,0.0906461887422144,0.103744064149761,0.984018797937382,-0.0383150434459045,0.140889630552014,0.101926810773834,0.96259372962489,-0.0492771799451218,0.248105208284827,0.0971024039117603,0.984018797937382,-0.0383150434459045,0.140889630552014,0.101926810773834,0.984018797937382,-0.0383150434459045,0.140889630552014,0.101926810773834,0.98400318813254,-0.0383147691462026,0.1409430017636,0.102003796322179,0.98400318813254,-0.0383147691462026,0.1409430017636,0.102003796322179,0.984015807904083,-0.0383149908495703,0.140899868675449,0.10194154343698,0.984018797937382,-0.0383150434459045,0.140889630552014,0.101926810773834,0.98400318813254,-0.0383147691462026,0.1409430017636,0.102003796322179,0.98400318813254,-0.0383147691462026,0.1409430017636,0.102003796322179,0.984015807904083,-0.0383149908495703,0.140899868675449,0.10194154343698,0.992692666916013,-0.0275769907422607,0.0482094875969472,0.107129006055382,0.961824529801525,-0.0526781493664516,0.0958122091803578,0.250875680414384,0.985419124069275,-0.035445728402285,0.0194690910624339,0.165268583674507,0.985605393348557,-0.0315931335635463,-0.00345024498983897,0.166048120505418,0.989796079885319,0.0282478884703406,-0.0081679407248109,0.139424035893884,0.97647074690392,0.0518856639774559,0.0215162488808501,0.208206170294293,0.987610545033352,0.0109129190823827,-0.0365682450964468,0.152213938213928,0.987610545033352,0.0109129190823827,-0.0365682450964468,0.152213938213928
878,1648,0.98428538465027,-0.0383834455132967,0.139960744126682,0.100598125121215,0.98428538465027,-0.0383834455132967,0.139960744126682,0.100598125121215,0.990126551069042,-0.0332211923843374,0.0897560092737475,0.102418865664186,0.990131178969591,-0.0332159100286657,0.0897049428120485,0.102420578929937,0.98428538465027,-0.0383834455132967,0.139960744126682,0.100598125121215,0.962960716798547,-0.0491992481527642,0.247211217859248,0.0957742431375918,0.98428538465027,-0.0383834455132967,0.139960744126682,0.100598125121215,0.98428538465027,-0.0383834455132967,0.139960744126682,0.100598125121215,0.984271345534249,-0.0383800144509119,0.140009867088846,0.100668415944183,0.984271345534249,-0.0383800144509119,0.140009867088846,0.100668415944183,0.984282702348784,-0.0383827614915152,0.13997013729147,0.100611560686967,0.98428538465027,-0.0383834455132967,0.139960744126682,0.100598125121215,0.984271345534249,-0.0383800144509119,0.140009867088846,0.100668415944183,0.984271345534249,-0.0383800144509119,0.140009867088846,0.100668415944183,0.984282702348784,-0.0383827614915152,0.13997013729147,0.100611560686967,0.992635103375389,-0.0285325757677256,0.0491908497051044,0.10696590097914,0.961780538385103,-0.0541380202324811,0.0965419130404586,0.250453448320159,0.98539907021425,-0.0357198831487142,0.0207108362194374,0.165178157247945,0.985608193628475,-0.0315518639052136,-0.00409328333120406,0.166024737819674,0.989937050290361,0.0272166282914899,-0.00963749920892647,0.13853162171815,0.976909712794906,0.048438837543049,0.0241257740570513,0.206685846372217,0.98828427739167,0.0091251170276359,-0.0334840100747693,0.148626176594063,0.98828427739167,0.0091251170276359,-0.0334840100747693,0.148626176594063
879,1649,0.984517602143524,-0.0385480121288627,0.139155939410578,0.0993718589804924,0.984517602143524,-0.0385480121288627,0.139155939410578,0.0993718589804924,0.990317566263985,-0.0334478682660894,0.0889404427280032,0.101202547916444,0.990322152100969,-0.0334426486423986,0.0888893664156713,0.10120427287475,0.984517602143524,-0.0385480121288627,0.139155939410578,0.0993718589804924,0.963279915633332,-0.0492281472332114,0.246436784066656,0.0945373212880029,0.984517602143524,-0.0385480121288627,0.139155939410578,0.0993718589804924,0.984517602143524,-0.0385480121288627,0.139155939410578,0.0993718589804924,0.984505347743078,-0.0385396145294569,0.139198644071703,0.0994366927537365,0.984505347743078,-0.0385396145294569,0.139198644071703,0.0994366927537365,0.984515264266987,-0.0385463600573458,0.139164082964558,0.0993842571248972,0.984517602143524,-0.0385480121288627,0.139155939410578,0.0993718589804924,0.984505347743078,-0.0385396145294569,0.139198644071703,0.0994366927537365,0.984505347743078,-0.0385396145294569,0.139198644071703,0.0994366927537365,0.984515264266987,-0.0385463600573458,0.139164082964558,0.0993842571248972,0.992579042926274,-0.0295292543431911,0.050151480135929,0.106769357596987,0.961779971674203,-0.055700725641821,0.0972345742582119,0.249844257124649,0.985370034228705,-0.0360325330530576,0.0220399218619437,0.16511145947578,0.98560492826088,-0.0315276020888632,-0.00477366729306073,0.166030562833979,0.990039856426695,0.0258389872737063,-0.0115463990755803,0.137913415198325,0.977479193770934,0.0451790792135256,0.0265809458513423,0.204418027248064,0.988782907131485,0.00842223552176353,-0.0352086418857193,0.144906107704226,0.988782907131485,0.00842223552176353,-0.0352086418857193,0.144906107704226
880,1650,0.984747231651746,-0.0387158181438247,0.138344679555272,0.0981566341029751,0.984747231651746,-0.0387158181438247,0.138344679555272,0.0981566341029751,0.990505668751905,-0.0336772182161434,0.0881185609129504,0.0999974217977309,0.990510212199616,-0.0336720607472154,0.0880674749002183,0.0999991585864945,0.984747231651746,-0.0387158181438247,0.138344679555272,0.0981566341029751,0.963597251059449,-0.0492614787019933,0.245655649960879,0.0933110181546858,0.984747231651746,-0.0387158181438247,0.138344679555272,0.0981566341029751,0.984747231651746,-0.0387158181438247,0.138344679555272,0.0981566341029751,0.984735194923535,-0.0387070102190532,0.138387385872658,0.0982206427903126,0.984735194923535,-0.0387070102190532,0.138387385872658,0.0982206427903126,0.984744922998296,-0.038714123995628,0.138352875140803,0.098168911436387,0.984747231651746,-0.0387158181438247,0.138344679555272,0.0981566341029751,0.984735194923535,-0.0387070102190532,0.138387385872658,0.0982206427903126,0.984735194923535,-0.0387070102190532,0.138387385872658,0.0982206427903126,0.984744922998296,-0.038714123995628,0.138352875140803,0.098168911436387,0.992528354877668,-0.030562260165615,0.0510997400698937,0.106499904141685,0.96180772211601,-0.0573365508297169,0.097883619669296,0.249112871239926,0.985340358980605,-0.0363698726933703,0.0234548479925046,0.165019633467931,0.985604275080393,-0.031511027501626,-0.0054741093915825,0.166015969760183,0.990117000630506,0.0240232579943845,-0.0135271078122988,0.137507183419702,0.978049702807161,0.0427424960770251,0.0281328969047708,0.201991083911334,0.989380684527652,0.00631892474200545,-0.033886191308152,0.141200773058534,0.989380684527652,0.00631892474200545,-0.033886191308152,0.141200773058534
881,1651,0.98499438126294,-0.038754974419763,0.137412332940217,0.096963764335385,0.98499438126294,-0.038754974419763,0.137412332940217,0.0969637643353851,0.990705114767308,-0.0337769485381179,0.0871748584026974,0.0988080835955131,0.990709609542757,-0.0337718524098542,0.0871237621046783,0.0988098255295069,0.98499438126294,-0.038754974419763,0.137412332940217,0.096963764335385,0.963945298711166,-0.0491693937148909,0.244756085636857,0.0921210635960887,0.98499438126294,-0.038754974419763,0.137412332940217,0.096963764335385,0.98499438126294,-0.038754974419763,0.137412332940217,0.096963764335385,0.984981482762624,-0.0387525786017654,0.137461094092964,0.0970266142726947,0.984981482762624,-0.0387525786017654,0.137461094092964,0.0970266142726947,0.984991898385409,-0.0387545663759396,0.137421739999056,0.0969758169635777,0.98499438126294,-0.038754974419763,0.137412332940217,0.096963764335385,0.984981482762624,-0.0387525786017654,0.137461094092964,0.0970266142726947,0.984981482762624,-0.0387525786017654,0.137461094092964,0.0970266142726947,0.984991898385409,-0.0387545663759396,0.137421739999056,0.0969758169635777,0.992487002021107,-0.031590840722822,0.0520660038321959,0.1061164494625,0.961832650506144,-0.0590050403911017,0.0984871965219274,0.24838806281708,0.985312865229763,-0.0367363179182398,0.0249572994028746,0.164882181466162,0.985609523688758,-0.031509779006584,-0.00617867257500347,0.165960310454598,0.990177753519066,0.0218762185852338,-0.0150685070439089,0.137267576622505,0.978661206754693,0.0410304372973137,0.028980621981165,0.199245750665412,0.990105656894232,0.00343610157141095,-0.0286641344143495,0.137322062285376,0.98989469654179,0.00434318049823065,-0.0352041783616577,0.137296366912885
882,1652,0.985244020199274,-0.0386805649532402,0.136413460830921,0.0958613700121236,0.985244020199274,-0.0386805649532402,0.136413460830921,0.0958613700121236,0.990903665897634,-0.0337586616884776,0.086164589855275,0.0977033322190498,0.990908108567642,-0.0337536225384214,0.0861134833182117,0.0977050732113583,0.985244020199274,-0.0386805649532402,0.136413460830921,0.0958613700121236,0.964303126653014,-0.0489743662004172,0.243790671604798,0.0910335093301941,0.985244020199274,-0.0386805649532402,0.136413460830921,0.0958613700121236,0.985244020199274,-0.0386805649532402,0.136413460830921,0.0958613700121236,0.985230952509729,-0.038684167960887,0.136465850710988,0.0959196380084536,0.985230952509729,-0.038684167960887,0.136465850710988,0.0959196380084536,0.985241510332064,-0.0386813054134288,0.136423545198259,0.0958725155904686,0.985244020199274,-0.0386805649532402,0.136413460830921,0.0958613700121236,0.985230952509729,-0.038684167960887,0.136465850710988,0.0959196380084536,0.985230952509729,-0.038684167960887,0.136465850710988,0.0959196380084536,0.985241510332064,-0.0386813054134288,0.136423545198259,0.0958725155904686,0.992460046396336,-0.0326015477741359,0.0530491620621502,0.105574531939369,0.961844387424111,-0.0607023422839018,0.0990536139908647,0.247707451598317,0.985285530135259,-0.0371917033386703,0.0264972229528606,0.164703061552109,0.985617779777874,-0.03159426433141,-0.00687538390670844,0.165867789950992,0.990251573140349,0.0198516616562152,-0.0159485180233625,0.136942974246255,0.979405746455904,0.0395449492477633,0.0297451195269389,0.195744242986795,0.990655782215996,0.000864959462550475,-0.0254701931687146,0.133983738815917,0.990120304872886,0.00301229037933911,-0.0413447875367595,0.133952665253941
883,1653,0.98548183325356,-0.0386109164699819,0.135422300522531,0.094844894315595,0.98548183325356,-0.0386109164699819,0.135422300522531,0.094844894315595,0.991090798361646,-0.0337407630683577,0.0851626241639319,0.0966846304019064,0.991095189354452,-0.0337357764584534,0.0851115079767374,0.0966863704724382,0.98548183325356,-0.0386109164699819,0.135422300522531,0.094844894315595,0.964648353313231,-0.0487935067033178,0.24283162397366,0.0900308311190204,0.98548183325356,-0.0386109164699819,0.135422300522531,0.094844894315595,0.98548183325356,-0.0386109164699819,0.135422300522531,0.094844894315595,0.98546934333322,-0.0386145811664079,0.13547448548927,0.0948986367296828,0.98546934333322,-0.0386145811664079,0.13547448548927,0.0948986367296828,0.985479440371029,-0.0386116207650788,0.135432314394758,0.0948551715278453,0.98548183325356,-0.0386109164699819,0.135422300522531,0.094844894315595,0.98546934333322,-0.0386145811664079,0.13547448548927,0.0948986367296828,0.98546934333322,-0.0386145811664079,0.13547448548927,0.0948986367296828,0.985479440371029,-0.0386116207650788,0.135432314394758,0.0948551715278453,0.992444254782898,-0.0336499931682149,0.054049862470563,0.10488418124346,0.961868083767057,-0.0624337290093396,0.0996380123604472,0.246949560447347,0.985249176593679,-0.0377687431208979,0.0280324625446324,0.164534990528553,0.985619278098132,-0.031811724177478,-0.00750983196581482,0.165789792418048,0.990362457552451,0.017990009895609,-0.0163378802456055,0.136351149183661,0.980169985875204,0.0377450028126772,0.0307661084822282,0.192082170231733,0.991074011435132,-0.00094882397479593,-0.0221342055222031,0.131459045093307,0.99014560813955,0.00251829719450373,-0.0482627587087659,0.131438346699201
884,1654,0.985698770473664,-0.0385920689969498,0.134558566803024,0.0938220560271303,0.985698770473664,-0.0385920689969498,0.134558566803024,0.0938220560271303,0.991263558109669,-0.0337739231713109,0.0842889813506818,0.09566215605056,0.991267904043619,-0.033768989296061,0.0842378562544667,0.0956638978327029,0.985698770473664,-0.0385920689969498,0.134558566803024,0.0938220560271303,0.964958836056479,-0.0486624421715684,0.241996939505238,0.089016249688032,0.985698770473664,-0.0385920689969498,0.134558566803024,0.0938220560271303,0.985698770473664,-0.0385920689969498,0.134558566803024,0.0938220560271303,0.985687347129161,-0.0385931964857454,0.134604369307715,0.0938758896509752,0.985687347129161,-0.0385931964857454,0.134604369307715,0.0938758896509752,0.985696586341209,-0.038592264873687,0.134567305533381,0.0938323880581331,0.985698770473664,-0.0385920689969498,0.134558566803024,0.0938220560271303,0.985687347129161,-0.0385931964857454,0.134604369307715,0.0938758896509752,0.985687347129161,-0.0385931964857454,0.134604369307715,0.0938758896509752,0.985696586341209,-0.038592264873687,0.134567305533381,0.0938323880581331,0.992446300664077,-0.034687988733567,0.0550492477412104,0.104003192542036,0.961907639494474,-0.0642433438726291,0.100254972969461,0.246080121596859,0.985207089813823,-0.0384352533177312,0.0295799958585029,0.164361629731489,0.985617555356519,-0.0321203813633519,-0.00812530291431741,0.165711481577657,0.990522458015209,0.0160170749361825,-0.0162892073820838,0.135437717054223,0.980824192869587,0.0353592434566658,0.0320515487048908,0.188961172756503,0.991434974910549,0.00113638330985417,-0.0154268384011289,0.129681964104652,0.989994850178798,0.00639200620773101,-0.0556011999725943,0.129529322694544
885,1655,0.985913215351804,-0.0385730788749359,0.133771708440471,0.0926950883364022,0.985913215351804,-0.0385730788749359,0.133771708440471,0.0926950883364022,0.991437735735949,-0.0338122329282603,0.0834922412155167,0.0945356796135222,0.991442040577339,-0.033807357151625,0.0834411071370507,0.0945374233730109,0.985913215351804,-0.0385730788749359,0.133771708440471,0.0926950883364022,0.965258398859116,-0.0485198000610925,0.241238391671706,0.0878981843818008,0.985913215351804,-0.0385730788749359,0.133771708440471,0.0926950883364022,0.985913215351804,-0.0385730788749359,0.133771708440471,0.0926950883364022,0.985901972023165,-0.0385740867154294,0.133813348294529,0.092754133132236,0.985901972023165,-0.0385740867154294,0.133813348294529,0.092754133132236,0.985911058693284,-0.0385732711118426,0.133779665720957,0.0927064622429844,0.985913215351804,-0.0385730788749359,0.133771708440471,0.0926950883364022,0.985901972023165,-0.0385740867154294,0.133813348294529,0.092754133132236,0.985901972023165,-0.0385740867154294,0.133813348294529,0.092754133132236,0.985911058693284,-0.0385732711118426,0.133779665720957,0.0927064622429844,0.992457167169139,-0.0357333219729922,0.0561029950284991,0.102977448910982,0.961968647069348,-0.0661878804963593,0.100785712325658,0.245107581934906,0.985169054129182,-0.0390524952852412,0.031220602789698,0.164140523210016,0.985624620681816,-0.0323618744260637,-0.00876917089379207,0.16558960665239,0.990734897140991,0.0138853142776313,-0.0155471501345088,0.134200774055656,0.981367304902421,0.0324497654641172,0.0337489040791071,0.186349770762785,0.991032981279313,0.00246080503137023,-0.0203938674477164,0.132029029481253,0.990340292513884,0.00537785689868959,-0.0422892993126125,0.131942407293262
886,1656,0.986163786150821,-0.0382973556952689,0.13285546915701,0.0914533965826215,0.986163786150821,-0.0382973556952689,0.13285546915701,0.0914533965826215,0.991641417133159,-0.0335999719694979,0.0825644513479775,0.0932815795502903,0.991645674122986,-0.0335951608740719,0.0825133067657611,0.0932833123639669,0.986163786150821,-0.0382973556952689,0.13285546915701,0.0914533965826215,0.965608078050661,-0.0481093784982564,0.240355212973549,0.0866942841268079,0.986163786150821,-0.0382973556952689,0.13285546915701,0.0914533965826215,0.986163786150821,-0.0382973556952689,0.13285546915701,0.0914533965826215,0.986150759954442,-0.0383111947580716,0.13290337182738,0.0915184394228748,0.986150759954442,-0.0383111947580716,0.13290337182738,0.0915184394228748,0.986161271392894,-0.0383001153367358,0.132864712812981,0.0914659284054305,0.986163786150821,-0.0382973556952689,0.13285546915701,0.0914533965826215,0.986150759954442,-0.0383111947580716,0.13290337182738,0.0915184394228748,0.986150759954442,-0.0383111947580716,0.13290337182738,0.0915184394228748,0.986161271392894,-0.0383001153367358,0.132864712812981,0.0914659284054305,0.992473504653245,-0.0367330298433513,0.0571895870557475,0.101864509090392,0.961993867262498,-0.0682280413592515,0.101275318133441,0.244245867229304,0.985124597788847,-0.0397023690351267,0.0330117436192187,0.163900803864962,0.985630963516702,-0.0325835317015407,-0.0095839523452678,0.165463183447065,0.991003171364622,0.0117840750559588,-0.0139480621413658,0.13258695819287,0.981834610118295,0.0296006876095272,0.0355792317824373,0.184007380103816,0.990201605598823,-0.00515366165906914,-0.026758128257483,0.136960660823373,0.989775403686293,-0.00339119480829911,-0.0394951568672057,0.137015629179461
887,1657,0.986454129073583,-0.0375941472812159,0.131749492359767,0.0902053356893126,0.986454129073583,-0.0375941472812159,0.131749492359767,0.0902053356893126,0.99187517631803,-0.0329611019109357,0.0814451478447556,0.0919993927014752,0.991879375578829,-0.0329563569458784,0.0813939912077645,0.0920010925667689,0.986454129073583,-0.0375941472812159,0.131749492359767,0.0902053356893126,0.9660181263146,-0.0472733580085497,0.239287812341135,0.0855310009249209,0.986454129073583,-0.0375941472812159,0.131749492359767,0.0902053356893126,0.986454129073583,-0.0375941472812159,0.131749492359767,0.0902053356893126,0.986439046399761,-0.0376300029464273,0.131807197826452,0.0902709987610688,0.986439046399761,-0.0376300029464273,0.131807197826452,0.0902709987610688,0.986451217179991,-0.0376012076016585,0.13176064679906,0.0902179431493849,0.986454129073583,-0.0375941472812159,0.131749492359767,0.0902053356893126,0.986439046399761,-0.0376300029464273,0.131807197826452,0.0902709987610688,0.986439046399761,-0.0376300029464273,0.131807197826452,0.0902709987610688,0.986451217179991,-0.0376012076016585,0.13176064679906,0.0902179431493849,0.992485440250698,-0.0376886882661376,0.0582705756646314,0.100780720769739,0.961937593027033,-0.0703199113553881,0.101737299604797,0.243681552558768,0.985084771270799,-0.0404206250974786,0.0350605347979569,0.163538758026253,0.985651576232086,-0.0328042913827889,-0.0105932979361698,0.1652350773199,0.991311595120322,0.010293468039819,-0.0116273475737063,0.130614588328091,0.982161602482028,0.027091508476877,0.0372281939231382,0.18231483306523,0.99093958181547,0.00102913983150158,-0.0199628229792838,0.132812543689547,0.989834292214706,0.00517244750888645,-0.0508708469138404,0.132715774031757
888,1658,0.986752294987521,-0.0365287859971054,0.130563271954771,0.089099877367497,0.986752294987521,-0.0365287859971054,0.130563271954771,0.089099877367497,0.992112670202069,-0.0319532995701659,0.080245306848411,0.0908412186174567,0.992116807580067,-0.0319486143399388,0.0801941379641329,0.0908428665063096,0.986752294987521,-0.0365287859971054,0.130563271954771,0.089099877367497,0.966444762835241,-0.0460930362768868,0.238141512624342,0.0845492303933213,0.986752294987521,-0.0365287859971054,0.130563271954771,0.089099877367497,0.986752294987521,-0.0365287859971054,0.130563271954771,0.089099877367497,0.986736731671302,-0.0365838505527879,0.130625481407821,0.0891584424288778,0.986736731671302,-0.0365838505527879,0.130625481407821,0.0891584424288778,0.986749303376477,-0.0365395109297859,0.130575248247413,0.0891110597635141,0.986752294987521,-0.0365287859971054,0.130563271954771,0.089099877367497,0.986736731671302,-0.0365838505527879,0.130625481407821,0.0891584424288778,0.986736731671302,-0.0365838505527879,0.130625481407821,0.0891584424288778,0.986749303376477,-0.0365395109297859,0.130575248247413,0.0891110597635141,0.992482447202943,-0.0386382569381144,0.0592598456326435,0.0998696540017914,0.961825365703026,-0.0724547169989901,0.102254059264661,0.243282525551541,0.985028364885839,-0.0413037361548522,0.0373215247171792,0.163157057900565,0.98566629982729,-0.0331489031904954,-0.0116499451355325,0.165007194935206,0.991637559916205,0.0098589220984885,-0.00924160210190838,0.128344630620377,0.982351884686803,0.0247229444713108,0.0385157528859014,0.181356244581176,0.990882346663289,-4.35508311617529e-05,-0.0199248034568341,0.133248547390158,0.990012974965408,0.00346842424504165,-0.0460340322140079,0.133203405780478
889,1659,0.98698335157398,-0.0353419908158606,0.129639108963134,0.0883657672869452,0.98698335157398,-0.0353419908158606,0.129639108963134,0.0883657672869452,0.992296459902106,-0.030805347407769,0.0793105952739579,0.0900477413049633,0.992300549071577,-0.0308007031031142,0.0792594169118642,0.0900493299885832,0.98698335157398,-0.0353419908158606,0.129639108963134,0.0883657672869452,0.966775916056939,-0.0448327977205036,0.237248315039809,0.0839498981035197,0.98698335157398,-0.0353419908158606,0.129639108963134,0.0883657672869452,0.98698335157398,-0.0353419908158606,0.129639108963134,0.0883657672869452,0.986971095683882,-0.0354040865253882,0.129688437477463,0.0884054077899848,0.986971095683882,-0.0354040865253882,0.129688437477463,0.0884054077899848,0.986981025359909,-0.0353539665337757,0.129648472234755,0.0883732214928625,0.98698335157398,-0.0353419908158606,0.129639108963134,0.0883657672869452,0.986971095683882,-0.0354040865253882,0.129688437477463,0.0884054077899848,0.986971095683882,-0.0354040865253882,0.129688437477463,0.0884054077899848,0.986981025359909,-0.0353539665337757,0.129648472234755,0.0883732214928625,0.992428557187245,-0.0394476976185133,0.0599797651622653,0.0996587467456859,0.96170259982601,-0.0747709557888645,0.10287963415918,0.242802789385924,0.984903094205749,-0.0424429599668102,0.0398297810561685,0.163027846438007,0.98562392235112,-0.0336661262420703,-0.0128841035479725,0.165063852823117,0.99189256026931,0.0099737741859972,-0.00738024871174174,0.126472149660838,0.982504521543162,0.0222632278842657,0.0394583128693364,0.180644001773988,0.990628545829994,-0.00244073148595766,-0.0224860973752739,0.134697818992715,0.989978842989137,0.000259556322242441,-0.0423371092814367,0.134719680233054
890,1660,0.987131096742316,-0.0342772880218018,0.12916604481597,0.0878259542321168,0.987131096742316,-0.0342772880218018,0.12916604481597,0.0878259542321168,0.992419971827368,-0.0297694551881699,0.0788306336854775,0.0894545149710789,0.992424036242382,-0.0297648414808798,0.0787794489538242,0.089456050228755,0.987131096742316,-0.0342772880218018,0.12916604481597,0.0878259542321168,0.966974720815128,-0.0437152512976097,0.236794338178923,0.0835302790304107,0.987131096742316,-0.0342772880218018,0.12916604481597,0.0878259542321168,0.987131096742316,-0.0342772880218018,0.12916604481597,0.0878259542321168,0.987123141323438,-0.0343336295147815,0.129192170298006,0.0878549308905378,0.987123141323438,-0.0343336295147815,0.129192170298006,0.0878549308905378,0.987129604403161,-0.0342880551008151,0.129170870187417,0.0878314276514276,0.987131096742316,-0.0342772880218018,0.12916604481597,0.0878259542321168,0.987123141323438,-0.0343336295147815,0.129192170298006,0.0878549308905378,0.987123141323438,-0.0343336295147815,0.129192170298006,0.0878549308905378,0.987129604403161,-0.0342880551008151,0.129170870187417,0.0878314276514276,0.992392409953978,-0.0403038459407892,0.0606736425252745,0.0992552959334288,0.961584196077042,-0.0770685637940175,0.103529707562124,0.242276432988636,0.984808942493314,-0.0435610539036341,0.0424669197959108,0.162635611386479,0.985626261594535,-0.0341940846860071,-0.0138911823446426,0.164859552591699,0.992096314811205,0.0102532711987628,-0.00632110252183659,0.124899224299675,0.982652500856399,0.0198785963101132,0.0402921743577815,0.179931777779599,0.990792612266663,-0.00211010839646485,-0.0207938729725275,0.133765323485424,0.990020386390941,0.00106408441373741,-0.0442946972642002,0.133777733756277
891,1661,0.987170802349817,-0.0335570767818914,0.129254200290886,0.0875276030349034,0.987170802349817,-0.0335570767818914,0.129254200290886,0.0875276030349034,0.992464106406732,-0.0290653376364318,0.0789166572981029,0.0891199463827353,0.992468175258403,-0.0290607411856442,0.078865470290069,0.0891214453255915,0.987170802349817,-0.0335570767818914,0.129254200290886,0.0875276030349034,0.967004504760591,-0.0429666306992161,0.236886321001327,0.0833128281931335,0.987170802349817,-0.0335570767818914,0.129254200290886,0.0875276030349034,0.987170802349817,-0.0335570767818914,0.129254200290886,0.0875276030349034,0.987168436092019,-0.0335959049940345,0.129251100989752,0.0875439709186585,0.987168436092019,-0.0335959049940345,0.129251100989752,0.0875439709186585,0.9871703934746,-0.0335643866713793,0.129253367396221,0.0875306415566327,0.987170802349817,-0.0335570767818914,0.129254200290886,0.0875276030349034,0.987168436092019,-0.0335959049940345,0.129251100989752,0.0875439709186585,0.987168436092019,-0.0335959049940345,0.129251100989752,0.0875439709186585,0.9871703934746,-0.0335643866713793,0.129253367396221,0.0875306415566327,0.9923496146286,-0.0411201447405519,0.0612058097995578,0.0990213355280804,0.961488723172464,-0.0794714396474388,0.104231014142175,0.241577360659982,0.984705430875987,-0.0446143691789668,0.045262575746014,0.162222291017407,0.98563273967043,-0.0346362088342129,-0.0148858607271949,0.164641570321005,0.992205910731163,0.0103952303821391,-0.00591402994718245,0.124033842741523,0.982670730607319,0.0176113579391217,0.0410741532050119,0.179891604077872,0.990701370739081,-0.00377686576541542,-0.0222636397995922,0.13416728231417,0.990211510819203,-0.00160573157069141,-0.0382888950293899,0.134210826629982
892,1662,0.987117130610742,-0.0332192929138514,0.129850272317029,0.0873793786445747,0.987117130610742,-0.0332192929138514,0.129850272317029,0.0873793786445747,0.992440797910099,-0.028735523423292,0.0795146867538244,0.0889547465152797,0.992444897605512,-0.0287309354932206,0.0794635009471442,0.0889562284479992,0.987117130610742,-0.0332192929138514,0.129850272317029,0.0873793786445747,0.966885695316018,-0.0426146115959338,0.237472893104146,0.0832025967896191,0.987117130610742,-0.0332192929138514,0.129850272317029,0.0873793786445747,0.987117130610742,-0.0332192929138514,0.129850272317029,0.0873793786445747,0.987119708323635,-0.0332381239381158,0.129820315384258,0.0873876093600671,0.987119708323635,-0.0332381239381158,0.129820315384258,0.0873876093600671,0.987117665687928,-0.0332227439341139,0.129844303589411,0.0873808914905625,0.987117130610742,-0.0332192929138514,0.129850272317029,0.0873793786445747,0.987119708323635,-0.0332381239381158,0.129820315384258,0.0873876093600671,0.987119708323635,-0.0332381239381158,0.129820315384258,0.0873876093600671,0.987117665687928,-0.0332227439341139,0.129844303589411,0.0873808914905625,0.99230377378169,-0.0418900696024736,0.0615680729934424,0.0989333866558268,0.961385112987376,-0.0820112088449313,0.105023736766077,0.240796264227114,0.984590131822243,-0.0457172706825237,0.0482517644700054,0.161752807410356,0.985641112153782,-0.0350733029831623,-0.0160486288655587,0.164389485556839,0.99225503583555,0.0101305843992742,-0.00580356479109981,0.12366743206858,0.98257132720495,0.0155131119202913,0.0417310913030454,0.180475611460133,0.990718281031197,-0.00470839503201503,-0.0224476151969561,0.133982175003929,0.990321330131804,-0.00288566218452431,-0.0359203408031369,0.134033820942021
893,1663,0.987004481681937,-0.0331955159579887,0.130773634009683,0.0872838330274052,0.987004481681937,-0.0331955159579887,0.130773634009683,0.0872838330274052,0.992375222125549,-0.0287166330634154,0.080442580289259,0.0888581159668276,0.992379369677689,-0.0287120501171449,0.0803913978634532,0.0888595969253946,0.987004481681937,-0.0331955159579887,0.130773634009683,0.0872838330274052,0.966672321525335,-0.0425804853663404,0.238378298108589,0.0831102403656728,0.987004481681937,-0.0331955159579887,0.130773634009683,0.0872838330274052,0.987004481681937,-0.0331955159579887,0.130773634009683,0.0872838330274052,0.987010264925054,-0.0331976470942207,0.130725970973999,0.0872890237824251,0.987010264925054,-0.0331976470942207,0.130725970973999,0.0872890237824251,0.987005617853935,-0.0331957883834789,0.130764341278047,0.087284803995252,0.987004481681937,-0.0331955159579887,0.130773634009683,0.0872838330274052,0.987010264925054,-0.0331976470942207,0.130725970973999,0.0872890237824251,0.987010264925054,-0.0331976470942207,0.130725970973999,0.0872890237824251,0.987005617853935,-0.0331957883834789,0.130764341278047,0.087284803995252,0.992259756905742,-0.0427110116998117,0.0616749690717513,0.0989572761091106,0.961246962112082,-0.0846931832315035,0.105917338384458,0.240026790117187,0.984447860684047,-0.0468337002578162,0.0514625069706527,0.161309096120026,0.985635231523569,-0.0354258205572188,-0.0175832422659258,0.164192055863694,0.992268268792979,0.00943794578778517,-0.00555567614743813,0.123627433801874,0.982425042143107,0.0135356435736991,0.042296164946665,0.181297703664347,0.990719234336703,-0.00579209421963307,-0.0228581143722073,0.133863202438889,0.99022392913576,-0.00364001627050508,-0.0387771175346218,0.133938999563961
894,1664,0.986874522784055,-0.0332970749287963,0.131814823658752,0.0871483410326405,0.986874522784056,-0.0332970749287963,0.131814823658752,0.0871483410326405,0.992298347055261,-0.0288249468342558,0.0814890292483751,0.0887279605511003,0.992302548578705,-0.0288203706006811,0.0814378507860532,0.0887294470961849,0.986874522784056,-0.0332970749287963,0.131814823658752,0.0871483410326405,0.966428802263107,-0.0426665499009858,0.239398917317399,0.0829644144383722,0.986874522784056,-0.0332970749287963,0.131814823658752,0.0871483410326405,0.986874522784056,-0.0332970749287963,0.131814823658752,0.0871483410326405,0.986881338808382,-0.0332921045116677,0.131760384875584,0.0871553777250596,0.986881338808382,-0.0332921045116677,0.131760384875584,0.0871553777250596,0.986875839350739,-0.0332960622526235,0.131804319583014,0.087149706158439,0.986874522784056,-0.0332970749287963,0.131814823658752,0.0871483410326405,0.986881338808382,-0.0332921045116677,0.131760384875584,0.0871553777250596,0.986881338808382,-0.0332921045116677,0.131760384875584,0.0871553777250596,0.986875839350739,-0.0332960622526235,0.131804319583014,0.087149706158439,0.992217552265536,-0.0435974113156251,0.0615531711759138,0.0990696816435493,0.961060005250112,-0.0874523208429758,0.106930254902464,0.239335911376303,0.9842797695692,-0.0480703961792398,0.0548887571609281,0.160840904515308,0.985624630869882,-0.0358753375294133,-0.0190663963159859,0.16399243796981,0.992258036882248,0.00841433671334415,-0.0047601934023086,0.123816508346161,0.98228893359985,0.0116205631229923,0.0428595390446081,0.182034264227532,0.990733270943419,-0.00672144328368875,-0.0230655824596091,0.133680166635655,0.990286043871321,-0.00475166176913036,-0.037656162339462,0.13376466821244
895,1665,0.986747768599918,-0.0334473577929743,0.132825212326499,0.0869918294449144,0.986747768599917,-0.0334473577929743,0.132825212326499,0.0869918294449144,0.992223107173776,-0.0289829898012982,0.0825045541586276,0.0885792889770637,0.992227361073597,-0.0289784212353346,0.0824533795754948,0.0885807836735023,0.986747768599917,-0.0334473577929743,0.132825212326499,0.0869918294449144,0.966191850982852,-0.0427987351739371,0.240389273805687,0.0827923450629073,0.986747768599917,-0.0334473577929743,0.132825212326499,0.0869918294449144,0.986747768599917,-0.0334473577929743,0.132825212326499,0.0869918294449144,0.986754475293756,-0.0334395960826326,0.132771974736873,0.0870000093450929,0.986754475293756,-0.0334395960826326,0.132771974736873,0.0870000093450929,0.986749054711958,-0.0334458450204788,0.132815004124649,0.0869934086887843,0.986747768599917,-0.0334473577929743,0.132825212326499,0.0869918294449144,0.986754475293756,-0.0334395960826326,0.132771974736873,0.0870000093450929,0.986754475293756,-0.0334395960826326,0.132771974736873,0.0870000093450929,0.986749054711958,-0.0334458450204788,0.132815004124649,0.0869934086887843,0.992178042213399,-0.0446129312300584,0.061243132279074,0.0992053308310447,0.960838500770474,-0.0902969809814842,0.108033350207258,0.238672633340678,0.984071722345495,-0.0494394777405696,0.0586184146407691,0.160382245855692,0.985597302051763,-0.0363721606787241,-0.0207661128598962,0.163840754003809,0.992226838907674,0.0071020423795574,-0.00346538078672566,0.124191192446672,0.982167851068751,0.00978409925018429,0.0434576817689327,0.182652713158399,0.990735912400462,-0.00772555086206015,-0.0233314159989105,0.133560146643333,0.99032510634268,-0.0059016272716292,-0.0368535865262562,0.133653161964308
896,1666,0.98663401950944,-0.0336060689549407,0.133744778770945,0.0868117378443365,0.98663401950944,-0.0336060689549407,0.133744778770945,0.0868117378443365,0.992156239765214,-0.0291506485699214,0.0834287132634395,0.0884074962099424,0.992160541329158,-0.0291460888640449,0.0833775421278023,0.0884089995537062,0.98663401950944,-0.0336060689549407,0.133744778770945,0.0868117378443365,0.965977800490339,-0.0429367081380298,0.241290785695786,0.0825959126859657,0.98663401950944,-0.0336060689549407,0.133744778770945,0.0868117378443365,0.98663401950944,-0.0336060689549407,0.133744778770945,0.0868117378443365,0.986640066295015,-0.0335977461272213,0.133696141813687,0.0868211535322731,0.986640066295015,-0.0335977461272213,0.133696141813687,0.0868211535322731,0.986635174434822,-0.0336044668711146,0.133735481642955,0.0868135549554482,0.98663401950944,-0.0336060689549407,0.133744778770945,0.0868117378443365,0.986640066295015,-0.0335977461272213,0.133696141813687,0.0868211535322731,0.986640066295015,-0.0335977461272213,0.133696141813687,0.0868211535322731,0.986635174434822,-0.0336044668711146,0.133735481642955,0.0868135549554482,0.992142238806743,-0.0457583703166978,0.0607869182806885,0.0993222033960238,0.960602476848815,-0.0932274074084995,0.109203820316776,0.237962302913789,0.983824078892539,-0.0509272991660092,0.0626002847764285,0.159930598500771,0.985556255110495,-0.0369369374242312,-0.0225273583763665,0.163728582693668,0.992174927823901,0.00545982800021074,-0.00189919988089775,0.124721673800736,0.982055489105503,0.00803842955159635,0.0440558527729251,0.183197930677573,0.990745452832102,-0.00857159569187592,-0.0234260373057138,0.133421123574793,0.990357467535825,-0.00683740723806711,-0.0362962536270802,0.133521228016095
897,1667,0.986535739491124,-0.0337791123258936,0.134519549366097,0.0866642781976428,0.986535739491124,-0.0337791123258936,0.134519549366097,0.0866642781976428,0.992097462548192,-0.0293309625878975,0.0842074774613014,0.0882690216254328,0.992101804277422,-0.0293264100236869,0.084156309356097,0.0882705342691793,0.986535739491124,-0.0337791123258936,0.134519549366097,0.0866642781976428,0.965795027399844,-0.0430925103537404,0.242050076440167,0.0824303408731066,0.986535739491124,-0.0337791123258936,0.134519549366097,0.0866642781976428,0.986535739491124,-0.0337791123258936,0.134519549366097,0.0866642781976428,0.986540973319998,-0.0337700446136273,0.134478381367956,0.0866721235016201,0.986540973319998,-0.0337700446136273,0.134478381367956,0.0866721235016201,0.986536737148823,-0.0337773659844202,0.134511709139064,0.0866657712560006,0.986535739491124,-0.0337791123258936,0.134519549366097,0.0866642781976428,0.986540973319998,-0.0337700446136273,0.134478381367956,0.0866721235016201,0.986540973319998,-0.0337700446136273,0.134478381367956,0.0866721235016201,0.986536737148823,-0.0337773659844202,0.134511709139064,0.0866657712560006,0.992114133147151,-0.0469699272079934,0.0602489271592188,0.0993651826542673,0.960365093752148,-0.0962601283033651,0.110464982088609,0.237129420641156,0.983541081788255,-0.0524617009514715,0.0667859533875316,0.15948149359154,0.985506857895321,-0.0375171387031759,-0.0242828370743917,0.163643029697071,0.992090220601004,0.00340479056286588,-0.000320610336893571,0.125480272545471,0.981955939136104,0.00633022091228289,0.0446690516509041,0.183649496931361,0.990762569731105,-0.00926090251026473,-0.0233876629507931,0.133254580882662,0.99038234099749,-0.00755559439123203,-0.0360592706361855,0.13336214093555
898,1668,0.986464545058379,-0.0339563478280549,0.1350534111171,0.0865750768442064,0.986464545058379,-0.0339563478280549,0.1350534111171,0.0865750768442064,0.992053492319499,-0.0295125024863173,0.0847442675836279,0.0881889431017019,0.992057861734045,-0.0295079540519609,0.0846931017454992,0.0881904651085788,0.986464545058379,-0.0339563478280549,0.1350534111171,0.0865750768442064,0.965665633366,-0.0432588774377076,0.242572890174153,0.0823222145670869,0.986464545058379,-0.0339563478280549,0.1350534111171,0.0865750768442064,0.986464545058379,-0.0339563478280549,0.1350534111171,0.0865750768442064,0.986468375389245,-0.0339470329737061,0.135024660848693,0.0865799299600144,0.986468375389245,-0.0339470329737061,0.135024660848693,0.0865799299600144,0.986465268634235,-0.0339545580664832,0.135047994323582,0.0865759839336155,0.986464545058379,-0.0339563478280549,0.1350534111171,0.0865750768442064,0.986468375389245,-0.0339470329737061,0.135024660848693,0.0865799299600144,0.986468375389245,-0.0339470329737061,0.135024660848693,0.0865799299600144,0.986465268634235,-0.0339545580664832,0.135047994323582,0.0865759839336155,0.992103475628648,-0.0481626331633213,0.0596536181956916,0.0992597614771252,0.96012495812914,-0.0994226605421619,0.111816434288612,0.236161564127647,0.98322331826792,-0.0540353470135149,0.0711498034431819,0.159027649034208,0.985448732893449,-0.038099091581855,-0.026099481881398,0.16357894456456,0.991968620478152,0.00092532944300155,0.00109820773898996,0.126476059757787,0.981899575088422,0.00464138314789986,0.0452798942286279,0.183851606417501,0.990792005633317,-0.00978043509472836,-0.02316842547756,0.133036719455037,0.99040391174033,-0.0080384029285582,-0.0361340002691676,0.133153331585651
899,1669,0.986427440544835,-0.0341151573506371,0.135299479966671,0.0865512062299308,0.986427440544835,-0.0341151573506371,0.135299479966671,0.0865512062299308,0.992028941595129,-0.0296723199442386,0.0849919041834821,0.0881731744355475,0.992033323781707,-0.0296677723229476,0.0849407396112417,0.088174704685122,0.986427440544835,-0.0341151573506371,0.135299479966671,0.0865512062299308,0.96560172929741,-0.0434141048087143,0.24281339567029,0.0822810474202456,0.986427440544835,-0.0341151573506371,0.135299479966671,0.0865512062299308,0.986427440544835,-0.0341151573506371,0.135299479966671,0.0865512062299308,0.986429489777265,-0.0341067512177636,0.135285739352084,0.0865526426349534,0.986429489777265,-0.0341067512177636,0.135285739352084,0.0865526426349534,0.986427819270472,-0.0341135513731522,0.135296965171203,0.0865514540459935,0.986427440544835,-0.0341151573506371,0.135299479966671,0.0865512062299308,0.986429489777265,-0.0341067512177636,0.135285739352084,0.0865526426349534,0.986429489777265,-0.0341067512177636,0.135285739352084,0.0865526426349534,0.986427819270472,-0.0341135513731522,0.135296965171203,0.0865514540459935,0.992110920436955,-0.04931175542375,0.0590342081112203,0.0989910834340554,0.959865874433671,-0.102706994259218,0.113260710901417,0.235118667472462,0.982856909437689,-0.0556736151789891,0.0756868962657913,0.158632398573401,0.985368960494849,-0.0386974227500991,-0.0280039709515195,0.163604091564815,0.991812550982763,-0.00183610909692709,0.00228013413649339,0.127668686077548,0.981896631990682,0.00296335651148828,0.0459182254749874,0.18374367791238,0.990819800940553,-0.0102762651869032,-0.0229253791079223,0.132834285599353,0.990418055764447,-0.00847489188648109,-0.0363527957506818,0.132961367563644
900,1670,0.986431501435683,-0.0342316994655021,0.135228791331697,0.086569380972815,0.986431501435683,-0.0342316994655021,0.135228791331697,0.086569380972815,0.992029404663523,-0.0297877877655769,0.0849211005146739,0.0881972486551922,0.992033783198361,-0.0297832389024907,0.0848699359186447,0.0881987848600535,0.986431501435683,-0.0342316994655021,0.135228791331697,0.086569380972815,0.965613528855293,-0.0435319379832266,0.242743580597542,0.0822863132345675,0.986431501435683,-0.0342316994655021,0.135228791331697,0.086569380972815,0.986431501435683,-0.0342316994655021,0.135228791331697,0.086569380972815,0.986431401301154,-0.0342254520686557,0.135231638794195,0.0865685440952702,0.986431401301154,-0.0342254520686557,0.135231638794195,0.0865685440952702,0.986431464706519,-0.0342305179877845,0.135229473082773,0.0865692017116631,0.986431501435683,-0.0342316994655021,0.135228791331697,0.086569380972815,0.986431401301154,-0.0342254520686557,0.135231638794195,0.0865685440952702,0.986431401301154,-0.0342254520686557,0.135231638794195,0.0865685440952702,0.986431464706519,-0.0342305179877845,0.135229473082773,0.0865692017116631,0.992129039637977,-0.0503952221357615,0.0584448872244914,0.0986128057111726,0.959556351484304,-0.10614691244921,0.114826546627613,0.234092514816702,0.982437249135995,-0.0574352273728031,0.0804184068482588,0.158275475063965,0.985265718254443,-0.0393627887774211,-0.0300255405025055,0.163708589297427,0.991640023054598,-0.00457862059382765,0.00320344374341788,0.128914075484086,0.981936746759227,0.0013303551179238,0.0465432870116024,0.18339077935742,0.990844564315363,-0.0108030454130181,-0.0227198821960195,0.132642943760695,0.990431788249969,-0.00895373831044615,-0.0365241906723511,0.132780596812813
901,1671,0.986461632037535,-0.0343383767579612,0.134975321635553,0.0865793679166723,0.986461632037535,-0.0343383767579612,0.134975321635553,0.0865793679166723,0.992046614358909,-0.0298938196373924,0.0846664270641226,0.0882126443017624,0.992050979758795,-0.0298892699801259,0.0846152615808322,0.0882141859752576,0.986461632037535,-0.0343383767579612,0.134975321635553,0.0865793679166723,0.965671313978596,-0.0436390667981439,0.2424949531261,0.0822845241598281,0.986461632037535,-0.0343383767579612,0.134975321635553,0.0865793679166723,0.986461632037535,-0.0343383767579612,0.134975321635553,0.0865793679166723,0.986460122362826,-0.0343327305882414,0.134988137748446,0.0865788268890297,0.986460122362826,-0.0343327305882414,0.134988137748446,0.0865788268890297,0.986461330741382,-0.0343372981833744,0.134977863201664,0.0865792662877234,0.986461632037535,-0.0343383767579612,0.134975321635553,0.0865793679166723,0.986460122362826,-0.0343327305882414,0.134988137748446,0.0865788268890297,0.986460122362826,-0.0343327305882414,0.134988137748446,0.0865788268890297,0.986461330741382,-0.0343372981833744,0.134977863201664,0.0865792662877234,0.992142956106275,-0.0513659584379049,0.057921132231847,0.0982803917546055,0.959193468111385,-0.109678662659959,0.116479542959064,0.233133004445152,0.981967431613424,-0.0592838914812267,0.0852882741369655,0.157959785249654,0.985143828469562,-0.0400894335539041,-0.0320275456920921,0.163886274173897,0.991473061758829,-0.0070020468446431,0.00398831892381731,0.130062417549116,0.981981976709108,-0.000303731615648379,0.0472348786550622,0.182975876563062,0.990870108659531,-0.0113304518791835,-0.0224895605646389,0.132447228324618,0.990445350173962,-0.00942864288120544,-0.036706414808821,0.132596184425038
902,1672,0.986511197456495,-0.0344370668551826,0.134586593804122,0.0865805664544236,0.986511197456495,-0.0344370668551826,0.134586593804122,0.0865805664544236,0.992076359596511,-0.0299923212847624,0.0842756825458943,0.0882188569700876,0.992080704843486,-0.0299877713069429,0.0842245155289959,0.0882204037238533,0.986511197456495,-0.0344370668551826,0.134586593804122,0.0865805664544236,0.965763270801372,-0.0437372915627805,0.242114020060548,0.0822748770154627,0.986511197456495,-0.0344370668551826,0.134586593804122,0.0865805664544236,0.986511197456495,-0.0344370668551826,0.134586593804122,0.0865805664544236,0.986508647795722,-0.0344318501845966,0.134606671560451,0.0865804798354576,0.986508647795722,-0.0344318501845966,0.134606671560451,0.0865804798354576,0.98651069959767,-0.0344360691966545,0.134590506608485,0.0865805535236998,0.986511197456495,-0.0344370668551826,0.134586593804122,0.0865805664544236,0.986508647795722,-0.0344318501845966,0.134606671560451,0.0865804798354576,0.986508647795722,-0.0344318501845966,0.134606671560451,0.0865804798354576,0.98651069959767,-0.0344360691966545,0.134590506608485,0.0865805535236998,0.992143708875161,-0.0521641743267972,0.0574636685787384,0.0981207758311983,0.958788980254412,-0.113325487341152,0.118133788578676,0.232218503262863,0.981451773002487,-0.0611772392743867,0.0902792841609653,0.157668682738282,0.98500646326513,-0.0408303231210293,-0.0340616970255328,0.164118715677076,0.991335532913958,-0.00888463109746854,0.00467374121428034,0.130969770006372,0.982025846035806,-0.00190390729323453,0.0479776297474006,0.182537009667904,0.990900555607801,-0.0118596103954615,-0.0222140170825972,0.132219423620261,0.990460913556813,-0.00989305227362373,-0.0369398480640831,0.132381093279658
903,1673,0.986566751634044,-0.0345406366878908,0.134162725789541,0.0865641496011322,0.986566751634044,-0.0345406366878908,0.134162725789541,0.0865641496011322,0.992110299940772,-0.0300965916201045,0.0838495388923457,0.088207725012182,0.9921146232091,-0.0300920422162835,0.0837983701255215,0.0882092771437646,0.986566751634044,-0.0345406366878908,0.134162725789541,0.0865641496011322,0.965865039354472,-0.0438384319729472,0.241698817071604,0.082247185125847,0.986566751634044,-0.0345406366878908,0.134162725789541,0.0865641496011322,0.986566751634044,-0.0345406366878908,0.134162725789541,0.0865641496011322,0.986563851422629,-0.0345351975369095,0.134184923756181,0.0865649665498896,0.986563851422629,-0.0345351975369095,0.134184923756181,0.0865649665498896,0.986566192077381,-0.0345395910466848,0.134167003728927,0.0865643137249227,0.986566751634044,-0.0345406366878908,0.134162725789541,0.0865641496011322,0.986563851422629,-0.0345351975369095,0.134184923756181,0.0865649665498896,0.986563851422629,-0.0345351975369095,0.134184923756181,0.0865649665498896,0.986566192077381,-0.0345395910466848,0.134167003728927,0.0865643137249227,0.992122922845315,-0.0528107451731274,0.0570428478374957,0.0982305689167947,0.958350845274746,-0.117034816708533,0.119846286500405,0.231307969277419,0.980880764916427,-0.0631083772641093,0.0953796813716986,0.157457848700821,0.984843584514313,-0.0415667255678507,-0.0361589911723154,0.164462301832264,0.991238826895721,-0.0102165162860559,0.00528358675708518,0.131579993009394,0.982052268032052,-0.00349986061531263,0.0487894970590149,0.182155644451397,0.990927821649835,-0.0124452907010127,-0.0219193499531792,0.132010261409146,0.990468896513021,-0.0103971654558653,-0.0372796279800977,0.132187341785918
904,1674,0.986616989708089,-0.0347058818977051,0.133729385521846,0.0865960093133697,0.986616989708089,-0.0347058818977051,0.133729385521846,0.0865960093133697,0.992138449647753,-0.0302600040927879,0.083414205404446,0.0882479417301226,0.99214275046347,-0.0302554526145494,0.0833630351863637,0.0882495022897433,0.986616989708089,-0.0347058818977051,0.133729385521846,0.0865960093133697,0.965962564230544,-0.0440061765687177,0.241273615295694,0.0822607044165165,0.986616989708089,-0.0347058818977051,0.133729385521846,0.0865960093133697,0.986616989708089,-0.0347058818977051,0.133729385521846,0.0865960093133697,0.986614338427633,-0.0346973478775067,0.133752163198114,0.0865944576696267,0.986614338427633,-0.0346973478775067,0.133752163198114,0.0865944576696267,0.986616482819606,-0.0347042190273998,0.133733761851529,0.0865956924529541,0.986616989708089,-0.0347058818977051,0.133729385521846,0.0865960093133697,0.986614338427633,-0.0346973478775067,0.133752163198114,0.0865944576696267,0.986614338427633,-0.0346973478775067,0.133752163198114,0.0865944576696267,0.986616482819606,-0.0347042190273998,0.133733761851529,0.0865956924529541,0.99208846748182,-0.0532220154279861,0.0565842442625846,0.0986210579165969,0.957873217876163,-0.120816183933869,0.121610877386856,0.23041949283084,0.980260175602684,-0.0651134343795278,0.1005914880027,0.157262777961291,0.984662501977503,-0.0423408153578809,-0.0383199234159553,0.164859321919111,0.99118880118816,-0.0111065318825148,0.00589949054460009,0.1318582623882,0.982057361879777,-0.00512835430243977,0.0496168493681077,0.181865901748142,0.990956338664352,-0.0130330880142806,-0.0215484103122325,0.131800377430304,0.990470069216331,-0.010871196499446,-0.0377867848941777,0.131996280101482
905,1675,0.986647570529601,-0.0349352417808867,0.133340573167462,0.086754780831492,0.986647570529601,-0.0349352417808867,0.133340573167462,0.086754780831492,0.99214923052602,-0.0304809984056945,0.0830243413175774,0.0884181647151832,0.99215351123426,-0.0304764381478143,0.0829731705439836,0.0884197366724855,0.986647570529601,-0.0349352417808867,0.133340573167462,0.086754780831492,0.966035660573001,-0.044251585841359,0.240890513274966,0.0823933265861627,0.986647570529601,-0.0349352417808867,0.133340573167462,0.086754780831492,0.986647570529601,-0.0349352417808867,0.133340573167462,0.086754780831492,0.986645914848446,-0.0349233472949754,0.133361153470461,0.0867467651939535,0.986645914848446,-0.0349233472949754,0.133361153470461,0.0867467651939535,0.986647260796516,-0.0349329315937694,0.133344505209066,0.0867531900482375,0.986647570529601,-0.0349352417808867,0.133340573167462,0.086754780831492,0.986645914848446,-0.0349233472949754,0.133361153470461,0.0867467651939535,0.986645914848446,-0.0349233472949754,0.133361153470461,0.0867467651939535,0.986647260796516,-0.0349329315937694,0.133344505209066,0.0867531900482375,0.992051452238357,-0.0536097608009138,0.0561218414656632,0.0990466989310548,0.957356648513819,-0.124612702466509,0.123414077812908,0.229584161753313,0.979582150077096,-0.0672086050465138,0.105940939234368,0.157093386404959,0.984458979015561,-0.0431586843434044,-0.0405609416947371,0.165325910280943,0.991179787865177,-0.0117525349662214,0.00654297595877828,0.131839658354432,0.982050535253198,-0.00677488904165036,0.0504756127932683,0.181612388345414,0.990981616316157,-0.0136362175184188,-0.0211492177029056,0.131613830146237,0.990460713163346,-0.0113341897463795,-0.0384633457461077,0.131832025156125
906,1676,0.986650580100575,-0.0352346180792394,0.132988588277427,0.0871389113082501,0.986650580100575,-0.0352346180792394,0.132988588277427,0.0871389113082501,0.992134347448601,-0.0307604653414177,0.0826726583433851,0.0888170138383203,0.99213861001861,-0.0307558845122946,0.0826214883378623,0.0888186002087589,0.986650580100574,-0.0352346180792394,0.132988588277427,0.0871389113082501,0.966077307939867,-0.0445913375855524,0.240540988000968,0.0827422551512119,0.986650580100574,-0.0352346180792394,0.132988588277427,0.0871389113082501,0.986650580100574,-0.0352346180792394,0.132988588277427,0.0871389113082501,0.986650355964963,-0.0352190548649562,0.133007217768496,0.0871193048073441,0.986650355964963,-0.0352190548649562,0.133007217768496,0.0871193048073441,0.986650548697408,-0.0352316012781193,0.132992147688214,0.0871350542534926,0.986650580100574,-0.0352346180792394,0.132988588277427,0.0871389113082501,0.986650355964963,-0.0352190548649562,0.133007217768496,0.0871193048073441,0.986650355964963,-0.0352190548649562,0.133007217768496,0.0871193048073441,0.986650548697408,-0.0352316012781193,0.132992147688214,0.0871350542534926,0.99200119035948,-0.0539395604871273,0.0555730177096344,0.09967849237662,0.956787451570498,-0.128388249789197,0.125261408125633,0.228875095778642,0.978828527907023,-0.069552521286968,0.111382135922205,0.157006941042126,0.984213224186123,-0.0441800744805038,-0.0428438628554585,0.165942320616764,0.991197995305351,-0.0123189518586468,0.00716235469187399,0.13161868485525,0.982021663265699,-0.00842989276552067,0.0514005677763297,0.181439718411111,0.9910083207275,-0.0142269748063888,-0.0206460004207652,0.131429996969283,0.990441712773536,-0.0117424681766608,-0.0393568632227775,0.131675226814338
907,1677,0.986632003333387,-0.035624999118448,0.13261945348964,0.0877509543667027,0.986632003333387,-0.035624999118448,0.13261945348964,0.0877509543667027,0.992097034328008,-0.0311192363208854,0.0823049447063453,0.0894481061021498,0.992101277933026,-0.0311146229423411,0.0822537766257571,0.0894497109755671,0.986632003333387,-0.035624999118448,0.13261945348964,0.0877509543667027,0.966099382992082,-0.0450465736184823,0.24017204589182,0.0833077232895679,0.986632003333387,-0.035624999118448,0.13261945348964,0.0877509543667027,0.986632003333387,-0.035624999118448,0.13261945348964,0.0877509543667027,0.986632937706899,-0.0356047025078711,0.132638843956261,0.0877193733739996,0.986632937706899,-0.0356047025078711,0.132638843956261,0.0877193733739996,0.986632192075524,-0.0356210652583426,0.132623180874069,0.0877447956573562,0.986632003333387,-0.035624999118448,0.13261945348964,0.0877509543667027,0.986632937706899,-0.0356047025078711,0.132638843956261,0.0877193733739996,0.986632937706899,-0.0356047025078711,0.132638843956261,0.0877193733739996,0.986632192075524,-0.0356210652583426,0.132623180874069,0.0877447956573562,0.991933087003213,-0.0542536281839941,0.0549293474839324,0.100538855782922,0.956154823358858,-0.132098319332499,0.127180428163204,0.228348694958705,0.977995891646819,-0.0721611152826368,0.116950282562975,0.156969553645127,0.983929461307592,-0.0454242693644249,-0.0451236948904654,0.16668324175841,0.991224398343579,-0.0129471483494156,0.00776007485307662,0.131325339201169,0.981973298086942,-0.0100473186094182,0.0523580072054824,0.181345339930434,0.991026415970832,-0.0147193570787062,-0.0201108388281816,0.131322265959835,0.990406729675197,-0.0120269162003379,-0.0404018910998623,0.131596163684
908,1678,0.986602146922901,-0.0361087699227143,0.132170165389648,0.0885630159980146,0.986602146922901,-0.0361087699227143,0.132170165389648,0.0885630159980146,0.992044382547476,-0.0315611109299567,0.0818577545990656,0.0902837047581847,0.992048603088479,-0.0315564544543469,0.0818065892346178,0.090285332420426,0.986602146922901,-0.0361087699227143,0.132170165389648,0.0885630159980146,0.966119049298564,-0.0456166011368927,0.239722196541002,0.0840617437882045,0.986602146922901,-0.0361087699227143,0.132170165389648,0.0885630159980146,0.986602146922901,-0.0361087699227143,0.132170165389648,0.0885630159980146,0.986603714262473,-0.0360835675644589,0.132193603046837,0.0885208363539858,0.986603714262473,-0.0360835675644589,0.132193603046837,0.0885208363539858,0.986602452812297,-0.0361038930741848,0.13217469627381,0.0885548342812188,0.986602146922901,-0.0361087699227143,0.132170165389648,0.0885630159980146,0.986603714262473,-0.0360835675644589,0.132193603046837,0.0885208363539858,0.986603714262473,-0.0360835675644589,0.132193603046837,0.0885208363539858,0.986602452812297,-0.0361038930741848,0.13217469627381,0.0885548342812188,0.991840440893167,-0.0545437326214041,0.0541673610456046,0.101702596023543,0.955455762983091,-0.135780850209843,0.129183223405283,0.22799022016155,0.977075655490483,-0.0750498979849302,0.122639263857578,0.157004099375679,0.983602133741294,-0.0469052287979714,-0.0473715958276332,0.167578858808999,0.991231183065149,-0.0137207713459661,0.00832918786457946,0.131160614448289,0.981906419219326,-0.0116038364796594,0.0533428089675261,0.181327547841715,0.991045861310874,-0.015149020498307,-0.0195583201418907,0.131210060855704,0.990368837948885,-0.0122369036093508,-0.0415209817798132,0.131513615575997
909,1679,0.986578781655224,-0.0366209447253729,0.131576477036659,0.0894921487379524,0.986578781655225,-0.0366209447253729,0.131576477036659,0.0894921487379524,0.991990874736504,-0.0320254029821897,0.0812660209508985,0.0912376667947124,0.991995064758577,-0.0320206973048256,0.0812148583469336,0.0912393184018126,0.986578781655224,-0.0366209447253729,0.131576477036659,0.0894921487379524,0.966161025938137,-0.0462277179310675,0.23912953326566,0.0849290078430231,0.986578781655224,-0.0366209447253729,0.131576477036659,0.0894921487379524,0.986578781655224,-0.0366209447253729,0.131576477036659,0.0894921487379524,0.986580066096655,-0.0365940772636204,0.131607338388128,0.0894435865355209,0.986580066096655,-0.0365940772636204,0.131607338388128,0.0894435865355209,0.986579025713337,-0.0366157744802598,0.131582460210304,0.0894827762574315,0.986578781655224,-0.0366209447253729,0.131576477036659,0.0894921487379524,0.986580066096655,-0.0365940772636204,0.131607338388128,0.0894435865355209,0.986580066096655,-0.0365940772636204,0.131607338388128,0.0894435865355209,0.986579025713337,-0.0366157744802598,0.131582460210304,0.0894827762574315,0.991723106495983,-0.0547571651724072,0.0532682050971505,0.10319608146614,0.954716825476348,-0.139348173447423,0.131242495171635,0.227757057344783,0.97606645038759,-0.0782414759013972,0.128414231453421,0.157106145763839,0.983312719175618,-0.0489416109393632,-0.0478751158688446,0.168549067949537,0.991200285297998,-0.0147104199431264,0.00880849256505538,0.131255508185358,0.981825650564161,-0.0130783261592648,0.0543759006732728,0.181357687196063,0.991063607509844,-0.0155068721875128,-0.0189904833432142,0.131117597319836,0.990347126831524,-0.0124321909420808,-0.0421933758376717,0.131444771825836
910,1680,0.986555523805174,-0.0371897069617216,0.130915963725832,0.0904772600565242,0.986555523805174,-0.0371897069617216,0.130915963725832,0.0904772600565242,0.991934077991583,-0.0325433643677782,0.0806075432435045,0.0922504109847791,0.991938234052368,-0.0325386064568652,0.0805563835697399,0.0922520893046866,0.986555523805174,-0.0371897069617216,0.130915963725832,0.0904772600565242,0.966210448256037,-0.0469012276009178,0.238470461042105,0.0858456972757606,0.986555523805174,-0.0371897069617216,0.130915963725832,0.0904772600565242,0.986555523805174,-0.0371897069617216,0.130915963725832,0.0904772600565242,0.986556795481978,-0.0371599271472263,0.130950538383235,0.0904255804509104,0.986556795481978,-0.0371599271472263,0.130950538383235,0.0904255804509104,0.986555767434662,-0.0371839679598003,0.130922629835227,0.0904673160052674,0.986555523805174,-0.0371897069617216,0.130915963725832,0.0904772600565242,0.986556795481978,-0.0371599271472263,0.130950538383235,0.0904255804509104,0.986556795481978,-0.0371599271472263,0.130950538383235,0.0904255804509104,0.986555767434662,-0.0371839679598003,0.130922629835227,0.0904673160052674,0.991540885920127,-0.0547719841668602,0.0521019654013745,0.105508703434687,0.953911729061326,-0.142897455998689,0.133428932129274,0.227660822934418,0.974908478595076,-0.0819458670894416,0.134277541411981,0.157505158971847,0.982932597652729,-0.0514321008490184,-0.0481716538627292,0.169934514557943,0.991091760501053,-0.0158718530469317,0.0092334409404052,0.131908870498462,0.981733538023816,-0.0145224593386798,0.0554463077073699,0.181422340012516,0.991049600782789,-0.0157652329543764,-0.0185416564010688,0.131256821522055,0.99031818252308,-0.0126075590980301,-0.0423438495888625,0.131597664188116
911,1681,0.986529494047305,-0.037810910689571,0.130131624422214,0.0916277945430896,0.986529494047305,-0.037810910689571,0.130131624422214,0.0916277945430896,0.991868219771978,-0.0331052922524953,0.0798255404389021,0.0934310297753494,0.991872335500609,-0.0331004734497466,0.0797743841628529,0.0934327370754383,0.986529494047305,-0.037810910689571,0.130131624422214,0.0916277945430896,0.966270714362146,-0.0476450288041958,0.237688007409006,0.086921049983607,0.986529494047305,-0.037810910689571,0.130131624422214,0.0916277945430896,0.986529494047305,-0.037810910689571,0.130131624422214,0.0916277945430896,0.986530918642898,-0.0377783637800671,0.130172577989185,0.091567689341551,0.986530918642898,-0.0377783637800671,0.130172577989185,0.091567689341551,0.986529768335944,-0.0378046417026589,0.130139536003621,0.0916161908263199,0.986529494047305,-0.037810910689571,0.130131624422214,0.0916277945430896,0.986530918642898,-0.0377783637800671,0.130172577989185,0.091567689341551,0.986530918642898,-0.0377783637800671,0.130172577989185,0.091567689341551,0.986529768335944,-0.0378046417026589,0.130139536003621,0.0916161908263199,0.991369130352462,-0.0548136151885826,0.0509776403924403,0.107628969864905,0.953077905069672,-0.146331312448568,0.135672739693162,0.227645693061028,0.973698952757973,-0.0858792765225163,0.140099578682844,0.15782017397939,0.982530821369093,-0.0541496800263857,-0.0484843027057185,0.171319203838787,0.990949071354148,-0.0170629847895911,0.00952795651050282,0.13280817210231,0.981651200533459,-0.0158573854869618,0.0564535392543468,0.181445478649633,0.991054518556255,-0.0160160387299382,-0.018158977939564,0.131242825605138,0.990317883475689,-0.0128136255259772,-0.0423000815461774,0.13159408714034
912,1682,0.986498613419293,-0.0384417330289298,0.129283347410218,0.0928899077723394,0.986498613419293,-0.0384417330289298,0.129283347410218,0.0928899077723394,0.991794267475541,-0.0336711556057114,0.0789799290860223,0.0947235719575502,0.991798339591383,-0.0336662701386088,0.0789287766252297,0.0947253084406456,0.986498613419293,-0.0384417330289298,0.129283347410218,0.0928899077723394,0.966333180764547,-0.0484106443384005,0.236841470079151,0.0881062501696793,0.986498613419293,-0.0384417330289298,0.129283347410218,0.0928899077723394,0.986498613419293,-0.0384417330289298,0.129283347410218,0.0928899077723394,0.986500298502974,-0.0384085672708554,0.129327818111519,0.092823803392542,0.986500298502974,-0.0384085672708554,0.129327818111519,0.092823803392542,0.986498938457237,-0.0384353626383575,0.129291911067815,0.092877171867122,0.986498613419293,-0.0384417330289298,0.129283347410218,0.0928899077723394,0.986500298502974,-0.0384085672708554,0.129327818111519,0.092823803392542,0.986500298502974,-0.0384085672708554,0.129327818111519,0.092823803392542,0.986498938457237,-0.0384353626383575,0.129291911067815,0.092877171867122,0.991181963153449,-0.0547465918507762,0.0497473686585606,0.109937827482397,0.952187728062872,-0.149722188455315,0.138038224519656,0.227743815244408,0.972420512849493,-0.0900584458515913,0.145830152592125,0.158181506868797,0.982076881487684,-0.0570747101858408,-0.0489191788865963,0.172842096266186,0.990757745522086,-0.0182574223452955,0.00973859725004044,0.134055644942318,0.981575866060908,-0.0171406995114242,0.0574188285214254,0.181433441565398,0.991051715848174,-0.0162550533932331,-0.0178501226761066,0.131276970082422,0.990319871326476,-0.013043169073746,-0.0420557109210375,0.131634894216358
913,1683,0.986468496173344,-0.0390424012013827,0.128352189577505,0.0942407151744529,0.986468496173344,-0.0390424012013827,0.128352189577505,0.0942407151744529,0.991716865362478,-0.0342023960988526,0.0780515052222514,0.0961031611824464,0.991720889594431,-0.0341974394779413,0.0780003567547519,0.0961049250627387,0.986468496173344,-0.0390424012013827,0.128352189577505,0.0942407151744529,0.966405508143267,-0.0491560287540811,0.235912637097279,0.0893829196507366,0.986468496173344,-0.0390424012013827,0.128352189577505,0.0942407151744529,0.986468496173344,-0.0390424012013827,0.128352189577505,0.0942407151744529,0.986470165063586,-0.0390107126048104,0.128400981280833,0.0941698770711989,0.986470165063586,-0.0390107126048104,0.128400981280833,0.0941698770711989,0.98646881579108,-0.0390363314139812,0.128361588774311,0.0942270811859141,0.986468496173344,-0.0390424012013827,0.128352189577505,0.0942407151744529,0.986470165063586,-0.0390107126048104,0.128400981280833,0.0941698770711989,0.986470165063586,-0.0390107126048104,0.128400981280833,0.0941698770711989,0.98646881579108,-0.0390363314139812,0.128361588774311,0.0942270811859141,0.990973746604366,-0.0545681619000269,0.0483653745115957,0.112490620925083,0.951225484743082,-0.153103288151619,0.140578878623445,0.227962802267007,0.970974256948099,-0.0947738919235245,0.151757935332363,0.158733836397329,0.981491555919989,-0.060319796088515,-0.049958024881022,0.174757098876086,0.990522326326207,-0.01945218148278,0.00992246206324894,0.135604861385876,0.981508056183074,-0.0183716277170694,0.058334837831981,0.181387611588736,0.991044383669231,-0.0164718658462426,-0.0176142806338767,0.13133714002889,0.99032400612434,-0.0132764368553377,-0.0416844836649466,0.131698530515155
914,1684,0.986441452425706,-0.039581639333691,0.127333017878293,0.0956705666437066,0.986441452425706,-0.039581639333691,0.127333017878293,0.0956705666437066,0.991638059689352,-0.0346682687191605,0.0770350250293097,0.0975585702964449,0.991642031495864,-0.0346632370340733,0.0769838806276096,0.0975603582024479,0.986441452425706,-0.039581639333691,0.127333017878293,0.0956705666437066,0.966490556367017,-0.0498490355578269,0.23489666017018,0.0907449014998904,0.986441452425706,-0.039581639333691,0.127333017878293,0.0956705666437066,0.986441452425706,-0.039581639333691,0.127333017878293,0.0956705666437066,0.986442975196513,-0.0395530964760683,0.127386427329494,0.0955955405698129,0.986442975196513,-0.0395530964760683,0.127386427329494,0.0955955405698129,0.986441742855273,-0.0395761869253093,0.1273433057612,0.0956561334097999,0.986441452425706,-0.039581639333691,0.127333017878293,0.0956705666437066,0.986442975196513,-0.0395530964760683,0.127386427329494,0.0955955405698129,0.986442975196513,-0.0395530964760683,0.127386427329494,0.0955955405698129,0.986441742855273,-0.0395761869253093,0.1273433057612,0.0956561334097999,0.990744408546892,-0.0542546826605189,0.0467712060829371,0.115301347017385,0.950155907111352,-0.156527933108218,0.143305323618237,0.228399523994567,0.969433952255043,-0.0996354331867527,0.157821456472121,0.159257591799807,0.980868383019166,-0.0636489716873708,-0.0510589375249941,0.176745603892505,0.990256791587935,-0.0206410230907641,0.0101384174830434,0.137341353461638,0.981439038338464,-0.0195438762123625,0.0592035178444866,0.181357090853115,0.991039104310253,-0.016668475719639,-0.0174084382861488,0.13137960999163,0.990332251676597,-0.0134990939636459,-0.0412745840050833,0.131742986403564
915,1685,0.986419374343737,-0.0400517228171369,0.126261679862679,0.0971116142227273,0.986419374343737,-0.0400517228171369,0.126261679862679,0.0971116142227273,0.991561562041109,-0.0350645070445966,0.0759661935668159,0.0990216464379583,0.99156547872213,-0.0350593998999949,0.0759150531119473,0.0990234547782333,0.986419374343737,-0.0400517228171369,0.126261679862679,0.0971116142227273,0.966586269275961,-0.0504745356065292,0.233829377815569,0.0921256064993322,0.986419374343737,-0.0400517228171369,0.126261679862679,0.0971116142227273,0.986419374343737,-0.0400517228171369,0.126261679862679,0.0971116142227273,0.986420643709561,-0.0400267951110516,0.126317928704939,0.0970358192857019,0.986420643709561,-0.0400267951110516,0.126317928704939,0.0970358192857019,0.986419615191823,-0.0400469681522982,0.126272498324844,0.0970970610957299,0.986419374343737,-0.0400517228171369,0.126261679862679,0.0971116142227273,0.986420643709561,-0.0400267951110516,0.126317928704939,0.0970358192857019,0.986420643709561,-0.0400267951110516,0.126317928704939,0.0970358192857019,0.986419615191823,-0.0400469681522982,0.126272498324844,0.0970970610957299,0.990500126436518,-0.0537783901947079,0.0448920649029294,0.118330413613996,0.949007723214879,-0.159995554311943,0.146159611694524,0.22896098311335,0.967788805996869,-0.104538257414431,0.164137479473719,0.159735617680978,0.980210870525938,-0.066912641768891,-0.0523730320261654,0.17879153556776,0.9899624191903,-0.0218920762853657,0.0104336775405914,0.13923463635096,0.981368869003566,-0.0206504706743131,0.0600281266070986,0.181343114089375,0.991031239085093,-0.0168552443176336,-0.0172313602437214,0.131438442324188,0.990337827347908,-0.0137138909224353,-0.0408757182470236,0.131803234320647
916,1686,0.986400834107732,-0.0405181308176279,0.12518619635714,0.0984890440010852,0.986400834107732,-0.0405181308176279,0.12518619635714,0.0984890440010852,0.99148838698263,-0.0354603078538507,0.0748930421693633,0.100421000194741,0.991492248315351,-0.0354551285362534,0.0748419054899674,0.100422828946808,0.986400834107732,-0.0405181308176279,0.12518619635714,0.0984890440010852,0.966685953900757,-0.0510893957134826,0.232758363582882,0.0934434821634623,0.986400834107732,-0.0405181308176279,0.12518619635714,0.0984890440010852,0.986400834107732,-0.0405181308176279,0.12518619635714,0.0984890440010852,0.986401909733589,-0.0404935675149409,0.125242793814673,0.0984163912228908,0.986401909733589,-0.0404935675149409,0.125242793814673,0.0984163912228908,0.986401038226927,-0.0405134198582417,0.125197061452578,0.0984751257926114,0.986400834107732,-0.0405181308176279,0.12518619635714,0.0984890440010852,0.986401909733589,-0.0404935675149409,0.125242793814673,0.0984163912228908,0.986401909733589,-0.0404935675149409,0.125242793814673,0.0984163912228908,0.986401038226927,-0.0405134198582417,0.125197061452578,0.0984751257926114,0.990248640050341,-0.0530704322272167,0.0426236323140537,0.121549932414724,0.947800738291991,-0.16352646329331,0.149120848043489,0.229555720849489,0.965971265637923,-0.109783143157511,0.170651385813609,0.160391022068635,0.97945524917192,-0.0703831024215628,-0.053756826429836,0.181173500753503,0.989647210540721,-0.0231943687081458,0.0107857476016285,0.141223537619879,0.98129319786388,-0.0217144644831285,0.0607960579483244,0.181372492942658,0.991021529133904,-0.0170562450936229,-0.0170798206984445,0.131505486658596,0.990340245711891,-0.0139408600464259,-0.0405165300254443,0.131872138600896
917,1687,0.986376544021139,-0.0410098873553562,0.124215476851597,0.0997497762130068,0.986376544021139,-0.0410098873553562,0.124215476851597,0.0997497762130068,0.991414793874578,-0.0358873553068538,0.0739248116073604,0.101705095469812,0.991418605270353,-0.0358821097607414,0.0738736787248589,0.101706946245387,0.986376544021139,-0.0410098873553562,0.124215476851597,0.0997497762130068,0.966768417968861,-0.0517166349639173,0.231790848185474,0.0946425822949314,0.986376544021139,-0.0410098873553562,0.124215476851597,0.0997497762130068,0.986376544021139,-0.0410098873553562,0.124215476851597,0.0997497762130068,0.986377884941732,-0.0409840743698944,0.124266851873147,0.0996831142744611,0.986377884941732,-0.0409840743698944,0.124266851873147,0.0996831142744611,0.98637680280696,-0.0410049232536068,0.12422529444559,0.0997370311027533,0.986376544021139,-0.0410098873553562,0.124215476851597,0.0997497762130068,0.986377884941732,-0.0409840743698944,0.124266851873147,0.0996831142744611,0.986377884941732,-0.0409840743698944,0.124266851873147,0.0996831142744611,0.98637680280696,-0.0410049232536068,0.12422529444559,0.0997370311027533,0.98999174403571,-0.0521527029429257,0.0398344382641148,0.124938624312352,0.946545174876271,-0.167211507265283,0.152220195631673,0.230046855658531,0.963978369604563,-0.115328070743185,0.177296377133342,0.16127967537348,0.978593249437521,-0.0740163298314765,-0.0551684200008767,0.18393825188959,0.989309376093887,-0.0244664457187913,0.0112541257989756,0.143323745621981,0.981211537248719,-0.0227235325767236,0.0615130751478159,0.181448895899367,0.991014922820769,-0.0172555802514665,-0.0169211331295788,0.131549773661314,0.990343391383241,-0.0141587291111792,-0.0402103114061971,0.131919022093533
918,1688,0.986343889835961,-0.0415335673931226,0.123412916557767,0.10084614910631,0.986343889835961,-0.0415335673931226,0.123412916557767,0.10084614910631,0.991341393751767,-0.0363546381599422,0.0731249480296097,0.102826666260415,0.991345163894219,-0.0363493347675543,0.0730738189338253,0.102828541134879,0.986343889835961,-0.0415335673931226,0.123412916557767,0.10084614910631,0.966824100799615,-0.0523575541981182,0.230989556264012,0.0956748113578608,0.986343889835961,-0.0415335673931226,0.123412916557767,0.10084614910631,0.986343889835961,-0.0415335673931226,0.123412916557767,0.10084614910631,0.986345645461081,-0.0415060950836399,0.123455620330903,0.100788003053856,0.986345645461081,-0.0415060950836399,0.123455620330903,0.100788003053856,0.986344229563773,-0.0415282813960814,0.123421041665621,0.100835059005825,0.986343889835961,-0.0415335673931226,0.123412916557767,0.10084614910631,0.986345645461081,-0.0415060950836399,0.123455620330903,0.100788003053856,0.986345645461081,-0.0415060950836399,0.123455620330903,0.100788003053856,0.986344229563773,-0.0415282813960814,0.123421041665621,0.100835059005825,0.989731675493639,-0.0510650096295145,0.0365372599304025,0.12840795907135,0.945255960228467,-0.171037233815546,0.155407290524462,0.230404011148094,0.961811958187043,-0.121047600998058,0.184195190706377,0.162287914219332,0.977634694979616,-0.0776240937670097,-0.0569255159227192,0.186987670384699,0.988950004191344,-0.0256989573204366,0.011822336236297,0.145525548164225,0.981118574210543,-0.023683312996598,0.0621646916856818,0.181606704535376,0.991008948192621,-0.0174612001949381,-0.0167716423350582,0.131586789243046,0.990341856374015,-0.0143664673255423,-0.0400378683015093,0.13196052906883
919,1689,0.98630731554241,-0.0420539438190026,0.122763545429832,0.101776505296119,0.98630731554241,-0.0420539438190026,0.122763545429832,0.101776505296119,0.991271864045989,-0.0368270590576391,0.0724782748812883,0.103782266992911,0.991275600835996,-0.0368217063789693,0.0724271493723983,0.103784166231481,0.98630731554241,-0.0420539438190025,0.122763545429832,0.101776505296119,0.966859063556094,-0.052976957368111,0.230340096375794,0.0965423907360907,0.98630731554241,-0.0420539438190025,0.122763545429832,0.101776505296119,0.98630731554241,-0.0420539438190025,0.122763545429832,0.101776505296119,0.98630927321296,-0.0420265531297997,0.122798154309843,0.101727084418291,0.98630927321296,-0.0420265531297997,0.122798154309843,0.101727084418291,0.986307692476243,-0.0420486875256733,0.122770121363981,0.10176709163492,0.98630731554241,-0.0420539438190025,0.122763545429832,0.101776505296119,0.98630927321296,-0.0420265531297997,0.122798154309843,0.101727084418291,0.98630927321296,-0.0420265531297997,0.122798154309843,0.101727084418291,0.986307692476243,-0.0420486875256733,0.122770121363981,0.10176709163492,0.989484121165976,-0.0498250520012245,0.0326981334556652,0.131793285951853,0.943907360945936,-0.175096063619738,0.158689425984455,0.230646761385621,0.959341887368831,-0.127147382939299,0.191593421311481,0.16367237720965,0.976517054751742,-0.0813162247339989,-0.0588161349394242,0.190637812736038,0.98857277295843,-0.0269379431579918,0.0124904746873849,0.147791095218155,0.981018173681658,-0.0245848253492165,0.0627718201544231,0.181820317520772,0.991002974318138,-0.0177021653666465,-0.0165971081099997,0.131621708833769,0.990332031875092,-0.014580283212189,-0.0400602764239271,0.132004000834982
920,1690,0.986264719492785,-0.0425696430396108,0.122227365945304,0.102616760762411,0.986264719492785,-0.0425696430396108,0.122227365945304,0.102616760762411,0.991202073050614,-0.0372993879402395,0.0719449531397136,0.104647645731633,0.991205782334341,-0.0372939906285388,0.0718938312310433,0.104649569329684,0.986264719492786,-0.0425696430396108,0.122227365945304,0.102616760762411,0.966875609946892,-0.0535818165019796,0.229802482127449,0.0973209280588611,0.986264719492786,-0.0425696430396108,0.122227365945304,0.102616760762411,0.986264719492786,-0.0425696430396108,0.122227365945304,0.102616760762411,0.986266980306535,-0.0425424899675889,0.122255909475683,0.102572280381496,0.986266980306535,-0.0425424899675889,0.122255909475683,0.102572280381496,0.986265155519347,-0.0425644337551301,0.122232794280997,0.102608264724449,0.986264719492786,-0.0425696430396108,0.122227365945304,0.102616760762411,0.986266980306535,-0.0425424899675889,0.122255909475683,0.102572280381496,0.986266980306535,-0.0425424899675889,0.122255909475683,0.102572280381496,0.986265155519347,-0.0425644337551301,0.122232794280997,0.102608264724449,0.989249775531588,-0.0485435915227543,0.0283418445272568,0.135000522893683,0.942505697449312,-0.179444060246623,0.162083271912454,0.230676943979989,0.956684290678658,-0.133527394663833,0.199035681832311,0.165258585860187,0.975296152429221,-0.0851845595771406,-0.0604768528491596,0.194636985529134,0.988194586287241,-0.0281886241526604,0.0131889913235251,0.150009705048829,0.980907206988697,-0.0254114506900411,0.0633440100366558,0.182106688081295,0.99099582701144,-0.0179636966677347,-0.0164573523852865,0.131657631759079,0.990313710333684,-0.0147931881334585,-0.0402781420469353,0.132051459602791
921,1691,0.986217192720849,-0.0430531956807759,0.121784264377812,0.103395667575751,0.986217192720849,-0.0430531956807759,0.121784264377812,0.103395667575751,0.9911320881592,-0.0377427296795424,0.0715048396223819,0.105450121328045,0.991135774743913,-0.0377372909791149,0.0714537213238077,0.105452067790632,0.986217192720849,-0.0430531956807759,0.121784264377812,0.103395667575751,0.966877033353989,-0.0541479860187658,0.229356841277575,0.0980420182466371,0.986217192720849,-0.0430531956807759,0.121784264377812,0.103395667575751,0.986217192720849,-0.0430531956807759,0.121784264377812,0.103395667575751,0.986219709357912,-0.0430276615800904,0.12180785000317,0.103354501065747,0.986219709357912,-0.0430276615800904,0.12180785000317,0.103354501065747,0.986217677535176,-0.0430483082870595,0.12178875031807,0.103387794089575,0.986217192720849,-0.0430531956807759,0.121784264377812,0.103395667575751,0.986219709357912,-0.0430276615800904,0.12180785000317,0.103354501065747,0.986219709357912,-0.0430276615800904,0.12180785000317,0.103354501065747,0.986217677535176,-0.0430483082870595,0.12178875031807,0.103387794089575,0.989031741282843,-0.0472674633126335,0.0235070480077472,0.137947165034216,0.941061111440968,-0.184129740690464,0.165577738472411,0.230400164169029,0.953651141688877,-0.140629995462011,0.206828181533474,0.167316489490462,0.973830079037964,-0.0894178419635125,-0.0623167223292092,0.19943934621244,0.98782585968128,-0.0294058817627696,0.0139172981892396,0.152123876738029,0.980785851962365,-0.0261646136232656,0.0638500223829602,0.182476574458473,0.990988417292074,-0.0182111775455719,-0.0163526750696507,0.131692444063518,0.990288898488863,-0.0149746530520004,-0.0406614156012243,0.132099608542158
922,1692,0.986162677157902,-0.0435199679370412,0.121425131820565,0.104139924783323,0.986162677157902,-0.0435199679370412,0.121425131820565,0.104139924783323,0.99105939102509,-0.0381710736995085,0.0711489417901733,0.106217139274902,0.991063059254266,-0.0381655954391227,0.0710978272414687,0.106219107828556,0.986162677157902,-0.0435199679370412,0.121425131820565,0.104139924783323,0.966862288524124,-0.0546936713322425,0.228993893994529,0.0987305112886479,0.986162677157902,-0.0435199679370412,0.121425131820565,0.104139924783323,0.986162677157902,-0.0435199679370412,0.121425131820565,0.104139924783323,0.986165552400116,-0.0434953536579477,0.121444270642655,0.104100656086395,0.986165552400116,-0.0434953536579477,0.121444270642655,0.104100656086395,0.986163231669376,-0.0435152515387395,0.121428768561117,0.104132403951237,0.986162677157902,-0.0435199679370412,0.121425131820565,0.104139924783323,0.986165552400116,-0.0434953536579477,0.121444270642655,0.104100656086395,0.986165552400116,-0.0434953536579477,0.121444270642655,0.104100656086395,0.986163231669376,-0.0435152515387395,0.121428768561117,0.104132403951237,0.988823408063104,-0.0460022048031909,0.0182703318584069,0.140635201117992,0.939597261549408,-0.189108419110996,0.169052013848056,0.229818207555687,0.950344308518727,-0.148365516878899,0.21453088469078,0.169734699402066,0.972180095531256,-0.0941804547337954,-0.0635898346670677,0.204822451713645,0.987475125186885,-0.0305666440650386,0.0146562106393665,0.154090080464127,0.980663304834258,-0.0268724301989836,0.0643117008553675,0.182869790232946,0.990977275978149,-0.018480204949621,-0.0163167082672944,0.131743256188959,0.990252556636732,-0.0151581427250579,-0.0412561576999839,0.13216669109642
923,1693,0.98609542960032,-0.0440185315968342,0.121185526013333,0.104843888149436,0.98609542960032,-0.0440185315968342,0.121185526013333,0.104843888149436,0.990980053000539,-0.0386332158735589,0.0709130633156986,0.106945531171246,0.990983709064254,-0.0386277000453304,0.0708619528592117,0.106947523559178,0.98609542960032,-0.0440185315968342,0.121185526013333,0.104843888149436,0.966821761939336,-0.0552665305621049,0.228748352200152,0.0993754627957063,0.98609542960032,-0.0440185315968342,0.121185526013333,0.104843888149436,0.98609542960032,-0.0440185315968342,0.121185526013333,0.104843888149436,0.986098956771202,-0.0439923736347639,0.121198465831243,0.104806728776732,0.986098956771202,-0.0439923736347639,0.121198465831243,0.104806728776732,0.986096111639601,-0.0440134989749454,0.121187958932995,0.104836773733733,0.98609542960032,-0.0440185315968342,0.121185526013333,0.104843888149436,0.986098956771202,-0.0439923736347639,0.121198465831243,0.104806728776732,0.986098956771202,-0.0439923736347639,0.121198465831243,0.104806728776732,0.986096111639601,-0.0440134989749454,0.121187958932995,0.104836773733733,0.988621512801501,-0.0447432525954666,0.0127364740282545,0.143050089138658,0.938129849416883,-0.194297217821562,0.172411278082266,0.228987615319905,0.946780596321674,-0.156458239565977,0.221767683883058,0.173050328187594,0.97063176324695,-0.100333315901958,-0.0587229372749579,0.210615342589367,0.98715406950638,-0.0316596678776098,0.0153732285865165,0.155846630793543,0.980548829209099,-0.0275495382577176,0.0647198581897928,0.183238523335966,0.990969224746006,-0.0187298735756998,-0.0162860983450006,0.131772343239534,0.990629549654967,-0.0168200253289638,-0.0306322826997751,0.132029713909151
924,1694,0.986021390061901,-0.0445020764037431,0.121049540135117,0.105491195695316,0.986021390061901,-0.0445020764037432,0.121049540135117,0.105491195695316,0.990899197998344,-0.039083237995137,0.0707810160478615,0.107616577167682,0.990902847251753,-0.0390776875567295,0.070729909761693,0.107618592764869,0.986021390061901,-0.0445020764037431,0.121049540135117,0.105491195695316,0.966763104616465,-0.0558182396792472,0.228605057640601,0.0999657505978035,0.986021390061901,-0.0445020764037431,0.121049540135117,0.105491195695316,0.986021390061901,-0.0445020764037431,0.121049540135117,0.105491195695316,0.986025286113283,-0.044476592061639,0.121056988595706,0.105456974240399,0.986025286113283,-0.044476592061639,0.121056988595706,0.105456974240399,0.986022140653912,-0.0444971907812675,0.12105092473773,0.105484651836149,0.986021390061901,-0.0445020764037431,0.121049540135117,0.105491195695316,0.986025286113283,-0.044476592061639,0.121056988595706,0.105456974240399,0.986025286113283,-0.044476592061639,0.121056988595706,0.105456974240399,0.986022140653912,-0.0444971907812675,0.12105092473773,0.105484651836149,0.988428013352928,-0.0434018021913073,0.00700000796112176,0.145180390804939,0.936668773149069,-0.199508301698371,0.17553263971295,0.228114750413588,0.943050456011453,-0.164443871846684,0.228679143218353,0.176974291595084,0.969016849873572,-0.106772323653947,-0.0514262363739411,0.21670569391469,0.986872151617579,-0.0326573532304975,0.0159955879360931,0.157356267140036,0.980454483744684,-0.0281634089728686,0.0650929800370309,0.183517660321481,0.990958372389025,-0.018966495221632,-0.0163245184731154,0.131815349439004,0.990821991795309,-0.0180556556261185,-0.0231682171532094,0.131943198341673
925,1695,0.985953557991539,-0.0449484294703279,0.120935864081236,0.106064777145383,0.985953557991539,-0.0449484294703279,0.120935864081236,0.106064777145383,0.990825676283792,-0.0394998633852323,0.0706709342942195,0.108212102166518,0.99082931985977,-0.0394942822317287,0.0706198318001219,0.108214139250605,0.985953557991539,-0.0449484294703279,0.120935864081236,0.106064777145383,0.966708167084203,-0.0563248852091083,0.228484619679209,0.100486842765258,0.985953557991539,-0.0449484294703279,0.120935864081236,0.106064777145383,0.985953557991539,-0.0449484294703279,0.120935864081236,0.106064777145383,0.985957158725807,-0.0449248382506814,0.120941922065008,0.106034388538369,0.985957158725807,-0.0449248382506814,0.120941922065008,0.106034388538369,0.985954246542038,-0.0449439172071929,0.120937015022008,0.106058976184768,0.985953557991539,-0.0449484294703279,0.120935864081236,0.106064777145383,0.985957158725807,-0.0449248382506814,0.120941922065008,0.106034388538369,0.985957158725807,-0.0449248382506814,0.120941922065008,0.106034388538369,0.985954246542038,-0.0449439172071929,0.120937015022008,0.106058976184768,0.988233464697505,-0.0419775015685557,0.00122465169171176,0.147074840956096,0.935167438344593,-0.204745958065791,0.17835871965202,0.227440370294777,0.938964775057763,-0.172081383211039,0.23643373197583,0.181196686329747,0.967348262130112,-0.112988547768895,-0.0423449898942753,0.222885238761524,0.986637955930618,-0.0335147994916205,0.0165757311217276,0.158579782033743,0.980390578612342,-0.0287285154060796,0.0654124905684592,0.183657811835898,0.990945336712971,-0.0191859135248268,-0.0163464855003345,0.131878856458588,0.990926601235646,-0.0190396643130669,-0.0174453118333838,0.131900050195035
926,1696,0.98591280577235,-0.0452080285826917,0.120710205669355,0.106589022948052,0.98591280577235,-0.0452080285826917,0.120710205669355,0.106589022948052,0.990773508199508,-0.0397324835250376,0.0704476386310203,0.108748863967797,0.990777140258953,-0.0397268746874282,0.0703965388278184,0.108750913048687,0.98591280577235,-0.0452080285826917,0.120710205669355,0.106589022948052,0.96669244382869,-0.0566404882436739,0.228255850709596,0.100979407568435,0.98591280577235,-0.0452080285826917,0.120710205669355,0.106589022948052,0.98591280577235,-0.0452080285826917,0.120710205669355,0.106589022948052,0.985915033804363,-0.0451938695412031,0.120721792761379,0.106561292348177,0.985915033804363,-0.0451938695412031,0.120721792761379,0.106561292348177,0.985913222151041,-0.0452053875591356,0.12071247400435,0.106583722693147,0.98591280577235,-0.0452080285826917,0.120710205669355,0.106589022948052,0.985915033804363,-0.0451938695412031,0.120721792761379,0.106561292348177,0.985915033804363,-0.0451938695412031,0.120721792761379,0.106561292348177,0.985913222151041,-0.0452053875591356,0.12071247400435,0.106583722693147,0.988031646909724,-0.0404154102331957,-0.00451413367835528,0.14879409234803,0.933633567662067,-0.20991185513954,0.180836930370728,0.227075712088657,0.934889608637781,-0.178744314782493,0.244647841054267,0.184876508679494,0.965906191381185,-0.119114254733079,-0.0299395377872007,0.227904909661826,0.986452642347286,-0.034305707401407,0.0170935748277575,0.159505838593309,0.980343363826401,-0.029252940170431,0.0656841397718437,0.183730096269924,0.99093225703551,-0.0194052912385703,-0.0163684175378935,0.131942303851959,0.99093225703551,-0.0194052912385703,-0.0163684175378935,0.131942303851959
927,1697,0.985900482288741,-0.0452915257213069,0.120327675127004,0.107098867030398,0.985900482288741,-0.0452915257213069,0.120327675127004,0.107098867030398,0.990741759475374,-0.0397899611992694,0.0700662287431101,0.109262292713998,0.990745371863429,-0.0397843258812028,0.0700151305778741,0.109264344758649,0.985900482288741,-0.0452915257213069,0.120327675127004,0.107098867030398,0.966722205500014,-0.0567794728764831,0.227874280628222,0.101476997793724,0.985900482288741,-0.0452915257213069,0.120327675127004,0.107098867030398,0.985900482288741,-0.0452915257213069,0.120327675127004,0.107098867030398,0.985901220496542,-0.0452866434003576,0.120347382307826,0.107071989449214,0.985901220496542,-0.0452866434003576,0.120347382307826,0.107071989449214,0.985900611742067,-0.0452906644340159,0.12033152336682,0.107093715809867,0.985900482288741,-0.0452915257213069,0.120327675127004,0.107098867030398,0.985901220496542,-0.0452866434003576,0.120347382307826,0.107071989449214,0.985901220496542,-0.0452866434003576,0.120347382307826,0.107071989449214,0.985900611742067,-0.0452906644340159,0.12033152336682,0.107093715809867,0.987802427215988,-0.038725931696711,-0.0101589915053414,0.150477446456335,0.932083090419469,-0.214967735561059,0.183044689945736,0.226946307977267,0.9302874722626,-0.186141509779347,0.252942193989869,0.189570049817786,0.963940583140136,-0.126196017550441,-0.0152671780169376,0.233794847259861,0.986302036551847,-0.035061141541183,0.0175531294470968,0.160221398989404,0.980307056302322,-0.0297572370657363,0.065909560942123,0.183762107036533,0.990919134855288,-0.0196157911149203,-0.0163965743966231,0.132006216765127,0.990919134855288,-0.0196157911149203,-0.0163965743966231,0.132006216765127
928,1698,0.985903676769806,-0.0452522571094337,0.119842091012655,0.107629208767853,0.985903676769806,-0.0452522571094338,0.119842091012655,0.107629208767853,0.990720271219833,-0.0397237900306177,0.069581109797189,0.109789953361389,0.99072385858763,-0.0397181274982398,0.0695300127408672,0.109792001992522,0.985903676769806,-0.0452522571094337,0.119842091012655,0.107629208767853,0.966778708912314,-0.0567986854596369,0.227391984556067,0.102008444177674,0.985903676769806,-0.0452522571094337,0.119842091012655,0.107629208767853,0.985903676769806,-0.0452522571094337,0.119842091012655,0.107629208767853,0.985903567232584,-0.0452539770335215,0.119867357193622,0.10760134924866,0.985903567232584,-0.0452539770335215,0.119867357193622,0.10760134924866,0.985903648695217,-0.0452526413009357,0.119846985649716,0.107623854118986,0.985903676769806,-0.0452522571094337,0.119842091012655,0.107629208767853,0.985903567232584,-0.0452539770335215,0.119867357193622,0.10760134924866,0.985903567232584,-0.0452539770335215,0.119867357193622,0.10760134924866,0.985903648695217,-0.0452526413009357,0.119846985649716,0.107623854118986,0.987538121878187,-0.036880079902342,-0.0156978761911872,0.152190322382159,0.930507883541944,-0.219761616372116,0.184961985696394,0.227264107335617,0.925448757127056,-0.19373841546805,0.260769879872615,0.194959211260041,0.96148584257009,-0.133886413737317,0.00114317718509703,0.240037696830661,0.986175329305436,-0.0357789803200669,0.0179732216964179,0.160795048861659,0.980272285142448,-0.0301854532253235,0.0661096846191796,0.183805862242581,0.990906658547605,-0.019806081011422,-0.0164527237509585,0.13206445805805,0.990906658547605,-0.019806081011422,-0.0164527237509585,0.13206445805805
929,1699,0.985899708041077,-0.0451851712560216,0.119345749768922,0.108243512485401,0.985899708041077,-0.0451851712560216,0.119345749768922,0.108243512485401,0.990691082307085,-0.0396255704092129,0.0690856116756882,0.110400053742549,0.990694644119322,-0.0396198764106901,0.0690345161254603,0.110402097307138,0.985899708041077,-0.0451851712560216,0.119345749768922,0.108243512485401,0.966829273822958,-0.0567994700108542,0.226898209738109,0.102626399640148,0.985899708041077,-0.0451851712560216,0.119345749768922,0.108243512485401,0.985899708041077,-0.0451851712560216,0.119345749768922,0.108243512485401,0.985899917138307,-0.0451886122849011,0.119371832096648,0.108211406091662,0.985899917138307,-0.0451886122849011,0.119371832096648,0.108211406091662,0.985899750569888,-0.0451858460996404,0.119350762506222,0.108237316243875,0.985899708041077,-0.0451851712560216,0.119345749768922,0.108243512485401,0.985899917138307,-0.0451886122849011,0.119371832096648,0.108211406091662,0.985899917138307,-0.0451886122849011,0.119371832096648,0.108211406091662,0.985899750569888,-0.0451858460996404,0.119350762506222,0.108237316243875,0.987240468118322,-0.0349220008140343,-0.0210972697592731,0.153920814633261,0.928931060180724,-0.224209240652353,0.186533108698994,0.228084855255013,0.920529403086636,-0.20120831570146,0.267909331143478,0.200911478098681,0.95856130830939,-0.141601357207559,0.0176070972330801,0.246575067628892,0.986055799949833,-0.0364326131816851,0.0183664501993568,0.161335977355095,0.980229109442513,-0.0305857398788904,0.0662934172931662,0.183903747490891,0.990892608788351,-0.0199873831441007,-0.0165129991157085,0.132135018915785,0.990892608788351,-0.0199873831441007,-0.0165129991157085,0.132135018915785
930,1700,0.985896831600605,-0.0452001488673727,0.118919284533115,0.10873172374421,0.985896831600605,-0.0452001488673727,0.118919284533115,0.10873172374421,0.990666535545844,-0.0396157165385249,0.0686598437485568,0.110888395286247,0.99067007539889,-0.0396099973535212,0.0686087494649084,0.110890438341968,0.985896831600605,-0.0452001488673727,0.118919284533115,0.10873172374421,0.966873250429184,-0.0568679737999206,0.226474008218349,0.103110012908114,0.985896831600605,-0.0452001488673727,0.118919284533115,0.10873172374421,0.985896831600605,-0.0452001488673727,0.118919284533115,0.10873172374421,0.985896997015396,-0.0451995725488395,0.118941913256539,0.108705709087891,0.985896997015396,-0.0451995725488395,0.118941913256539,0.108705709087891,0.985896862892808,-0.0452000059360782,0.118923599566762,0.108726779900731,0.985896831600605,-0.0452001488673727,0.118919284533115,0.10873172374421,0.985896997015396,-0.0451995725488395,0.118941913256539,0.108705709087891,0.985896997015396,-0.0451995725488395,0.118941913256539,0.108705709087891,0.985896862892808,-0.0452000059360782,0.118923599566762,0.108726779900731,0.986875122549782,-0.0327306320488907,-0.0265179124062798,0.155894190204913,0.927350224075235,-0.228168306696898,0.187887472471512,0.229475670638414,0.915608898390907,-0.208297850031944,0.274373873755948,0.207343503056195,0.955272306551736,-0.148797031014062,0.0327947823255562,0.253453676534678,0.985929645773099,-0.0370794385052694,0.018791428419184,0.161909638514301,0.980193973456648,-0.0309816496443034,0.0665079645137362,0.183947281689147,0.990881996335106,-0.0201710097643531,-0.0165663864488686,0.132180008110406,0.990881996335106,-0.0201710097643531,-0.0165663864488686,0.132180008110406
931,1701,0.985842768297822,-0.0452838378706906,0.118632508521487,0.10949766273527,0.985842768297822,-0.0452838378706906,0.118632508521487,0.10949766273527,0.990597967429432,-0.0396603704408836,0.0683761859706535,0.111657597740941,0.990601492652757,-0.0396546115837646,0.0683250952238221,0.111659643098689,0.985842768297822,-0.0452838378706906,0.118632508521487,0.10949766273527,0.966851008718392,-0.0570352742216195,0.226183029477108,0.103862127896797,0.985842768297822,-0.0452838378706906,0.118632508521487,0.10949766273527,0.985842768297822,-0.0452838378706906,0.118632508521487,0.10949766273527,0.985845496895464,-0.0452796253923802,0.118647980825265,0.109458066954198,0.985845496895464,-0.0452796253923802,0.118647980825265,0.109458066954198,0.985843312605849,-0.0452829997056795,0.118635419836846,0.109489954279458,0.985842768297822,-0.0452838378706906,0.118632508521487,0.10949766273527,0.985845496895464,-0.0452796253923802,0.118647980825265,0.109458066954198,0.985845496895464,-0.0452796253923802,0.118647980825265,0.109458066954198,0.985843312605849,-0.0452829997056795,0.118635419836846,0.109489954279458,0.986559167184381,-0.0305343783486081,-0.0314385123818821,0.157417538166937,0.925678380912444,-0.231980706710239,0.188801491771942,0.231643008809294,0.911066054788074,-0.214522158037464,0.279852499018508,0.213591821746385,0.951940732492184,-0.155229954639552,0.0465576977121349,0.259893985672222,0.985785324873351,-0.0376293047229909,0.0191871280085129,0.162613599705535,0.980140119072297,-0.0312665185230685,0.0666612039579241,0.184130485502184,0.990872697546203,-0.0203312419102039,-0.0166228287390558,0.132218075256796,0.990872697546203,-0.0203312419102039,-0.0166228287390558,0.132218075256796
932,1702,0.985760092883289,-0.045423962811565,0.118480027723095,0.110345756202754,0.985760092883289,-0.045423962811565,0.118480027723095,0.110345756202754,0.990507649397846,-0.0397572120511526,0.0682281039960005,0.112511716720454,0.990511166983879,-0.0397514091422307,0.0681770179075702,0.112513767071728,0.985760092883289,-0.045423962811565,0.118480027723095,0.110345756202754,0.966785579276256,-0.0572676916521576,0.226022391355392,0.104689702465417,0.985760092883289,-0.045423962811565,0.118480027723095,0.110345756202754,0.985760092883289,-0.045423962811565,0.118480027723095,0.110345756202754,0.985764382851731,-0.0454167468504696,0.118488427755236,0.110301373946836,0.985764382851731,-0.0454167468504696,0.118488427755236,0.110301373946836,0.98576092890294,-0.045422553356455,0.118481582103845,0.110337198610273,0.985760092883289,-0.045423962811565,0.118480027723095,0.110345756202754,0.985764382851731,-0.0454167468504696,0.118488427755236,0.110301373946836,0.985764382851731,-0.0454167468504696,0.118488427755236,0.110301373946836,0.98576092890294,-0.045422553356455,0.118481582103845,0.110337198610273,0.986213833988966,-0.0282906502534741,-0.0363025034386422,0.158946660868065,0.923946322125563,-0.235443591497898,0.189433073763396,0.234530636842541,0.907153314083378,-0.219361869463677,0.284131283715353,0.219596558687082,0.948728311897082,-0.160711855139517,0.0597688199908948,0.265544681700506,0.98561859693879,-0.0381225965091225,0.0195918060856857,0.163458894337734,0.980075422389975,-0.0315085682543999,0.0668228655320207,0.18437483883589,0.990864332999471,-0.0204833835667608,-0.0166608014504583,0.132252494427134,0.990864332999471,-0.0204833835667608,-0.0166608014504583,0.132252494427134
933,1703,0.985653627521961,-0.0455923649096943,0.118435449538768,0.111271322034438,0.985653627521961,-0.0455923649096943,0.118435449538768,0.111271322034438,0.990399056045963,-0.0398783569353446,0.0681889942579895,0.113444645063077,0.990402571615033,-0.0398725059099494,0.0681379137703753,0.113446701661226,0.985653627521961,-0.0455923649096943,0.118435449538768,0.111271322034437,0.966684653610978,-0.0575367234357382,0.225966390482463,0.105591175301867,0.985653627521961,-0.0455923649096943,0.118435449538768,0.111271322034437,0.985653627521961,-0.0455923649096943,0.118435449538768,0.111271322034437,0.98565918838763,-0.0455835850737256,0.118438101225499,0.111222827229686,0.98565918838763,-0.0455835850737256,0.118438101225499,0.111222827229686,0.98565470500052,-0.0455906670004167,0.118435911400951,0.111261981302783,0.985653627521961,-0.0455923649096943,0.118435449538768,0.111271322034437,0.98565918838763,-0.0455835850737256,0.118438101225499,0.111222827229686,0.98565918838763,-0.0455835850737256,0.118438101225499,0.111222827229686,0.98565470500052,-0.0455906670004167,0.118435911400951,0.111261981302783,0.98588471133021,-0.0258095783982921,-0.0408289124536095,0.160306586065906,0.922131403901609,-0.238625117843097,0.189831546493968,0.238108611831922,0.903806197985293,-0.222810984729543,0.287370549090245,0.225627545044463,0.945770248925777,-0.164564987162957,0.0704706481305123,0.271055140144945,0.985423407087291,-0.0386467791435714,0.0200562766949532,0.164453279053471,0.979990697041787,-0.031703162314163,0.0669610392149786,0.184741339277608,0.990859999120588,-0.0206188448308081,-0.0166907869186762,0.132260133874971,0.990859999120588,-0.0206188448308081,-0.0166907869186762,0.132260133874971
934,1704,0.985524053344644,-0.045790684057499,0.118516105230888,0.11224743352786,0.985524053344644,-0.045790684057499,0.118516105230888,0.11224743352786,0.990273748442792,-0.0400268113495234,0.0682761310050384,0.114429574207172,0.990277268506157,-0.0400209095256477,0.0682250569801195,0.114431638460632,0.985524053344644,-0.045790684057499,0.118516105230888,0.11224743352786,0.966547005363882,-0.0578410423768869,0.226032328090623,0.106539602480956,0.985524053344644,-0.045790684057499,0.118516105230888,0.11224743352786,0.985524053344644,-0.045790684057499,0.118516105230888,0.11224743352786,0.985530836244042,-0.045780330321216,0.118512208174132,0.112196206181366,0.985530836244042,-0.045780330321216,0.118512208174132,0.112196206181366,0.98552536490868,-0.0457886841210952,0.118515303899418,0.112237579578772,0.985524053344644,-0.045790684057499,0.118516105230888,0.11224743352786,0.985530836244042,-0.045780330321216,0.118512208174132,0.112196206181366,0.985530836244042,-0.045780330321216,0.118512208174132,0.112196206181366,0.98552536490868,-0.0457886841210952,0.118515303899418,0.112237579578772,0.985538330081342,-0.0231699070591731,-0.04515301232274,0.161674242925494,0.920277999545532,-0.241424218498196,0.190027650668225,0.242264818445694,0.901495404944834,-0.22290758298561,0.289943626360744,0.231410755678393,0.943764639334705,-0.164608685315618,0.0779074909447229,0.275939683834702,0.985193006950149,-0.0391858250145577,0.0205597645130075,0.165639688050967,0.9798889834936,-0.0318850540558865,0.0671053390137825,0.185196643683353,0.990852752628469,-0.0207503401676588,-0.0166939068226906,0.132293459651287,0.990852752628469,-0.0207503401676588,-0.0166939068226906,0.132293459651287
935,1705,0.985377210825275,-0.0459862325508481,0.118664194190423,0.113295312432237,0.985377210825275,-0.0459862325508481,0.118664194190423,0.113295312432237,0.99013462194202,-0.0401688512890802,0.0684314914961986,0.115486037205606,0.990138150018376,-0.0401628949773332,0.0683804246466018,0.115488108783453,0.985377210825275,-0.0459862325508481,0.118664194190423,0.113295312432237,0.966384787511202,-0.0581504891277642,0.226163394614581,0.107559667243538,0.985377210825275,-0.0459862325508481,0.118664194190423,0.113295312432237,0.985377210825275,-0.0459862325508481,0.118664194190423,0.113295312432237,0.985384922454251,-0.0459759388538379,0.118656598543641,0.113240360598116,0.985384922454251,-0.0459759388538379,0.118656598543641,0.113240360598116,0.985378698229021,-0.0459842573397552,0.118662705993221,0.113284735775647,0.985377210825275,-0.0459862325508481,0.118664194190423,0.113295312432237,0.985384922454251,-0.0459759388538379,0.118656598543641,0.113240360598116,0.985384922454251,-0.0459759388538379,0.118656598543641,0.113240360598116,0.985378698229021,-0.0459842573397552,0.118662705993221,0.113284735775647,0.98515371103146,-0.0204021972055546,-0.0493450737629687,0.163159368978477,0.918528883712178,-0.243608915119744,0.189806827049176,0.246845608966751,0.900075318237439,-0.221307637174335,0.289665754381453,0.238707146869777,0.941805410030895,-0.163184186656481,0.0839309084791896,0.281654209028836,0.984924492007085,-0.0397491157668471,0.0210706341210171,0.167032275977065,0.979775613399041,-0.03200886703003,0.0672710367631287,0.185714262868527,0.990849164266806,-0.0208814100092189,-0.0167280485139783,0.132295399695954,0.990849164266806,-0.0208814100092189,-0.0167280485139783,0.132295399695954
936,1706,0.985214945611158,-0.0462018283709295,0.118839721214341,0.114429116317851,0.985214945611158,-0.0462018283709295,0.118839721214341,0.114429116317851,0.989981487148814,-0.0403265457241427,0.0686150384137636,0.11662933300015,0.98998502469191,-0.0403205304460524,0.0685639794619371,0.116631412709656,0.985214945611158,-0.0462018283709295,0.118839721214341,0.114429116317851,0.966204226925294,-0.0584892984728839,0.226320039469762,0.108662935586386,0.985214945611158,-0.0462018283709295,0.118839721214341,0.114429116317851,0.985214945611158,-0.0462018283709295,0.118839721214341,0.114429116317851,0.98522348017599,-0.0461905355673285,0.118830569387203,0.114369682665588,0.98522348017599,-0.0461905355673285,0.118830569387203,0.114369682665588,0.985216590038871,-0.0461996529837352,0.11883795189415,0.114417673311274,0.985214945611158,-0.0462018283709295,0.118839721214341,0.114429116317851,0.98522348017599,-0.0461905355673285,0.118830569387203,0.114369682665588,0.98522348017599,-0.0461905355673285,0.118830569387203,0.114369682665588,0.985216590038871,-0.0461996529837352,0.11883795189415,0.114417673311274,0.984712769107862,-0.0175693206451849,-0.0534253448237008,0.164856949682026,0.917094172684847,-0.244823787588543,0.188887277972322,0.251637015716097,0.898427924321843,-0.222459652452228,0.285267915971127,0.248920035246398,0.93817040792705,-0.165640819630656,0.0915794997461681,0.289849270808671,0.984618323835116,-0.0403581958820244,0.0215699251475918,0.168620018747484,0.979655904925163,-0.032112677369331,0.0674491183360901,0.186262450142579,0.990841502409742,-0.0210291221829555,-0.0167701441904904,0.132324054451373,0.990841502409742,-0.0210291221829555,-0.0167701441904904,0.132324054451373
937,1707,0.985043900182401,-0.0463794910934655,0.118962448446664,0.115695260831768,0.985043900182401,-0.0463794910934655,0.118962448446664,0.115695260831768,0.989816900069166,-0.0404396301983413,0.0687463000055018,0.117902870543686,0.989820444382373,-0.0404335492366745,0.0686952495421734,0.117904956083895,0.985043900182401,-0.0463794910934655,0.118962448446664,0.115695260831768,0.966020737860825,-0.058804938202431,0.226423239641625,0.109901909974431,0.985043900182401,-0.0463794910934655,0.118962448446664,0.115695260831768,0.985043900182401,-0.0463794910934655,0.118962448446664,0.115695260831768,0.985052922289813,-0.0463700453438058,0.118955859697403,0.115628986965918,0.985052922289813,-0.0463700453438058,0.118955859697403,0.115628986965918,0.985045635418841,-0.0463776931044104,0.118961204487679,0.115682485932164,0.985043900182401,-0.0463794910934655,0.118962448446664,0.115695260831768,0.985052922289813,-0.0463700453438058,0.118955859697403,0.115628986965918,0.985052922289813,-0.0463700453438058,0.118955859697403,0.115628986965918,0.985045635418841,-0.0463776931044104,0.118961204487679,0.115682485932164,0.984190832407112,-0.0147955946030737,-0.0574000012906156,0.166897380560557,0.91605023070167,-0.244974357164942,0.187210753270595,0.256498875285831,0.899315716284095,-0.220222514713689,0.27720733302001,0.256689269307343,0.935875153668667,-0.166640521615674,0.098743910097236,0.294309825727947,0.984283521744299,-0.0409922409818408,0.021993372557174,0.170358083358223,0.979539189894803,-0.0322265098661665,0.0676626233110768,0.186778470195958,0.990833609956622,-0.0211981788396168,-0.0168223219089232,0.132349552624115,0.990833609956622,-0.0211981788396168,-0.0168223219089232,0.132349552624115
938,1708,0.984869542584512,-0.0465380494911778,0.118976528399241,0.117093038772576,0.984869542584512,-0.0465380494911778,0.118976528399241,0.117093038772576,0.989643483372149,-0.0405269450937461,0.0687692230550783,0.119306900474398,0.989647028867856,-0.0405207917183176,0.0687181815357845,0.119308990516055,0.984869542584512,-0.0465380494911778,0.118976528399241,0.117093038772576,0.965845888620963,-0.0591160455302025,0.226418085970496,0.111273819653638,0.984869542584512,-0.0465380494911778,0.118976528399241,0.117093038772576,0.984869542584512,-0.0465380494911778,0.118976528399241,0.117093038772576,0.984878763166583,-0.0465296517186743,0.118975501196483,0.117019842289444,0.984878763166583,-0.0465296517186743,0.118975501196483,0.117019842289444,0.98487131349093,-0.0465364463982289,0.118976376365396,0.117078934425603,0.984869542584512,-0.0465380494911778,0.118976528399241,0.117093038772576,0.984878763166583,-0.0465296517186743,0.118975501196483,0.117019842289444,0.984878763166583,-0.0465296517186743,0.118975501196483,0.117019842289444,0.98487131349093,-0.0465364463982289,0.118976376365396,0.117078934425603,0.983579878201659,-0.0121946188941487,-0.0612864165220435,0.169310039917079,0.915413182926981,-0.243995303440304,0.184851572548433,0.26137117773186,0.902135698226151,-0.214168132053932,0.270259524594143,0.259312519105216,0.936634194184903,-0.16228081614285,0.0980072187720643,0.294577507736374,0.983934253257803,-0.0416237397711725,0.0223244476416147,0.172169882938243,0.979418549271266,-0.032339104552852,0.067922689587385,0.187296545348023,0.990820558481185,-0.0213937843095649,-0.0169122079767637,0.132404320568849,0.990820558481185,-0.0213937843095649,-0.0169122079767637,0.132404320568849
939,1709,0.984680433491443,-0.0467506451495879,0.118915091467943,0.118650841119532,0.984680433491443,-0.0467506451495879,0.118915091467943,0.118650841119532,0.989451496284955,-0.0406600945739472,0.0687174765193547,0.120873494321596,0.98945503911206,-0.0406538604003693,0.0686664449019734,0.12087559122843,0.984680433491443,-0.0467506451495879,0.118915091467943,0.118650841119532,0.965664670598135,-0.0594984376003991,0.226336252152237,0.112798851250297,0.984680433491443,-0.0467506451495879,0.118915091467943,0.118650841119532,0.984680433491443,-0.0467506451495879,0.118915091467943,0.118650841119532,0.984690414337995,-0.0467395985285874,0.118918119727988,0.118569298895681,0.984690414337995,-0.0467395985285874,0.118918119727988,0.118569298895681,0.984682354755323,-0.0467485037528831,0.118915705822284,0.118635123547655,0.984680433491443,-0.0467506451495879,0.118915091467943,0.118650841119532,0.984690414337995,-0.0467395985285874,0.118918119727988,0.118569298895681,0.984690414337995,-0.0467395985285874,0.118918119727988,0.118569298895681,0.984682354755323,-0.0467485037528831,0.118915705822284,0.118635123547655,0.982881455997896,-0.00982110370110065,-0.0650816695936112,0.172081276321556,0.915228310972648,-0.241853671354064,0.181747105412183,0.2661426875212,0.904480173748707,-0.210496117233992,0.261883737617439,0.262724014693067,0.937008416671176,-0.159255453689686,0.0931810271479486,0.296597747356788,0.983578610682573,-0.0422224027249994,0.0225543485375688,0.174016340261233,0.9792884433608,-0.0324808652970574,0.0682339840856017,0.187838391989873,0.99081075878372,-0.0215770568324023,-0.0169899136112114,0.132437961825009,0.99081075878372,-0.0215770568324023,-0.0169899136112114,0.132437961825009
940,1710,0.984460035809288,-0.0471292345226883,0.118877248150545,0.120355610670358,0.984460035809288,-0.0471292345226883,0.118877248150545,0.120355610670358,0.989229460129812,-0.0409515540116157,0.0686908832724655,0.122595301665941,0.989233001585651,-0.0409452310344531,0.0686398631067612,0.122597413602672,0.984460035809288,-0.0471292345226883,0.118877248150545,0.120355610670358,0.965449762126504,-0.0600619596818452,0.226274433030662,0.114451731160808,0.984460035809288,-0.0471292345226883,0.118877248150545,0.120355610670358,0.984460035809288,-0.0471292345226883,0.118877248150545,0.120355610670358,0.984471634178287,-0.0471097565148362,0.118879301322773,0.120266304742668,0.984471634178287,-0.0471097565148362,0.118879301322773,0.120266304742668,0.984462274379048,-0.0471254279492358,0.118877634584552,0.120338407670265,0.984460035809288,-0.0471292345226883,0.118877248150545,0.120355610670358,0.984471634178287,-0.0471097565148362,0.118879301322773,0.120266304742668,0.984471634178287,-0.0471097565148362,0.118879301322773,0.120266304742668,0.984462274379048,-0.0471254279492358,0.118877634584552,0.120338407670265,0.982112094486517,-0.00770590157451464,-0.0687749542155896,0.17511841312916,0.915508309027538,-0.238661810914527,0.177872276504131,0.270640960247659,0.906683443065908,-0.208111823130171,0.252401870730024,0.266285370975522,0.937244846387908,-0.156997582234554,0.0857535316892087,0.299282790842773,0.983218890880539,-0.0427698903601589,0.0226524946946864,0.175892619453831,0.979134534229701,-0.0326378409493232,0.0686268615138485,0.188469331976617,0.990796985404021,-0.0217486269561105,-0.0170830518073642,0.132500944452387,0.990796985404021,-0.0217486269561105,-0.0170830518073642,0.132500944452387
941,1711,0.984214525688542,-0.0477120147127582,0.118871295502056,0.122126762756535,0.984214525688542,-0.0477120147127582,0.118871295502056,0.122126762756535,0.988983964753024,-0.0414435666628729,0.0686974157596106,0.12439378325142,0.988987506546105,-0.041437150927341,0.0686464082554618,0.124395920561593,0.984214525688542,-0.0477120147127582,0.118871295502056,0.122126762756535,0.965206390791474,-0.06083572778736,0.226241553756056,0.116148167243068,0.984214525688542,-0.0477120147127582,0.118871295502056,0.122126762756535,0.984214525688542,-0.0477120147127582,0.118871295502056,0.122126762756535,0.984227472054914,-0.0476819061915962,0.11887170677611,0.122033751079218,0.984227472054914,-0.0476819061915962,0.11887170677611,0.122033751079218,0.98421702073376,-0.0477061496927067,0.118871361013394,0.122108881373479,0.984214525688542,-0.0477120147127582,0.118871295502056,0.122126762756535,0.984227472054914,-0.0476819061915962,0.11887170677611,0.122033751079218,0.984227472054914,-0.0476819061915962,0.11887170677611,0.122033751079218,0.98421702073376,-0.0477061496927067,0.118871361013394,0.122108881373479,0.981309690480701,-0.00572471552007863,-0.0723830709755609,0.178211138925241,0.916268317857918,-0.234569555937391,0.173185576550964,0.274656602308894,0.910519832878354,-0.202669451851929,0.242506898833809,0.266587942786658,0.939032980183177,-0.152414787974993,0.0779296103873055,0.298184121575448,0.982847732397174,-0.0432317566620232,0.0226475108263905,0.177843865204898,0.978954691233878,-0.0328573751979147,0.0691184816423127,0.189184409774555,0.990784366315352,-0.0218995817723741,-0.0171413614955206,0.132562896427925,0.990784366315352,-0.0218995817723741,-0.0171413614955206,0.132562896427925
942,1712,0.983958450730633,-0.0484019038333973,0.118861193093481,0.12391545390898,0.983958450730633,-0.0484019038333973,0.118861193093481,0.12391545390898,0.988727707290739,-0.0420416584483575,0.0687003407810504,0.126215224783216,0.988731249235022,-0.042035148770143,0.0686493464935227,0.126217392937891,0.983958450730633,-0.0484019038333973,0.118861193093481,0.12391545390898,0.964952974262844,-0.0617178831309582,0.22620338956153,0.117850273287759,0.983958450730633,-0.0484019038333973,0.118861193093481,0.12391545390898,0.983958450730633,-0.0484019038333973,0.118861193093481,0.12391545390898,0.98397199835956,-0.0483659086761414,0.118861730441536,0.123821380862391,0.98397199835956,-0.0483659086761414,0.118861730441536,0.123821380862391,0.983961055012371,-0.0483949472015392,0.118861297017198,0.123897390512033,0.983958450730633,-0.0484019038333973,0.118861193093481,0.12391545390898,0.98397199835956,-0.0483659086761414,0.118861730441536,0.123821380862391,0.98397199835956,-0.0483659086761414,0.118861730441536,0.123821380862391,0.983961055012371,-0.0483949472015392,0.118861297017198,0.123897390512033,0.980502225314528,-0.00382084579980863,-0.0758690308477919,0.181231005760189,0.917496540805675,-0.229624206479506,0.167748012718891,0.278088880822556,0.915461378935472,-0.195033014494865,0.231587676146002,0.265065529995705,0.941690220444638,-0.146372237169156,0.0701563737950484,0.29474188728607,0.982465954655675,-0.0435688198546981,0.0225792057369705,0.179868244410371,0.978775118513597,-0.0331261005049895,0.0696693422304142,0.189863402469272,0.990775638192307,-0.0220182804687812,-0.0171258786086437,0.132610461019132,0.990775638192307,-0.0220182804687812,-0.0171258786086437,0.132610461019132
943,1713,0.983707104756559,-0.0490977130164554,0.118786703804766,0.125695925261006,0.983707104756559,-0.0490977130164554,0.118786703804766,0.125695925261006,0.988472900397521,-0.0426460803967402,0.0686387217905935,0.128028758009524,0.988476439164107,-0.04263947718371,0.0685877406449588,0.128030957335195,0.983707104756559,-0.0490977130164554,0.118786703804766,0.125695925261006,0.964711329266932,-0.0626050200052394,0.226101747302762,0.119543559093789,0.983707104756559,-0.0490977130164554,0.118786703804766,0.125695925261006,0.983707104756559,-0.0490977130164554,0.118786703804766,0.125695925261006,0.983720445824302,-0.049061127584684,0.118790466777281,0.125602210291828,0.983720445824302,-0.049061127584684,0.118790466777281,0.125602210291828,0.983709662757752,-0.0490906862770608,0.118787451970955,0.12567794226564,0.983707104756559,-0.0490977130164554,0.118786703804766,0.125695925261006,0.983720445824302,-0.049061127584684,0.118790466777281,0.125602210291828,0.983720445824302,-0.049061127584684,0.118790466777281,0.125602210291828,0.983709662757752,-0.0490906862770608,0.118787451970955,0.12567794226564,0.97971682269299,-0.00190023493064603,-0.0791478017752814,0.184084116407964,0.919175802854994,-0.223812987782591,0.161611127754324,0.280901109523765,0.920327366361178,-0.187819769732009,0.21917734208961,0.263974554718911,0.944022820048294,-0.141018405126719,0.0621456658732893,0.291672146179146,0.982095677281118,-0.0437146629028721,0.0224644412582902,0.181858345400981,0.978610757632381,-0.0334087352042306,0.0702585977296395,0.190443090983357,0.990770059982212,-0.0220914341786599,-0.0170449599624518,0.132650390571047,0.990770059982212,-0.0220914341786599,-0.0170449599624518,0.132650390571047
944,1714,0.983471332405811,-0.0497007187817858,0.118656820915361,0.127414817579323,0.983471332405811,-0.0497007187817858,0.118656820915361,0.127414817579323,0.988230831759465,-0.0431609484588605,0.0685209892937741,0.129776075277109,0.988234364454253,-0.0431542551262595,0.0684700206331242,0.12977830115507,0.983471332405811,-0.0497007187817858,0.118656820915361,0.127414817579323,0.964491247177865,-0.0633931520258837,0.225946756850124,0.121185830287297,0.983471332405811,-0.0497007187817858,0.118656820915361,0.127414817579323,0.983471332405811,-0.0497007187817858,0.118656820915361,0.127414817579323,0.983483876248235,-0.0496687436573038,0.118663513849688,0.127324198580228,0.983483876248235,-0.0496687436573038,0.118663513849688,0.127324198580228,0.983473732567975,-0.0496946193051174,0.118658129260517,0.127397451000127,0.983471332405811,-0.0497007187817858,0.118656820915361,0.127414817579323,0.983483876248235,-0.0496687436573038,0.118663513849688,0.127324198580228,0.983483876248235,-0.0496687436573038,0.118663513849688,0.127324198580228,0.983473732567975,-0.0496946193051174,0.118658129260517,0.127397451000127,0.978967121052826,3.87418759442122e-05,-0.0822206814771769,0.18671672108849,0.921253290551601,-0.217108932279624,0.154867206069404,0.283147019508428,0.925047193423951,-0.180968804628806,0.20565556473651,0.263142110621997,0.946103348228241,-0.136170302273709,0.0538049796945715,0.28887908787253,0.981744378536886,-0.0437060732034291,0.0223288403257607,0.183763917203751,0.978443426714715,-0.0337657743487648,0.0708972497794999,0.191002390495769,0.990763203501167,-0.0221677127139587,-0.016921692924041,0.132704647280042,0.990763203501167,-0.0221677127139587,-0.016921692924041,0.132704647280042
945,1715,0.983257715902918,-0.05018325755449,0.118495060360066,0.129014826469132,0.983257715902918,-0.05018325755449,0.118495060360066,0.129014826469132,0.988009270233965,-0.043561547163191,0.0683702943105288,0.131398540313009,0.988012795156867,-0.0435547701504964,0.0683193370772416,0.131400786849919,0.983257715902918,-0.05018325755449,0.118495060360066,0.129014826469132,0.964296687817341,-0.0640484896155737,0.225762514773523,0.122723167191872,0.983257715902918,-0.05018325755449,0.118495060360066,0.129014826469132,0.983257715902918,-0.05018325755449,0.118495060360066,0.129014826469132,0.983269098711566,-0.0501575356628103,0.118503492051619,0.128930304842389,0.983269098711566,-0.0501575356628103,0.118503492051619,0.128930304842389,0.983259890321211,-0.0501783718969299,0.118496692767244,0.128998654576392,0.983257715902918,-0.05018325755449,0.118495060360066,0.129014826469132,0.983269098711566,-0.0501575356628103,0.118503492051619,0.128930304842389,0.983269098711566,-0.0501575356628103,0.118503492051619,0.128930304842389,0.983259890321211,-0.0501783718969299,0.118496692767244,0.128998654576392,0.978260190684161,0.00193725339267017,-0.085063900195845,0.189122656642064,0.92365227464717,-0.209478238536032,0.147594934537432,0.28495802922157,0.929995508863662,-0.173085919447131,0.191843564298011,0.261430038098138,0.948510575175364,-0.130353763748332,0.0449809787537818,0.285153110815044,0.981418677892973,-0.0436758363088182,0.0221650743621777,0.185522261424481,0.978270051279765,-0.0341500456568546,0.0715948056264014,0.191561125905127,0.99075577348574,-0.0222269677400517,-0.0167841245034866,0.132767663135292,0.99075577348574,-0.0222269677400517,-0.0167841245034866,0.132767663135292
946,1716,0.983067287507255,-0.0505349575618451,0.118359368031338,0.13044533834742,0.983067287507255,-0.0505349575618451,0.118359368031338,0.13044533834742,0.987812191702686,-0.04384009045028,0.0682444553878547,0.132845077822483,0.987815710135637,-0.0438332388312168,0.0681935083191726,0.132847338723498,0.983067287507255,-0.0505349575618451,0.118359368031338,0.13044533834742,0.964122313415006,-0.0645551652083545,0.225606729826366,0.124106401435512,0.983067287507255,-0.0505349575618451,0.118359368031338,0.13044533834742,0.983067287507255,-0.0505349575618451,0.118359368031338,0.13044533834742,0.983077436424342,-0.0505160894586945,0.118366581260894,0.130369594383637,0.983077436424342,-0.0505160894586945,0.118366581260894,0.130369594383637,0.983069224611568,-0.0505313922731809,0.11836074261268,0.130430872973847,0.983067287507255,-0.0505349575618451,0.118359368031338,0.13044533834742,0.983077436424342,-0.0505160894586945,0.118366581260894,0.130369594383637,0.983077436424342,-0.0505160894586945,0.118366581260894,0.130369594383637,0.983069224611568,-0.0505313922731809,0.11836074261268,0.130430872973847,0.977606558843684,0.00372753070978536,-0.0876361177313818,0.191288871839398,0.926279427757556,-0.200945293661565,0.139828128250837,0.286488228760396,0.934945739092751,-0.164502077423203,0.177908497445034,0.259160371223324,0.951054212451289,-0.123765442566278,0.0356490320976322,0.28090415930622,0.981128180816927,-0.0436640256210764,0.0219271478518609,0.187083259166905,0.978091879891112,-0.0345549906746806,0.0723255103613963,0.192123001385851,0.990749485407482,-0.0222744167752223,-0.0166054422981011,0.132829088712591,0.990749485407482,-0.0222744167752223,-0.0166054422981011,0.132829088712591
947,1717,0.982902967535986,-0.0508034820793856,0.118279517373423,0.131646186376485,0.982902967535986,-0.0508034820793856,0.118279517373423,0.131646186376485,0.987644025870338,-0.0440472378307597,0.0681730590759201,0.134058021089165,0.987647540621206,-0.0440403236531793,0.0681221206805818,0.134060292672311,0.982902967535986,-0.0508034820793856,0.118279517373423,0.131646186376485,0.96396775681763,-0.0649539460763703,0.225509316076131,0.125270495600403,0.982902967535986,-0.0508034820793856,0.118279517373423,0.131646186376485,0.982902967535986,-0.0508034820793856,0.118279517373423,0.131646186376485,0.982911731841889,-0.0507891145560534,0.118283875485903,0.131582362230756,0.982911731841889,-0.0507891145560534,0.118283875485903,0.131582362230756,0.982904637820052,-0.0508007615792613,0.118280330554173,0.131634034272279,0.982902967535986,-0.0508034820793856,0.118279517373423,0.131646186376485,0.982911731841889,-0.0507891145560534,0.118283875485903,0.131582362230756,0.982911731841889,-0.0507891145560534,0.118283875485903,0.131582362230756,0.982904637820052,-0.0508007615792613,0.118280330554173,0.131634034272279,0.97700764768589,0.00536234073504013,-0.0899193283927428,0.193240306474925,0.929023297674412,-0.191527962691837,0.131615014025473,0.287941382868719,0.939698791926749,-0.155572123699526,0.163892539068517,0.256715271101475,0.953527272650558,-0.116756150746468,0.0260830255626786,0.276538274660041,0.980881395199114,-0.0436214674496958,0.0216994401272546,0.188409103888159,0.977931349700581,-0.0349375728625808,0.073051030284306,0.192595919608057,0.990745832333302,-0.0223277933191916,-0.0163751852415514,0.132875952180943,0.990745832333302,-0.0223277933191916,-0.0163751852415514,0.132875952180943
948,1718,0.982762618489318,-0.0510137557019346,0.118269609375364,0.132617992472368,0.982762618489318,-0.0510137557019346,0.118269609375364,0.132617992472368,0.987503354647214,-0.0442078500820762,0.0681702967741967,0.135039257956116,0.987506869255802,-0.0442008852964304,0.0681193656340607,0.135041537821625,0.982762618489318,-0.0510137557019346,0.118269609375364,0.132617992472368,0.963829344843324,-0.0652696743504659,0.225484054470978,0.126213330549518,0.982762618489318,-0.0510137557019346,0.118269609375364,0.132617992472368,0.982762618489318,-0.0510137557019346,0.118269609375364,0.132617992472368,0.982770100893455,-0.0510025250302805,0.118270325898435,0.132566214558168,0.982770100893455,-0.0510025250302805,0.118270325898435,0.132566214558168,0.982764043712092,-0.0510116260214003,0.118269717192408,0.132608153567336,0.982762618489318,-0.0510137557019346,0.118269609375364,0.132617992472368,0.982770100893455,-0.0510025250302805,0.118270325898435,0.132566214558168,0.982770100893455,-0.0510025250302805,0.118270325898435,0.132566214558168,0.982764043712092,-0.0510116260214003,0.118269717192408,0.132608153567336,0.976477866512094,0.00690124216512129,-0.0918909714192997,0.194934343921703,0.931803698216232,-0.181278921879436,0.122944973162617,0.289420721522884,0.944338803140478,-0.1459045212292,0.149872620387052,0.253917886779184,0.956008777233489,-0.109114315973517,0.016875879562254,0.271765502945389,0.98068745743029,-0.0434833917246421,0.021506955870126,0.18946967127283,0.977786709048335,-0.0353459444062272,0.0737487102278215,0.192989490807637,0.990737071238074,-0.0223354649103828,-0.0161317918965638,0.132969725772618,0.990737071238074,-0.0223354649103828,-0.0161317918965638,0.132969725772618
949,1719,0.982646132966842,-0.0512054693482209,0.1183116735169,0.133367631694388,0.982646132966842,-0.0512054693482209,0.1183116735169,0.133367631694388,0.987389157464572,-0.0443612174225726,0.0682182266440723,0.135797671790531,0.987392674545322,-0.0443542135210961,0.0681673013936575,0.13579995956504,0.982646132966842,-0.0512054693482209,0.1183116735169,0.133367631694388,0.963708944315919,-0.0655425559047402,0.225513071396216,0.126937380784446,0.982646132966842,-0.0512054693482209,0.1183116735169,0.133367631694388,0.982646132966842,-0.0512054693482209,0.1183116735169,0.133367631694388,0.982652347712839,-0.0511953229830819,0.118309608104167,0.133327563051837,0.982652347712839,-0.0511953229830819,0.118309608104167,0.133327563051837,0.982647315139022,-0.051203531074445,0.118311254322593,0.133360037328257,0.982646132966842,-0.0512054693482209,0.1183116735169,0.133367631694388,0.982652347712839,-0.0511953229830819,0.118309608104167,0.133327563051837,0.982652347712839,-0.0511953229830819,0.118309608104167,0.133327563051837,0.982647315139022,-0.051203531074445,0.118311254322593,0.133360037328257,0.976023142961422,0.00830151296868443,-0.0935275962878976,0.196373363821946,0.934567014797878,-0.17011570262934,0.113836926514558,0.291009100772517,0.948782526810582,-0.1355327878926,0.135959108788394,0.250913732112161,0.95843874075109,-0.100874759021453,0.00826696262673008,0.266741673813368,0.980553173147207,-0.043258593699346,0.0214121456134988,0.190225362983816,0.977667535785359,-0.0357244377462981,0.0744127586382261,0.193268454153656,0.99072825475525,-0.022309685331946,-0.0159247908919412,0.133064661744029,0.99072825475525,-0.022309685331946,-0.0159247908919412,0.133064661744029
950,1720,0.982582917742303,-0.0514272136443672,0.118411820948586,0.133658864717009,0.982582917742303,-0.0514272136443672,0.118411820948586,0.133658864717009,0.987331113677876,-0.0445678739625951,0.0683214574123196,0.136099798056857,0.987334636082889,-0.0445608544785091,0.0682705351554089,0.136102096489394,0.982582917742303,-0.0514272136443672,0.118411820948586,0.133658864717009,0.963635112988372,-0.0657949429618713,0.225605670574179,0.127202499587497,0.982582917742303,-0.0514272136443672,0.118411820948586,0.133658864717009,0.982582917742303,-0.0514272136443672,0.118411820948586,0.133658864717009,0.982586393413519,-0.0514156193293465,0.118406710809055,0.133642300200847,0.982586393413519,-0.0514156193293465,0.118406710809055,0.133642300200847,0.982583562463327,-0.0514249768577099,0.118410815372327,0.133655876544663,0.982582917742303,-0.0514272136443672,0.118411820948586,0.133658864717009,0.982586393413519,-0.0514156193293465,0.118406710809055,0.133642300200847,0.982586393413519,-0.0514156193293465,0.118406710809055,0.133642300200847,0.982583562463327,-0.0514249768577099,0.118410815372327,0.133655876544663,0.975627130169287,0.00980245159554586,-0.0949864132096364,0.197568206262864,0.937336896042267,-0.157830469146185,0.10458448844585,0.292491317996727,0.952792723813856,-0.12478265592746,0.122129453040085,0.248394265085151,0.960587981702122,-0.0923404079168492,0.000554312133518628,0.262190143241986,0.98049056713055,-0.04311532248142,0.0215029622233075,0.190570037915092,0.977597638978473,-0.0361305348740297,0.0750858485639737,0.193286202453409,0.990730080390478,-0.0222614583434826,-0.0157350085463508,0.133081722215879,0.990730080390478,-0.0222614583434826,-0.0157350085463508,0.133081722215879
951,1721,0.982508191166948,-0.0515824705780623,0.118462097359048,0.134103074193733,0.982508191166948,-0.0515824705780623,0.118462097359048,0.134103074193733,0.987259038845499,-0.0447003544128339,0.0683754666434848,0.136551324030613,0.987262564036166,-0.0446933116408617,0.0683245481038029,0.136553629295304,0.982508191166948,-0.0515824705780623,0.118462097359048,0.134103074193733,0.963555316920216,-0.0659980451445436,0.225647436182279,0.127626971351064,0.982508191166948,-0.0515824705780623,0.118462097359048,0.134103074193733,0.982508191166948,-0.0515824705780623,0.118462097359048,0.134103074193733,0.982512107097571,-0.0515741283207373,0.118459328732932,0.134080036287253,0.982512107097571,-0.0515741283207373,0.118459328732932,0.134080036287253,0.982508946013607,-0.051580895700316,0.118461584675848,0.134098602371803,0.982508191166948,-0.0515824705780623,0.118462097359048,0.134103074193733,0.982512107097571,-0.0515741283207373,0.118459328732932,0.134080036287253,0.982512107097571,-0.0515741283207373,0.118459328732932,0.134080036287253,0.982508946013607,-0.051580895700316,0.118461584675848,0.134098602371803,0.97538646794616,0.0110882269297494,-0.0958116346194951,0.198288728985309,0.939849197383391,-0.144925057808147,0.0948500901024207,0.294420913327609,0.956531570615843,-0.113407081294876,0.108470445922839,0.245805513950902,0.962646802373831,-0.0835337438662958,-0.00544215976870086,0.257494913371448,0.980429517526432,-0.0429649232090851,0.021664852377828,0.19089947801912,0.977521682488387,-0.0364497249105898,0.0756967870344159,0.193372113428182,0.990717831870487,-0.0221529161645093,-0.0155307364701774,0.133214947149124,0.990717831870487,-0.0221529161645093,-0.0155307364701774,0.133214947149124
952,1722,0.982448010339259,-0.0516167413991887,0.118454876736121,0.134536467789189,0.982448010339259,-0.0516167413991887,0.118454876736121,0.134536467789189,0.987198568819197,-0.0447125547911139,0.0683713138930843,0.136985899281327,0.987202093795764,-0.0447054896056588,0.0683203984721841,0.136988205174682,0.982448010339259,-0.0516167413991887,0.118454876736121,0.134536467789189,0.963496293105759,-0.0660797052074803,0.22563365000283,0.128053979702135,0.982448010339259,-0.0516167413991887,0.118454876736121,0.134536467789189,0.982448010339259,-0.0516167413991887,0.118454876736121,0.134536467789189,0.982451220176969,-0.051614611007868,0.118455099938786,0.134513646897936,0.982451220176969,-0.051614611007868,0.118455099938786,0.134513646897936,0.982448620652934,-0.0516163829924633,0.118454943930896,0.134532089265912,0.982448010339259,-0.0516167413991887,0.118454876736121,0.134536467789189,0.982451220176969,-0.051614611007868,0.118455099938786,0.134513646897936,0.982451220176969,-0.051614611007868,0.118455099938786,0.134513646897936,0.982448620652934,-0.0516163829924633,0.118454943930896,0.134532089265912,0.975270216563906,0.0123252841833533,-0.0962107588594204,0.19859401283243,0.942139314760998,-0.131195859150813,0.0848337142518512,0.296587928024039,0.95991780323063,-0.100990055258147,0.095083898339675,0.243552606342793,0.964566614155242,-0.0739456752711372,-0.00971511912853791,0.253078842312246,0.980380130338311,-0.0429420816590171,0.0219174763431098,0.191129280570444,0.977467601516305,-0.0367421952682507,0.0762555972584017,0.193370584525147,0.990707772228344,-0.0220173914344677,-0.0153742253617391,0.133330333065282,0.990707772228344,-0.0220173914344677,-0.0153742253617391,0.133330333065282
953,1723,0.982406878867526,-0.0514561982970858,0.118339208609509,0.134999317465874,0.982406878867526,-0.0514561982970858,0.118339208609509,0.134999317465874,0.987151611955954,-0.0445286959717809,0.0682578856493571,0.13743999161268,0.987155131082456,-0.044521607366499,0.0682069726504348,0.137442288022807,0.982406878867526,-0.0514561982970858,0.118339208609509,0.134999317465874,0.963468113439982,-0.0659709646953688,0.225514164355502,0.128531660989047,0.982406878867526,-0.0514561982970858,0.118339208609509,0.134999317465874,0.982406878867526,-0.0514561982970858,0.118339208609509,0.134999317465874,0.982409102381351,-0.0514641192707333,0.118345003952986,0.13497503482246,0.982409102381351,-0.0514641192707333,0.118345003952986,0.13497503482246,0.982407297545372,-0.0514578002101033,0.118340366114548,0.134994645356814,0.982406878867526,-0.0514561982970858,0.118339208609509,0.134999317465874,0.982409102381351,-0.0514641192707333,0.118345003952986,0.13497503482246,0.982409102381351,-0.0514641192707333,0.118345003952986,0.13497503482246,0.982407297545372,-0.0514578002101033,0.118340366114548,0.134994645356814,0.975261089299868,0.0133305087038761,-0.0963896709873898,0.198487119386304,0.944229944610388,-0.11680449790505,0.0745625859256363,0.298708790882183,0.962678078921992,-0.0883417083188042,0.0823110274773442,0.242222116434486,0.966103272935594,-0.064034180845064,-0.012986720311407,0.249750745348614,0.980342920055688,-0.0430310374925602,0.0222215600158148,0.191264976353395,0.977433224427141,-0.0370160455261278,0.0768043152061472,0.193274937136932,0.990696635583842,-0.0218917820094048,-0.0152474768387597,0.133448269278253,0.990696635583842,-0.0218917820094048,-0.0152474768387597,0.133448269278253
954,1724,0.982378221684248,-0.0511468951479623,0.118170861676276,0.135472034486472,0.982378221684248,-0.0511468951479623,0.118170861676276,0.135472034486472,0.987114435990947,-0.0441957678646467,0.0680912127010171,0.137896378175914,0.987117946521246,-0.0441886557214099,0.0680403016196882,0.137898657414476,0.982378221684248,-0.0511468951479623,0.118170861676276,0.135472034486471,0.963458117946975,-0.0657154476205416,0.225343688509113,0.1290354871933,0.982378221684248,-0.0511468951479623,0.118170861676276,0.135472034486471,0.982378221684248,-0.0511468951479623,0.118170861676276,0.135472034486471,0.982379774559943,-0.0511627568153876,0.118179569854118,0.135447185720863,0.982379774559943,-0.0511627568153876,0.118179569854118,0.135447185720863,0.982378514164977,-0.0511500042884272,0.118172556927911,0.135467260832374,0.982378221684248,-0.0511468951479623,0.118170861676276,0.135472034486471,0.982379774559943,-0.0511627568153876,0.118179569854118,0.135447185720863,0.982379774559943,-0.0511627568153876,0.118179569854118,0.135447185720863,0.982378514164977,-0.0511500042884272,0.118172556927911,0.135467260832374,0.975336104794406,0.0139718238234884,-0.0964102837613004,0.198063949290593,0.946055948205088,-0.102012104912474,0.0642650709685059,0.300735222364309,0.964671112708745,-0.0761071762160738,0.0702736690089753,0.242237390750695,0.967112499864406,-0.0544912027898318,-0.0149049272634738,0.24799589627211,0.980318254766039,-0.0431653868825375,0.0225682754334149,0.191320520832737,0.977414705772357,-0.0372914238023167,0.0773286317114952,0.193106513013833,0.990686270982527,-0.0217529819874766,-0.0151311774811979,0.133561101108895,0.990686270982527,-0.0217529819874766,-0.0151311774811979,0.133561101108895
955,1725,0.982349476223465,-0.0507458434651154,0.118027348269417,0.135955547863956,0.982349476223465,-0.0507458434651154,0.118027348269417,0.135955547863956,0.987078433964906,-0.0437706610922899,0.0679493456731887,0.138358884252217,0.98708193717838,-0.0437635250956035,0.0678984364488735,0.138361141565039,0.982349476223465,-0.0507458434651154,0.118027348269417,0.135955547863956,0.963445307420633,-0.0653699226703252,0.225197886280465,0.129560120538884,0.982349476223465,-0.0507458434651154,0.118027348269417,0.135955547863956,0.982349476223465,-0.0507458434651154,0.118027348269417,0.135955547863956,0.98235100178714,-0.0507666896841956,0.118034960628414,0.135930131228364,0.98235100178714,-0.0507666896841956,0.118034960628414,0.135930131228364,0.982349768663192,-0.0507498851800636,0.118028800603644,0.135950665278436,0.982349476223465,-0.0507458434651154,0.118027348269417,0.135955547863956,0.98235100178714,-0.0507666896841956,0.118034960628414,0.135930131228364,0.98235100178714,-0.0507666896841956,0.118034960628414,0.135930131228364,0.982349768663192,-0.0507498851800636,0.118028800603644,0.135950665278436,0.975506262628079,0.0141800190712512,-0.0962408903296382,0.197292041555391,0.947504376302487,-0.087288056025366,0.0543884601706558,0.302750966246538,0.965961075101251,-0.0643835569174605,0.059056152261528,0.243487843367908,0.96765323429944,-0.0456520361232911,-0.014684886126037,0.247684201892443,0.980308566021126,-0.043299214731729,0.0229370239279745,0.191296069804235,0.977413034601248,-0.0375693967646223,0.077830162328957,0.192859446359699,0.990676384840553,-0.0216330431358007,-0.0150404838810618,0.133664115635282,0.990676384840553,-0.0216330431358007,-0.0150404838810618,0.133664115635282
956,1726,0.982317846317325,-0.0502816317505155,0.117912562480877,0.136455245132571,0.982317846317326,-0.0502816317505155,0.117912562480877,0.136455245132571,0.987041011231034,-0.043281653403713,0.0678363157337808,0.13883434335324,0.987044508614974,-0.0432744928856023,0.0677854084397148,0.13883657544458,0.982317846317325,-0.0502816317505155,0.117912562480877,0.136455245132571,0.963426474946185,-0.0649633970943623,0.225080321123555,0.130107776299669,0.982317846317325,-0.0502816317505155,0.117912562480877,0.136455245132571,0.982317846317325,-0.0502816317505155,0.117912562480877,0.136455245132571,0.982319516388381,-0.0503058852787894,0.117918683864912,0.136428991143313,0.982319516388381,-0.0503058852787894,0.117918683864912,0.136428991143313,0.982318167915606,-0.0502863144067501,0.117913725147258,0.136450199663506,0.982317846317325,-0.0502816317505155,0.117912562480877,0.136455245132571,0.982319516388381,-0.0503058852787894,0.117918683864912,0.136428991143313,0.982319516388381,-0.0503058852787894,0.117918683864912,0.136428991143313,0.982318167915606,-0.0502863144067501,0.117913725147258,0.136450199663506,0.975784968247482,0.0140321698295327,-0.0958953730335501,0.196088937431185,0.948526721622574,-0.0729522963103768,0.0450419746923094,0.304870860114233,0.966660929489626,-0.0538188735828648,0.0481888610667223,0.245658319447188,0.96779856308131,-0.0386940282733059,-0.0110208997094665,0.248489945960254,0.980317865793982,-0.0433923087293798,0.0233563389990831,0.191176544002726,0.977422560282249,-0.0378959882986608,0.0783468844031592,0.192537784412515,0.990666337118978,-0.0215080138368675,-0.0149787186509786,0.133765660121108,0.990666337118978,-0.0215080138368675,-0.0149787186509786,0.133765660121108
957,1727,0.982295811164361,-0.0496971748018566,0.117817179014392,0.136909614398529,0.982295811164361,-0.0496971748018566,0.117817179014392,0.136909614398529,0.987014156925946,-0.0426748595572311,0.0677421754132844,0.139258421863135,0.987017649454581,-0.0426676771678361,0.0676912695043696,0.139260622658171,0.982295811164361,-0.0496971748018566,0.117817179014392,0.136909614398529,0.963415048368684,-0.0644323755745787,0.224983094650969,0.130623583919048,0.982295811164361,-0.0496971748018566,0.117817179014392,0.136909614398529,0.982295811164361,-0.0496971748018566,0.117817179014392,0.136909614398529,0.982297010712507,-0.0497276110516135,0.117822255971005,0.136885585224579,0.982297010712507,-0.0497276110516135,0.117822255971005,0.136885585224579,0.982296037493564,-0.049703066338184,0.117818144807048,0.136905020635658,0.982295811164361,-0.0496971748018566,0.117817179014392,0.136909614398529,0.982297010712507,-0.0497276110516135,0.117822255971005,0.136885585224579,0.982297010712507,-0.0497276110516135,0.117822255971005,0.136885585224579,0.982296037493564,-0.049703066338184,0.117818144807048,0.136905020635658,0.976173872222702,0.0136864859395896,-0.0952746346138685,0.194473636494913,0.949190358727847,-0.0589362187698178,0.0357754889257783,0.307057485509373,0.96713940348965,-0.0444915828336455,0.0373316177067597,0.247524187896937,0.967853987770851,-0.0340600528343779,-0.00330663257415001,0.24917390982605,0.980343405395821,-0.0434267259846177,0.0237953602042411,0.19098352756176,0.977438838980277,-0.0382307415311165,0.078832668094994,0.192190366293147,0.990653796390102,-0.0213733143129568,-0.014945859813812,0.133883749602351,0.990653796390102,-0.0213733143129568,-0.014945859813812,0.133883749602351
958,1728,0.982292825101024,-0.0489826930920313,0.117631737319737,0.13734728212688,0.982292825101024,-0.0489826930920313,0.117631737319737,0.13734728212688,0.987001750107254,-0.0419390577947189,0.0675571251240639,0.139659212232778,0.987005233091832,-0.0419318547353104,0.0675062198552841,0.139661375077885,0.982292825101024,-0.0489826930920313,0.117631737319737,0.13734728212688,0.963432446111636,-0.0637702815798679,0.224798446723196,0.131137070721491,0.982292825101024,-0.0489826930920313,0.117631737319737,0.13734728212688,0.982292825101024,-0.0489826930920313,0.117631737319737,0.13734728212688,0.982293053147415,-0.0490199399307599,0.117641265500819,0.137324199902569,0.982293053147415,-0.0490199399307599,0.117641265500819,0.137324199902569,0.982292860868268,-0.0489898970070687,0.117633601831138,0.137342860020835,0.982292825101024,-0.0489826930920313,0.117631737319737,0.13734728212688,0.982293053147415,-0.0490199399307599,0.117641265500819,0.137324199902569,0.982293053147415,-0.0490199399307599,0.117641265500819,0.137324199902569,0.982292860868268,-0.0489898970070687,0.117633601831138,0.137342860020835,0.976671907565728,0.0134540537516149,-0.094202212387457,0.192501731397095,0.949657273037609,-0.0455067584918368,0.0266187957188671,0.308822988802347,0.967899585356449,-0.0347702231386022,0.0268879744104792,0.247464060182093,0.968227565733847,-0.030288926337167,0.00937824366255364,0.248052434860568,0.980373286217266,-0.0434510467353862,0.024316742960298,0.190758806404741,0.977459869302573,-0.0385455217092451,0.0793156356155661,0.191821470659722,0.990644202802376,-0.0212425811708125,-0.0149398772862572,0.133976177979216,0.990644202802376,-0.0212425811708125,-0.0149398772862572,0.133976177979216
959,1729,0.982317187681888,-0.0480947729533959,0.117336398806711,0.137738901964477,0.982317187681888,-0.0480947729533959,0.117336398806711,0.137738901964477,0.987011071356876,-0.0410323820076056,0.0672609301090347,0.140005199641301,0.987014539065014,-0.0410251611049048,0.0672100243599,0.140007315723626,0.982317187681888,-0.0480947729533959,0.117336398806711,0.137738901964477,0.963489096258478,-0.0629307411429016,0.22450757023139,0.131623835679651,0.982317187681888,-0.0480947729533959,0.117336398806711,0.137738901964477,0.982317187681888,-0.0480947729533959,0.117336398806711,0.137738901964477,0.982316007118128,-0.0481410325918522,0.117351645269415,0.137718170526075,0.982316007118128,-0.0481410325918522,0.117351645269415,0.137718170526075,0.982316949504803,-0.0481037244447572,0.117339371445598,0.137734942258214,0.982317187681888,-0.0480947729533959,0.117336398806711,0.137738901964477,0.982316007118128,-0.0481410325918522,0.117351645269415,0.137718170526075,0.982316007118128,-0.0481410325918522,0.117351645269415,0.137718170526075,0.982316949504803,-0.0481037244447572,0.117339371445598,0.137734942258214,0.977286639412763,0.0132897192467332,-0.092658874048765,0.190127696161465,0.950235945267296,-0.0335696257211332,0.0182656755005697,0.309178093741162,0.968642383286073,-0.0295190412575402,0.0122700962202907,0.246394002045214,0.968642383286073,-0.0295190412575402,0.0122700962202907,0.246394002045214,0.980406114345023,-0.0434501882849662,0.0248724501364598,0.190518485499715,0.977476021230676,-0.0388658566624346,0.0797859911928933,0.191479160000011,0.990629773925648,-0.0210975978184868,-0.0149627782169465,0.134103160463653,0.990629773925648,-0.0210975978184868,-0.0149627782169465,0.134103160463653
960,1730,0.982361987088276,-0.0470321971956328,0.116938638687162,0.138124051247125,0.982361987088276,-0.0470321971956328,0.116938638687162,0.138124051247125,0.987035597697378,-0.0399516051586056,0.0668614071958763,0.140335848418066,0.987039044799861,-0.0399443672039428,0.066810500182313,0.140337908758268,0.982361987088276,-0.0470321971956328,0.116938638687162,0.138124051247125,0.963577307849521,-0.0619168909336054,0.224117136095174,0.132123350408183,0.982361987088276,-0.0470321971956328,0.116938638687162,0.138124051247125,0.982361987088276,-0.0470321971956328,0.116938638687162,0.138124051247125,0.982359724647695,-0.0470876407301861,0.116959293373516,0.138103762346062,0.982359724647695,-0.0470876407301861,0.116959293373516,0.138103762346062,0.98236154382252,-0.0470429128111471,0.116942646862107,0.138120161156009,0.982361987088276,-0.0470321971956328,0.116938638687162,0.138124051247125,0.982359724647695,-0.0470876407301861,0.116959293373516,0.138103762346062,0.982359724647695,-0.0470876407301861,0.116959293373516,0.138103762346062,0.98236154382252,-0.0470429128111471,0.116942646862107,0.138120161156009,0.977983039035974,0.013083539766394,-0.0907885533546835,0.187444484914619,0.95109880732541,-0.0232856528713405,0.0111688613017681,0.30780528522389,0.970353572494503,-0.022264541637708,0.000730665817418243,0.240660966216545,0.970353572494503,-0.022264541637708,0.000730665817418243,0.240660966216545,0.980448971478195,-0.0434580870815541,0.0254977168029283,0.190213236743396,0.977495689041247,-0.0391587081731802,0.0802351560266515,0.191131089091663,0.990619798640391,-0.0209919587101958,-0.0149895538952155,0.134190407575216,0.990619798640391,-0.0209919587101958,-0.0149895538952155,0.134190407575216
961,1731,0.982405577811403,-0.0458691139263986,0.116480146542898,0.138591776574207,0.982405577811403,-0.0458691139263986,0.116480146542898,0.138591776574207,0.987055830362056,-0.0387662539612476,0.0664012921702859,0.140743858481284,0.987059253733817,-0.0387589949648093,0.0663503841138233,0.140745857685779,0.982405577811403,-0.0458691139263986,0.116480146542898,0.138591776574207,0.963670987835306,-0.0608122099059481,0.223666204550749,0.132715979718882,0.982405577811403,-0.0458691139263986,0.116480146542898,0.138591776574207,0.982405577811403,-0.0458691139263986,0.116480146542898,0.138591776574207,0.982403330758633,-0.045930042415766,0.116504109299566,0.138567382288708,0.982403330758633,-0.045930042415766,0.116504109299566,0.138567382288708,0.982405146302767,-0.0458808523311413,0.116484772594594,0.138587061664475,0.982405577811403,-0.0458691139263986,0.116480146542898,0.138591776574207,0.982403330758633,-0.045930042415766,0.116504109299566,0.138567382288708,0.982403330758633,-0.045930042415766,0.116504109299566,0.138567382288708,0.982405146302767,-0.0458808523311413,0.116484772594594,0.138587061664475,0.978732587059613,0.0128485040191697,-0.0886895445542517,0.18453076615791,0.952252336148319,-0.0139820588887398,0.00508006010022193,0.304949476665693,0.973090871693045,-0.0173566852618297,-0.00646492720651852,0.229676088482469,0.973090871693045,-0.0173566852618297,-0.00646492720651852,0.229676088482469,0.980505056857624,-0.0435453981602292,0.026205374995385,0.189807560695157,0.977520909875389,-0.0394301760132433,0.0806818019397297,0.190757906288873,0.990612896401804,-0.0209129929123497,-0.0150017099078428,0.134252318079492,0.990612896401804,-0.0209129929123497,-0.0150017099078428,0.134252318079492
962,1732,0.982429827474406,-0.0447015909315478,0.116035685554335,0.139172991398232,0.982429827474407,-0.0447015909315478,0.116035685554335,0.139172991398232,0.987057460059741,-0.037570700953495,0.0659561731293587,0.141264985741007,0.987060860474231,-0.0375634150812108,0.0659052649894355,0.14126692328348,0.982429827474406,-0.0447015909315478,0.116035685554335,0.139172991398232,0.963743902809558,-0.0597155797531297,0.223227095198719,0.13342189963155,0.982429827474406,-0.0447015909315478,0.116035685554335,0.139172991398232,0.982429827474406,-0.0447015909315478,0.116035685554335,0.139172991398232,0.982428551543025,-0.0447630157523848,0.116059112525956,0.139142717860167,0.982428551543025,-0.0447630157523848,0.116059112525956,0.139142717860167,0.982429590078696,-0.0447133839777908,0.116040177538329,0.139167133432906,0.982429827474406,-0.0447015909315478,0.116035685554335,0.139172991398232,0.982428551543025,-0.0447630157523848,0.116059112525956,0.139142717860167,0.982428551543025,-0.0447630157523848,0.116059112525956,0.139142717860167,0.982429590078696,-0.0447133839777908,0.116040177538329,0.139167133432906,0.979526759384771,0.0127117473106228,-0.0862700702142773,0.181447551966687,0.953742919800333,-0.00653601634497204,0.00114928031290929,0.300550166487786,0.976258668388774,-0.0124157026715067,-0.0022978378208668,0.216239641750305,0.976258668388774,-0.0124157026715067,-0.0022978378208668,0.216239641750305,0.980571765642481,-0.0437340000962634,0.0269669053496439,0.189312270273828,0.97754866474106,-0.0396737287569723,0.0811242431541342,0.190377153256785,0.99060395912091,-0.02089615664311,-0.0150307533056055,0.134317620834318,0.99060395912091,-0.02089615664311,-0.0150307533056055,0.134317620834318
963,1733,0.982422297456348,-0.043684477441775,0.115666908114434,0.139854432387671,0.982422297456348,-0.043684477441775,0.115666908114434,0.139854432387671,0.987031197573891,-0.0365202693304238,0.0655882549547749,0.141893853834026,0.987034579012826,-0.0365129510253056,0.0655373481698438,0.141895737199051,0.982422297456348,-0.043684477441775,0.115666908114434,0.139854432387671,0.96377691854603,-0.0587794564319142,0.22285972146191,0.134210921051184,0.982422297456348,-0.043684477441775,0.115666908114434,0.139854432387671,0.982422297456348,-0.043684477441775,0.115666908114434,0.139854432387671,0.982422652711061,-0.0437384062656998,0.115686523350674,0.139818852707826,0.982422652711061,-0.0437384062656998,0.115686523350674,0.139818852707826,0.98242237850579,-0.0436947668712062,0.115670641766108,0.139847560552602,0.982422297456348,-0.043684477441775,0.115666908114434,0.139854432387671,0.982422652711061,-0.0437384062656998,0.115686523350674,0.139818852707826,0.982422652711061,-0.0437384062656998,0.115686523350674,0.139818852707826,0.98242237850579,-0.0436947668712062,0.115670641766108,0.139847560552602,0.980365519293522,0.0127044088652386,-0.0835420090037467,0.17816503390774,0.955706957386772,-0.00196876561369832,0.000326841831196833,0.294313147410874,0.978663409941468,-0.0155754455433078,-0.00373232136673464,0.204844832287958,0.978663409941468,-0.0155754455433078,-0.00373232136673464,0.204844832287958,0.980643048029466,-0.0440752940898575,0.0277403071438945,0.188751307709199,0.977576995891481,-0.0399162291399994,0.0815662680446509,0.189991725273228,0.990596934818043,-0.0209707184365383,-0.0150486487092804,0.134355795816103,0.990596934818043,-0.0209707184365383,-0.0150486487092804,0.134355795816103
964,1734,0.98238074101651,-0.0429072515241702,0.11535734202958,0.140640431904785,0.98238074101651,-0.0429072515241702,0.11535734202958,0.140640431904785,0.986973961908861,-0.0357041013451137,0.0652812009249494,0.142639337024751,0.986977327511385,-0.0356967445923598,0.0652302970923888,0.142641178294455,0.98238074101651,-0.0429072515241702,0.11535734202958,0.140640431904785,0.963769610918176,-0.0580932525644833,0.222547464040607,0.135077523393797,0.98238074101651,-0.0429072515241702,0.11535734202958,0.140640431904785,0.98238074101651,-0.0429072515241702,0.11535734202958,0.140640431904785,0.982382871037426,-0.042948810775484,0.115373805143327,0.140599357864766,0.982382871037426,-0.042948810775484,0.115373805143327,0.140599357864766,0.982381163950013,-0.0429151269658656,0.115360475797792,0.140632504128417,0.98238074101651,-0.0429072515241702,0.11535734202958,0.140640431904785,0.982382871037426,-0.042948810775484,0.115373805143327,0.140599357864766,0.982382871037426,-0.042948810775484,0.115373805143327,0.140599357864766,0.982381163950013,-0.0429151269658656,0.115360475797792,0.140632504128417,0.981201807488886,0.0131156517808981,-0.0808071489318046,0.174760399806185,0.958074238037714,0.000759067623940059,0.00177422014888506,0.286513577981323,0.980389510828623,-0.0203527751460685,-0.00586195187558039,0.19592807129474,0.980389510828623,-0.0203527751460685,-0.00586195187558039,0.19592807129474,0.980699473330454,-0.0446230665135799,0.0285147951263939,0.188213260433992,0.97762183158809,-0.0401248140698563,0.0820178059149911,0.189522117999719,0.990587123031809,-0.0211274939593192,-0.0150553278677019,0.134402819112398,0.990587123031809,-0.0211274939593192,-0.0150553278677019,0.134402819112398
965,1735,0.982326429337038,-0.0423167040849605,0.115029396667264,0.141464909725686,0.982326429337038,-0.0423167040849605,0.115029396667264,0.141464909725686,0.986903053406586,-0.0350724150293684,0.0649564396226106,0.143432736264489,0.986906402259455,-0.0350650173574357,0.0649055394476285,0.143434544953555,0.982326429337038,-0.0423167040849605,0.115029396667264,0.141464909725686,0.963751643670437,-0.0575968237881351,0.222215537697572,0.135961869720261,0.982326429337038,-0.0423167040849605,0.115029396667264,0.141464909725686,0.982326429337038,-0.0423167040849605,0.115029396667264,0.141464909725686,0.98232928106472,-0.0423483107030849,0.11504662056576,0.141421636392255,0.98232928106472,-0.0423483107030849,0.11504662056576,0.141421636392255,0.982326982341387,-0.0423226885586705,0.115032708121771,0.141456586482925,0.982326429337038,-0.0423167040849605,0.115029396667264,0.141464909725686,0.98232928106472,-0.0423483107030849,0.11504662056576,0.141421636392255,0.98232928106472,-0.0423483107030849,0.11504662056576,0.141421636392255,0.982326982341387,-0.0423226885586705,0.115032708121771,0.141456586482925,0.981922751138147,0.0152467817724933,-0.0790768269717746,0.17129536444093,0.960451234443686,0.00205505095197726,0.00431927872266728,0.278407160203362,0.982165410184111,-0.0177687012829254,-0.00492665057964377,0.187112555449018,0.982165410184111,-0.0177687012829254,-0.00492665057964377,0.187112555449018,0.980729616281321,-0.0453598789547281,0.0292821774263965,0.187761697944694,0.977675753247159,-0.0403670290352358,0.0824670273997851,0.188996862067369,0.990579617696654,-0.0212976389992595,-0.0150557309991493,0.13443123350282,0.990579617696654,-0.0212976389992595,-0.0150557309991493,0.13443123350282
966,1736,0.982290942929863,-0.0418307417014597,0.114591225085147,0.142209506082227,0.982290942929864,-0.0418307417014597,0.114591225085147,0.142209506082227,0.986845343874459,-0.0345492383914617,0.0645206377979572,0.144151672546714,0.986848670250677,-0.0345418036406755,0.0644697405999568,0.14415345425169,0.982290942929864,-0.0418307417014597,0.114591225085147,0.142209506082227,0.963764493186919,-0.0571955746366093,0.221776119320174,0.136755331937856,0.982290942929864,-0.0418307417014597,0.114591225085147,0.142209506082227,0.982290942929864,-0.0418307417014597,0.114591225085147,0.142209506082227,0.982292885440316,-0.0418566212465786,0.114613997850146,0.142170116297223,0.982292885440316,-0.0418566212465786,0.114613997850146,0.142170116297223,0.982291308211206,-0.0418356613789752,0.114595640486375,0.142201977592504,0.982290942929864,-0.0418307417014597,0.114591225085147,0.142209506082227,0.982292885440316,-0.0418566212465786,0.114613997850146,0.142170116297223,0.982292885440316,-0.0418566212465786,0.114613997850146,0.142170116297223,0.982291308211206,-0.0418356613789752,0.114595640486375,0.142201977592504,0.9826162242947,0.0174274635454261,-0.0774622828896417,0.167813092447298,0.962803636578924,0.00188316072990874,0.00724242598394601,0.270098423471765,0.983244085789857,-0.0150789520210944,-0.00403151476909106,0.181624447291332,0.983244085789857,-0.0150789520210944,-0.00403151476909106,0.181624447291332,0.980732021788186,-0.0462266555008372,0.0300882941855359,0.187409957882361,0.977728722992181,-0.0406105068969206,0.0829162850349134,0.188473395049973,0.99057278720385,-0.0214740945012169,-0.0150653609294,0.134452413204882,0.99057278720385,-0.0214740945012169,-0.0150653609294,0.134452413204882
967,1737,0.982296728695365,-0.0412808341163659,0.114018684844727,0.142789246917686,0.982296728695365,-0.0412808341163659,0.114018684844727,0.142789246917686,0.98682202422518,-0.0339705775613239,0.0639485434037009,0.144702716494242,0.986825321095334,-0.033963114390901,0.0638976474091855,0.144704468353722,0.982296728695365,-0.0412808341163659,0.114018684844727,0.142789246917686,0.963833121983084,-0.0567126621661613,0.221207677687005,0.137391958464423,0.982296728695365,-0.0412808341163659,0.114018684844727,0.142789246917686,0.982296728695365,-0.0412808341163659,0.114018684844727,0.142789246917686,0.982296561478072,-0.0413096245263239,0.114048453395802,0.142758294007303,0.982296561478072,-0.0413096245263239,0.114048453395802,0.142758294007303,0.982296679282991,-0.0412863825913062,0.114024454958371,0.142783374920117,0.982296728695365,-0.0412808341163659,0.114018684844727,0.142789246917686,0.982296561478072,-0.0413096245263239,0.114048453395802,0.142758294007303,0.982296561478072,-0.0413096245263239,0.114048453395802,0.142758294007303,0.982296679282991,-0.0412863825913062,0.114024454958371,0.142783374920117,0.983295361982847,0.0210156357832952,-0.0773095773976784,0.163437460204931,0.965113018546386,0.000386120385935211,0.00995255895343916,0.261644145574882,0.982997804280727,-0.0176815109744884,-0.00565790707276973,0.182676405253894,0.982997804280727,-0.0176815109744884,-0.00565790707276973,0.182676405253894,0.980719114237851,-0.0470816936132062,0.0308919828707472,0.187133691486461,0.977766122411872,-0.0408874814540078,0.0833878804718846,0.188010864352055,0.990564130541362,-0.0216560254360529,-0.0151068629513866,0.134482350287751,0.990564130541362,-0.0216560254360529,-0.0151068629513866,0.134482350287751
968,1738,0.982363151286765,-0.0405039940075639,0.113239518861448,0.143174288304145,0.982363151286765,-0.0405039940075639,0.113239518861448,0.143174288304145,0.986848761799916,-0.033175172588865,0.063167008572587,0.145047779319996,0.986852018361929,-0.0331676916226878,0.0631161112001054,0.145049490155551,0.982363151286765,-0.0405039940075639,0.113239518861448,0.143174288304145,0.963984713061032,-0.0559828073904174,0.220440519466536,0.137859985632708,0.982363151286765,-0.0405039940075639,0.113239518861448,0.143174288304145,0.982363151286765,-0.0405039940075639,0.113239518861448,0.143174288304145,0.982359856346608,-0.0405442769680018,0.113279969580918,0.143153493619823,0.982359856346608,-0.0405442769680018,0.113279969580918,0.143153493619823,0.982362493303787,-0.040511818172991,0.113247369000846,0.143170380151315,0.982363151286765,-0.0405039940075639,0.113239518861448,0.143174288304145,0.982359856346608,-0.0405442769680018,0.113279969580918,0.143153493619823,0.982359856346608,-0.0405442769680018,0.113279969580918,0.143153493619823,0.982362493303787,-0.040511818172991,0.113247369000846,0.143170380151315,0.983775066978655,0.0241848398369879,-0.0780521850955866,0.159717148468805,0.966468907320826,-0.00175217193976624,0.0106936511260719,0.256554919853772,0.981580465661837,-0.0266941856419484,-0.00946392535698543,0.188938201539138,0.981580465661837,-0.0266941856419484,-0.00946392535698543,0.188938201539138,0.980712761495218,-0.0478451424664931,0.0317256523218815,0.18683362857777,0.977764671297669,-0.0412270039660432,0.0839093808919512,0.18771200682022,0.990557924089154,-0.021847568077961,-0.0151194085634127,0.13449567382618,0.990557924089154,-0.021847568077961,-0.0151194085634127,0.13449567382618
969,1739,0.982484182919579,-0.0394141553173372,0.112281059444491,0.143402644199792,0.982484182919579,-0.0394141553173372,0.112281059444491,0.143402644199792,0.986920925700714,-0.0320751366743222,0.06220363663947,0.145220451762811,0.986924132576173,-0.0320676468039281,0.0621527355463753,0.145222105863156,0.982484182919579,-0.0394141553173372,0.112281059444491,0.143402644199792,0.96421027338394,-0.0549246396534929,0.219501149650742,0.138206649484767,0.982484182919579,-0.0394141553173372,0.112281059444491,0.143402644199792,0.982484182919579,-0.0394141553173372,0.112281059444491,0.143402644199792,0.982478021482443,-0.0394706636241417,0.112331011244281,0.143390194678199,0.982478021482443,-0.0394706636241417,0.112331011244281,0.143390194678199,0.982482976758086,-0.0394251323805903,0.112290723770448,0.143400323125342,0.982484182919579,-0.0394141553173372,0.112281059444491,0.143402644199792,0.982478021482443,-0.0394706636241417,0.112331011244281,0.143390194678199,0.982478021482443,-0.0394706636241417,0.112331011244281,0.143390194678199,0.982482976758086,-0.0394251323805903,0.112290723770448,0.143400323125342,0.983924892659363,0.0260214331901359,-0.0793130447497436,0.15787378361374,0.967845961548523,-0.00396309604828365,0.0114813137909221,0.25125020998511,0.981154932536924,-0.026889036184122,-0.0105803373087632,0.19104982217732,0.981154932536924,-0.026889036184122,-0.0105803373087632,0.19104982217732,0.980708390583544,-0.0485729161365461,0.0326289890379289,0.186512931271239,0.97772623604856,-0.0416177711447009,0.0845608026488996,0.187533567988873,0.990562375439121,-0.0220962069903015,-0.0151003935078982,0.134424388103329,0.990562375439121,-0.0220962069903015,-0.0151003935078982,0.134424388103329
970,1740,0.98263809446802,-0.0380252865560476,0.111228299164688,0.143543437145417,0.98263809446802,-0.0380252865560476,0.111228299164688,0.143543437145417,0.987021134418957,-0.0306809072948469,0.0611444146682747,0.145290476951364,0.987024286664305,-0.0306734138147181,0.061093508408267,0.14529205914344,0.98263809446802,-0.0380252865560476,0.111228299164688,0.143543437145417,0.964478871131438,-0.0535596342102934,0.218471660349431,0.138499120388721,0.98263809446802,-0.0380252865560476,0.111228299164688,0.143543437145417,0.98263809446802,-0.0380252865560476,0.111228299164688,0.143543437145417,0.982630169093377,-0.0380975584789294,0.111283443660103,0.143535786452768,0.982630169093377,-0.0380975584789294,0.111283443660103,0.143535786452768,0.982636558528521,-0.0380392856112844,0.111238925141182,0.143542008230491,0.98263809446802,-0.0380252865560476,0.111228299164688,0.143543437145417,0.982630169093377,-0.0380975584789294,0.111283443660103,0.143535786452768,0.982630169093377,-0.0380975584789294,0.111283443660103,0.143535786452768,0.982636558528521,-0.0380392856112844,0.111238925141182,0.143542008230491,0.983608849692648,0.0259811213871278,-0.080108228787458,0.159440533799625,0.967668383479734,-0.00541330761064763,0.0103753037667994,0.251954259313427,0.982366656949611,-0.0136338217324168,-0.0063101600948957,0.186360006702596,0.982366656949611,-0.0136338217324168,-0.0063101600948957,0.186360006702596,0.980696052951236,-0.0492521711408799,0.0334606479895374,0.186252142000828,0.977640484549564,-0.0420304504779235,0.0852813686343716,0.187562289296558,0.990556965886307,-0.0223393499641551,-0.0150390405698611,0.134430941512845,0.990556965886307,-0.0223393499641551,-0.0150390405698611,0.134430941512845
971,1741,0.982774547047828,-0.0366541242349246,0.110318811820429,0.143667757726069,0.982774547047828,-0.0366541242349246,0.110318811820429,0.143667757726069,0.987111188222417,-0.0293051986406171,0.0602291677898942,0.14534495094808,0.987114293263264,-0.0292977023527905,0.0601782568865274,0.145346462187124,0.982774547047828,-0.0366541242349246,0.110318811820429,0.143667757726069,0.964714380867788,-0.0522104190612013,0.217582659955737,0.13877327399366,0.982774547047828,-0.0366541242349246,0.110318811820429,0.143667757726069,0.982774547047828,-0.0366541242349246,0.110318811820429,0.143667757726069,0.982767399389391,-0.0367262986408657,0.11036705143408,0.143661169573768,0.982767399389391,-0.0367262986408657,0.11036705143408,0.143661169573768,0.982773180783906,-0.0366679763632027,0.110328014487023,0.143666502221858,0.982774547047828,-0.0366541242349246,0.110318811820429,0.143667757726069,0.982767399389391,-0.0367262986408657,0.11036705143408,0.143661169573768,0.982767399389391,-0.0367262986408657,0.11036705143408,0.143661169573768,0.982773180783906,-0.0366679763632027,0.110328014487023,0.143666502221858,0.983060981268511,0.0243843484459984,-0.0798916402567818,0.163137477224997,0.966584838670031,-0.0060253728646147,0.00959670693796543,0.256096364189379,0.983125572937991,-0.00404128438635073,-0.00333613333667429,0.182856900526657,0.983125572937991,-0.00404128438635073,-0.00333613333667429,0.182856900526657,0.980651930412452,-0.0499248987911031,0.0342379205688409,0.18616406918133,0.977510220401177,-0.042492631944481,0.0860986507528984,0.187763594927784,0.990551943239424,-0.0225799939659984,-0.0149033341033973,0.134442858678696,0.990551943239424,-0.0225799939659984,-0.0149033341033973,0.134442858678696
972,1742,0.98286618655849,-0.0355629981430952,0.109634121077346,0.143839118388023,0.98286618655849,-0.0355629981430952,0.109634121077346,0.143839118388023,0.987167911598395,-0.028206773629586,0.0595407045213056,0.145460636383108,0.987170981131281,-0.028199271376678,0.059489790693314,0.145462090970101,0.98286618655849,-0.0355629981430952,0.109634121077346,0.143839118388023,0.964880660787619,-0.0511447123282748,0.216912174906061,0.139063428752593,0.98286618655849,-0.0355629981430952,0.109634121077346,0.143839118388023,0.98286618655849,-0.0355629981430952,0.109634121077346,0.143839118388023,0.982861292294469,-0.0356211648183719,0.109670772637203,0.143830227544102,0.982861292294469,-0.0356211648183719,0.109670772637203,0.143830227544102,0.982865264970337,-0.0355740482349667,0.10964106095823,0.143837393465396,0.98286618655849,-0.0355629981430952,0.109634121077346,0.143839118388023,0.982861292294469,-0.0356211648183719,0.109670772637203,0.143830227544102,0.982861292294469,-0.0356211648183719,0.109670772637203,0.143830227544102,0.982865264970337,-0.0355740482349667,0.10964106095823,0.143837393465396,0.98254925975837,0.0218070136441686,-0.0784108630036128,0.16725173502009,0.964853383794902,-0.00578457748313392,0.00982876446777946,0.262541200256086,0.982598699881376,-0.00814386703272787,-0.0040540239405195,0.185518293736958,0.982598699881376,-0.00814386703272787,-0.0040540239405195,0.185518293736958,0.980570944974475,-0.0505957937953911,0.0349356805796304,0.186279858665712,0.977346600623213,-0.0430361306259359,0.0870131456386553,0.188069737589713,0.990542766775938,-0.0227806984576038,-0.0147007540825413,0.134498902579388,0.990542766775938,-0.0227806984576038,-0.0147007540825413,0.134498902579388
973,1743,0.982903391684521,-0.0348535814648328,0.109135507700285,0.144137404698231,0.982903391684521,-0.0348535814648328,0.109135507700285,0.144137404698231,0.987179727855922,-0.0274831140680163,0.0590408446436944,0.145722482874784,0.987182771608233,-0.0274755983111885,0.0589899302069373,0.145723900138274,0.98290339168452,-0.0348535814648328,0.109135507700285,0.144137404698231,0.964972400031701,-0.050472345456512,0.216420663530524,0.139437820974748,0.98290339168452,-0.0348535814648328,0.109135507700285,0.144137404698231,0.98290339168452,-0.0348535814648328,0.109135507700285,0.144137404698231,0.982901309400873,-0.034891961443159,0.109162273470389,0.14412204916485,0.982901309400873,-0.034891961443159,0.109162273470389,0.14412204916485,0.982903014631305,-0.0348607862830011,0.109140563701488,0.144134405203427,0.98290339168452,-0.0348535814648328,0.109135507700285,0.144137404698231,0.982901309400873,-0.034891961443159,0.109162273470389,0.14412204916485,0.982901309400873,-0.034891961443159,0.109162273470389,0.14412204916485,0.982903014631305,-0.0348607862830011,0.109140563701488,0.144134405203427,0.982212125400338,0.018666656665041,-0.0761180501831101,0.170636863197323,0.962848681794361,-0.00502916090265606,0.0107354006857282,0.269781160720304,0.981620527354877,-0.0168048467738857,-0.00569338769911088,0.190016638052953,0.981620527354877,-0.0168048467738857,-0.00569338769911088,0.190016638052953,0.980444906543483,-0.0513409957859957,0.035530206809453,0.186626610612528,0.977161416263214,-0.0436177928069673,0.0880186888672121,0.188429735252204,0.990533254344714,-0.0229480140689755,-0.0144447552599594,0.134568234487345,0.990533254344714,-0.0229480140689755,-0.0144447552599594,0.134568234487345
974,1744,0.982911040124231,-0.0344154303654981,0.108683253882144,0.144531711676879,0.982911040124231,-0.0344154303654981,0.108683253882144,0.144531711676879,0.987164381732826,-0.0270254895167136,0.0585887865598612,0.146094012347779,0.987167402170004,-0.0270179545986496,0.0585378729151905,0.146095406008526,0.982911040124231,-0.0344154303654981,0.108683253882144,0.144531711676879,0.965029670031732,-0.0500801485926777,0.215971985291973,0.139877861881093,0.982911040124231,-0.0344154303654981,0.108683253882144,0.144531711676879,0.982911040124231,-0.0344154303654981,0.108683253882144,0.144531711676879,0.982910568165487,-0.0344392574322672,0.108707206475915,0.144511230692689,0.982910568165487,-0.0344392574322672,0.108707206475915,0.144511230692689,0.982910962620154,-0.0344198840214108,0.108687827284939,0.144527739016269,0.982911040124231,-0.0344154303654981,0.108683253882144,0.144531711676879,0.982910568165487,-0.0344392574322672,0.108707206475915,0.144511230692689,0.982910568165487,-0.0344392574322672,0.108707206475915,0.144511230692689,0.982910962620154,-0.0344198840214108,0.108687827284939,0.144527739016269,0.982163275678189,0.0158373005525215,-0.0735404073190501,0.172326110359537,0.96104190337597,-0.00416987280825262,0.0118442771058241,0.276117339578841,0.981281452628138,-0.0193683270598753,-0.00549882091582056,0.191523736396952,0.981281452628138,-0.0193683270598753,-0.00549882091582056,0.191523736396952,0.980260334557772,-0.0521164061995327,0.0360591873662471,0.187278647218566,0.976957601764115,-0.0442582801819997,0.0891011227127474,0.188828067092708,0.990526518406333,-0.0230098871517274,-0.0140886765371282,0.134644979930654,0.990526518406333,-0.0230098871517274,-0.0140886765371282,0.134644979930654
975,1745,0.982921789316458,-0.03413594355951,0.108146660218964,0.14492685509497,0.982921789316458,-0.03413594355951,0.108146660218964,0.14492685509497,0.987147845991681,-0.0267262817070433,0.058052340035254,0.146474440898514,0.987150838761345,-0.0267187271685576,0.058001427244137,0.146475819126942,0.982921789316458,-0.03413594355951,0.108146660218964,0.14492685509497,0.96509928447446,-0.0498457481492932,0.215439817899264,0.140301309195081,0.982921789316458,-0.03413594355951,0.108146660218964,0.14492685509497,0.982921789316458,-0.03413594355951,0.108146660218964,0.14492685509497,0.98292124177715,-0.0341511097240855,0.10817468902187,0.144906075866059,0.98292124177715,-0.0341511097240855,0.10817468902187,0.144906075866059,0.982921683642266,-0.0341387830544259,0.108152072175377,0.144922864316121,0.982921789316458,-0.03413594355951,0.108146660218964,0.14492685509497,0.98292124177715,-0.0341511097240855,0.10817468902187,0.144906075866059,0.98292124177715,-0.0341511097240855,0.10817468902187,0.144906075866059,0.982921683642266,-0.0341387830544259,0.108152072175377,0.144922864316121,0.982426048533119,0.0140242533086421,-0.070961344345093,0.172066461262715,0.959854896924562,-0.00351516092477426,0.0129593902617073,0.280175435571456,0.981662562304116,-0.0156019136074057,-0.00393119067488372,0.18994667620725,0.981662562304116,-0.0156019136074057,-0.00393119067488372,0.18994667620725,0.980025037991701,-0.0529553366323289,0.0365664785912747,0.188174254017269,0.976751274465382,-0.044910678394893,0.0902519135969802,0.189194531867193,0.990521512701076,-0.0230485339142911,-0.0137131781066695,0.134713943996122,0.990521512701076,-0.0230485339142911,-0.0137131781066695,0.134713943996122
976,1746,0.982937949715154,-0.0339406719716615,0.107566565927801,0.145294362211279,0.982937949715154,-0.0339406719716615,0.107566565927801,0.145294362211279,0.987134503652569,-0.0265125848307471,0.0574721740873448,0.146831548891451,0.987137466499861,-0.0265050118744969,0.0574212619851382,0.146832916097866,0.982937949715154,-0.0339406719716615,0.107566565927801,0.145294362211279,0.965179054757178,-0.0496920184219168,0.214865007280781,0.140688038615321,0.982937949715154,-0.0339406719716615,0.107566565927801,0.145294362211279,0.982937949715154,-0.0339406719716615,0.107566565927801,0.145294362211279,0.982937127511318,-0.0339511943158281,0.107596973529136,0.145274949842357,0.982937127511318,-0.0339511943158281,0.107596973529136,0.145274949842357,0.982937789586152,-0.0339426531700814,0.107572421267842,0.145290647606238,0.982937949715154,-0.0339406719716615,0.107566565927801,0.145294362211279,0.982937127511318,-0.0339511943158281,0.107596973529136,0.145274949842357,0.982937127511318,-0.0339511943158281,0.107596973529136,0.145274949842357,0.982937789586152,-0.0339426531700814,0.107572421267842,0.145290647606238,0.98289606468358,0.0133200732880151,-0.0688381317538612,0.170291553794577,0.959473443595706,-0.00315286364414503,0.0139184472294726,0.281437466077565,0.981846061386518,-0.0137532915591172,-0.00288321482822989,0.189158255921669,0.981809938658529,-0.0125934700401599,-0.00890199636587549,0.189239011106023,0.979765750563642,-0.0537286978642705,0.0370730572690975,0.189203301961132,0.976558228515907,-0.0455827314558249,0.0914636356970739,0.189448262742027,0.990516001710538,-0.0230556005076508,-0.0132955380543952,0.134795097494112,0.990516001710538,-0.0230556005076508,-0.0132955380543952,0.134795097494112
977,1747,0.982961108057737,-0.0337503237163961,0.106988453942087,0.14560853827309,0.982961108057737,-0.0337503237163961,0.106988453942087,0.14560853827309,0.987128250959666,-0.0263065153432007,0.0568936322300097,0.147135644965744,0.987131183968339,-0.0262989267032959,0.0568427204510588,0.147137001543603,0.982961108057737,-0.0337503237163961,0.106988453942087,0.14560853827309,0.965265562951895,-0.0495373252758321,0.214292935511591,0.14102121887682,0.982961108057737,-0.0337503237163961,0.106988453942087,0.14560853827309,0.982961108057737,-0.0337503237163961,0.106988453942087,0.14560853827309,0.982959921228279,-0.0337603676660618,0.107018881251746,0.14559186065702,0.982959921228279,-0.0337603676660618,0.107018881251746,0.14559186065702,0.982960877206605,-0.0337522470912118,0.106994293869807,0.14560535971185,0.982961108057737,-0.0337503237163961,0.106988453942087,0.14560853827309,0.982959921228279,-0.0337603676660618,0.107018881251746,0.14559186065702,0.982959921228279,-0.0337603676660618,0.107018881251746,0.14559186065702,0.982960877206605,-0.0337522470912118,0.106994293869807,0.14560535971185,0.983454005075984,0.0134152298633453,-0.0674905608461109,0.167580654326201,0.959746908474768,-0.00308568746704438,0.014671452523593,0.280465860109264,0.981579775617847,-0.0162087609787097,-0.00297743763519491,0.190340628954205,0.981578455535545,-0.0161297727550861,-0.00338476960914547,0.190347338815169,0.979506499075856,-0.054419311976382,0.037600237143935,0.19024137015617,0.976389138587013,-0.0462570322514754,0.0927097870863922,0.189550606422117,0.990508682176785,-0.0230799933551697,-0.0128630670764901,0.134886641089918,0.990508682176785,-0.0230799933551697,-0.0128630670764901,0.134886641089918
978,1748,0.982986140069746,-0.0335527618797169,0.106490131352462,0.145850308623464,0.982986140069746,-0.0335527618797169,0.106490131352462,0.145850308623464,0.987127924613028,-0.0260969214370667,0.0563946814323817,0.147367062286063,0.987130831888029,-0.0260893208619602,0.0563437696709259,0.147368408053689,0.982986140069746,-0.0335527618797169,0.106490131352462,0.145850308623464,0.965345170779915,-0.0493675103770719,0.213800376277921,0.14128322361302,0.982986140069746,-0.0335527618797169,0.106490131352462,0.145850308623464,0.982986140069746,-0.0335527618797169,0.106490131352462,0.145850308623464,0.982984838236219,-0.033563142480617,0.106516569835909,0.145837387575795,0.982984838236219,-0.033563142480617,0.106516569835909,0.145837387575795,0.982985889166566,-0.033554756790846,0.106495173164859,0.145847859390219,0.982986140069746,-0.0335527618797169,0.106490131352462,0.145850308623464,0.982984838236219,-0.033563142480617,0.106516569835909,0.145837387575795,0.982984838236219,-0.033563142480617,0.106516569835909,0.145837387575795,0.982985889166566,-0.033554756790846,0.106495173164859,0.145847859390219,0.98400339123934,0.0138084906898551,-0.0666940580880654,0.164616385059608,0.960271215145609,-0.00320347764821704,0.0152832557593922,0.278631213590878,0.981247590806118,-0.0192879184702023,-0.0033468574849484,0.191754896373607,0.981234754088322,-0.0187629807637286,-0.00603268489683792,0.191806972331628,0.979284192911927,-0.0549792844627725,0.0381444991587042,0.191114481337047,0.976248665617862,-0.0469271169758759,0.0939224205210666,0.189512446807963,0.990504524782624,-0.0231056925508185,-0.0123829827600248,0.134957678902917,0.990504524782624,-0.0231056925508185,-0.0123829827600248,0.134957678902917
979,1749,0.983024086972753,-0.0333011174042842,0.106021795419818,0.145993352269787,0.983024086972753,-0.0333011174042842,0.106021795419818,0.145993352269787,0.987142020464958,-0.0258383323230297,0.0559250221726928,0.147497131870789,0.987144903516996,-0.025830725039854,0.0558741096848601,0.14749846430136,0.983024086972753,-0.0333011174042842,0.106021795419818,0.145993352269787,0.965434322157435,-0.0491330975235292,0.213339040667828,0.141453038338127,0.983024086972753,-0.0333011174042842,0.106021795419818,0.145993352269787,0.983024086972753,-0.0333011174042842,0.106021795419818,0.145993352269787,0.98302213245796,-0.033314218927212,0.106046534996443,0.145985555211201,0.98302213245796,-0.033314218927212,0.106046534996443,0.145985555211201,0.983023706508215,-0.0333036538495544,0.106026529360754,0.145991897565699,0.983024086972753,-0.0333011174042842,0.106021795419818,0.145993352269787,0.98302213245796,-0.033314218927212,0.106046534996443,0.145985555211201,0.98302213245796,-0.033314218927212,0.106046534996443,0.145985555211201,0.983023706508215,-0.0333036538495544,0.106026529360754,0.145991897565699,0.984461084586343,0.0140660919014787,-0.0659462788609837,0.162140699079814,0.960640599441847,-0.00340331979900424,0.0158677392589899,0.277319799093327,0.981143416182981,-0.0203654029202655,-0.00332857458539223,0.192176397707718,0.981135453496945,-0.0200051501511169,-0.0051676318875942,0.192214233186439,0.979118583509826,-0.0554319882171172,0.038692503703433,0.191721110640353,0.976129790580092,-0.0475801308779627,0.0951079027684038,0.189370668052627,0.990499078830898,-0.0231813707042728,-0.0118783722461532,0.13503000836924,0.990499078830898,-0.0231813707042728,-0.0118783722461532,0.13503000836924
980,1750,0.983089298906116,-0.0329585950767887,0.105569222611984,0.1459599281445,0.983089298906116,-0.0329585950767887,0.105569222611984,0.1459599281445,0.987184147234392,-0.025497951335172,0.0554697199895869,0.147446343091622,0.987187006803904,-0.0254903466719093,0.0554188053296475,0.147447657966917,0.983089298906116,-0.0329585950767887,0.105569222611984,0.1459599281445,0.96554884249179,-0.0487889763205861,0.212896367158723,0.141457433183882,0.983089298906116,-0.0329585950767887,0.105569222611984,0.1459599281445,0.983089298906116,-0.0329585950767887,0.105569222611984,0.1459599281445,0.983085948976395,-0.0329763765517485,0.105593089133905,0.145961210744009,0.983085948976395,-0.0329763765517485,0.105593089133905,0.145961210744009,0.983088644605103,-0.0329620457191202,0.105573795854012,0.145960248079698,0.983089298906116,-0.0329585950767887,0.105569222611984,0.1459599281445,0.983085948976395,-0.0329763765517485,0.105593089133905,0.145961210744009,0.983085948976395,-0.0329763765517485,0.105593089133905,0.145961210744009,0.983088644605103,-0.0329620457191202,0.105573795854012,0.145960248079698,0.984820416725098,0.0139960647958842,-0.0649181352462853,0.160369862155513,0.96063877110395,-0.00354122987757092,0.0164483152898098,0.277290576953084,0.981153156120519,-0.0204337529581851,-0.00317838236603001,0.192121950490634,0.981134783694781,-0.0197256896902502,-0.00679368117541264,0.192195939828409,0.979016678394864,-0.0558373781523899,0.0392585499712285,0.192008585432817,0.976030786306592,-0.0482251111617565,0.096246972478241,0.189142177009639,0.990487768166709,-0.0232577479304303,-0.011403423267818,0.135140742232361,0.990487768166709,-0.0232577479304303,-0.011403423267818,0.135140742232361
981,1751,0.983180364709561,-0.0325714935204971,0.105154202070061,0.145732844775732,0.983180364709561,-0.0325714935204971,0.105154202070061,0.145732844775732,0.987254002963757,-0.0251228909790059,0.055050607584796,0.14719987970593,0.987256840917215,-0.0251152990277319,0.054999689322565,0.147201175237601,0.983180364709561,-0.0325714935204971,0.105154202070061,0.145732844775732,0.965684936211975,-0.0483792773218357,0.212493858115221,0.141274236017754,0.983180364709561,-0.0325714935204971,0.105154202070061,0.145732844775732,0.983180364709561,-0.0325714935204971,0.105154202070061,0.145732844775732,0.983175653674166,-0.0325917379965228,0.10517614746774,0.145744264520377,0.983175653674166,-0.0325917379965228,0.10517614746774,0.145744264520377,0.983179449400232,-0.0325753991054084,0.105158398210504,0.145735119089329,0.983180364709561,-0.0325714935204971,0.105154202070061,0.145732844775732,0.983175653674166,-0.0325917379965228,0.10517614746774,0.145744264520377,0.983175653674166,-0.0325917379965228,0.10517614746774,0.145744264520377,0.983179449400232,-0.0325753991054084,0.105158398210504,0.145735119089329,0.98509586419096,0.0139915357961231,-0.0636655178855317,0.159176245439759,0.960327854115032,-0.0036747764561256,0.017031820505061,0.278328628996548,0.981067451338564,-0.0211601324482494,-0.00314276067332536,0.192481240057771,0.981037502492105,-0.020150965706333,-0.00828490945328036,0.192589505322868,0.978976468317473,-0.0562113635705444,0.0398557097257697,0.191981456105641,0.975939557481614,-0.0488138632031089,0.0973150415824883,0.188915244444643,0.990477046314742,-0.0233246433328708,-0.0109615634964179,0.13524431915143,0.990477046314742,-0.0233246433328708,-0.0109615634964179,0.13524431915143
982,1752,0.983286218993154,-0.0321556130891398,0.104834430767681,0.145340875911168,0.983286218993154,-0.0321556130891398,0.104834430767681,0.145340875911168,0.987343468868512,-0.0247274688351077,0.0547258697411943,0.146787281290897,0.987346290073311,-0.0247198981643585,0.0546749468651401,0.146788556428994,0.983286218993154,-0.0321556130891398,0.104834430767681,0.145340875911168,0.965825268411917,-0.0479228653237022,0.212187646278677,0.140930311299346,0.983286218993154,-0.0321556130891398,0.104834430767681,0.145340875911168,0.983286218993154,-0.0321556130891398,0.104834430767681,0.145340875911168,0.983280701981117,-0.0321774197042982,0.104851517803952,0.145361047006766,0.983280701981117,-0.0321774197042982,0.104851517803952,0.145361047006766,0.983285153477693,-0.0321598110209247,0.104837670674834,0.145344818665554,0.983286218993154,-0.0321556130891398,0.104834430767681,0.145340875911168,0.983280701981117,-0.0321774197042982,0.104851517803952,0.145361047006766,0.983280701981117,-0.0321774197042982,0.104851517803952,0.145361047006766,0.983285153477693,-0.0321598110209247,0.104837670674834,0.145344818665554,0.985285609936575,0.0143124787338284,-0.0624255698702932,0.158462828545922,0.959904963530261,-0.00381268838903983,0.01762761837296,0.279744868527938,0.98095780278637,-0.0220399276584665,-0.00314038850057826,0.19294084249172,0.98092718007877,-0.0210123851378989,-0.00836302995971163,0.193055450022582,0.978995426560421,-0.0566287706177319,0.0404300595773415,0.191641716217205,0.975853961722998,-0.0493658391436086,0.0983390787549241,0.188683557589975,0.990459376278554,-0.0234374442404177,-0.0105540469265374,0.135386565961506,0.990459376278554,-0.0234374442404177,-0.0105540469265374,0.135386565961506
983,1753,0.983407649779456,-0.031661373585027,0.104492154694939,0.144873535834416,0.983407649779456,-0.031661373585027,0.104492154694939,0.144873535834416,0.98744734739733,-0.0242576194367696,0.0543778645730077,0.146295426660294,0.987450150653425,-0.0242500741343288,0.0543269363398219,0.146296677566294,0.983407649779455,-0.031661373585027,0.104492154694939,0.144873535834416,0.965983554434049,-0.0473802907485439,0.211860776455916,0.140520076896649,0.983407649779455,-0.031661373585027,0.104492154694939,0.144873535834416,0.983407649779455,-0.031661373585027,0.104492154694939,0.144873535834416,0.983401317552188,-0.0316871763819678,0.104510124463512,0.144897913629495,0.983401317552188,-0.0316871763819678,0.104510124463512,0.144897913629495,0.983406427761054,-0.0316663580546961,0.10449561016798,0.144878249097016,0.983407649779455,-0.031661373585027,0.104492154694939,0.144873535834416,0.983401317552188,-0.0316871763819678,0.104510124463512,0.144897913629495,0.983401317552188,-0.0316871763819678,0.104510124463512,0.144897913629495,0.983406427761054,-0.0316663580546961,0.10449561016798,0.144878249097016,0.985394629276187,0.0150027527237153,-0.0615027990000282,0.158081459126362,0.959576450401216,-0.00397682220762846,0.0183080049220551,0.280823855247923,0.980919312258893,-0.0222826964478566,-0.0030241028955682,0.193110432339196,0.980893395737505,-0.0213529987041117,-0.00774522816495807,0.193215442150882,0.979062831117097,-0.0571138723269631,0.0409764356342277,0.191036410235088,0.975771624599888,-0.0498844443745993,0.0993042614950239,0.188467351241698,0.990441884529313,-0.0234974473697059,-0.0101842771604839,0.135532371911105,0.990441884529313,-0.0234974473697059,-0.0101842771604839,0.135532371911105
984,1754,0.983545358494205,-0.0310935599613528,0.104085600692175,0.144353406755729,0.983545358494205,-0.0310935599613528,0.104085600692175,0.144353406755729,0.987564216052254,-0.0237169738687611,0.0539648372557784,0.14574711202478,0.987566998006074,-0.0237094568466798,0.0539139029955742,0.145748335047405,0.983545358494205,-0.0310935599613528,0.104085600692175,0.144353406755729,0.96616507911071,-0.0467587896499411,0.211471805198566,0.140065452926579,0.983545358494205,-0.0310935599613528,0.104085600692175,0.144353406755729,0.983545358494205,-0.0310935599613528,0.104085600692175,0.144353406755729,0.98353817629759,-0.0311232414141575,0.104106828984564,0.144380635016838,0.98353817629759,-0.0311232414141575,0.104106828984564,0.144380635016838,0.983543973037551,-0.0310992880647814,0.104089701194998,0.144358655745019,0.983545358494205,-0.0310935599613528,0.104085600692175,0.144353406755729,0.98353817629759,-0.0311232414141575,0.104106828984564,0.144380635016838,0.98353817629759,-0.0311232414141575,0.104106828984564,0.144380635016838,0.983543973037551,-0.0310992880647814,0.104089701194998,0.144358655745019,0.985452269873406,0.015837053723498,-0.0609945636741124,0.157837494699188,0.959475299308947,-0.00417878819639138,0.0190445461366892,0.281117400755743,0.980902038458526,-0.0223220383245,-0.0029109016469901,0.193195352440352,0.980877752367784,-0.0214196777760089,-0.00749114880454896,0.193297478006011,0.979167607970224,-0.0576764324743144,0.0415100975567456,0.190213397108971,0.975699747876601,-0.0503873496653022,0.100228434564361,0.18821630612681,0.99042649526874,-0.0235794437579316,-0.00980179150389617,0.13565873427488,0.99042649526874,-0.0235794437579316,-0.00980179150389617,0.13565873427488
985,1755,0.983696677816774,-0.0304468903618437,0.103663029330237,0.143763031651447,0.983696677816774,-0.0304468903618437,0.103663029330237,0.143763031651447,0.987693863683461,-0.0231011443104827,0.0535351215532085,0.145124634483148,0.987696623474276,-0.0230936593938551,0.0534841806069252,0.14512582574484,0.983696677816774,-0.0304468903618437,0.103663029330237,0.143763031651447,0.966361891139742,-0.0460511949397542,0.211068408224679,0.139549668028776,0.983696677816774,-0.0304468903618437,0.103663029330237,0.143763031651447,0.983696677816774,-0.0304468903618437,0.103663029330237,0.143763031651447,0.983688777526542,-0.0304807086876231,0.103685221928961,0.143793915447695,0.983688777526542,-0.0304807086876231,0.103685221928961,0.143793915447695,0.983695155568684,-0.0304534144885106,0.10366729655541,0.143768988594853,0.983696677816774,-0.0304468903618437,0.103663029330237,0.143763031651447,0.983688777526542,-0.0304807086876231,0.103685221928961,0.143793915447695,0.983688777526542,-0.0304807086876231,0.103685221928961,0.143793915447695,0.983695155568684,-0.0304534144885106,0.10366729655541,0.143768988594853,0.985500452837132,0.0164489984647724,-0.0609343492996079,0.15749696182069,0.959620230035137,-0.00444683369921767,0.0198127541121734,0.280564956029532,0.98085633410279,-0.0226590804560041,-0.00284593903091595,0.193389034214349,0.980831661129054,-0.0217379233871475,-0.0075166512058792,0.193494741965472,0.979303195674393,-0.0582294354891732,0.0420508069276659,0.189225562282863,0.97565028085073,-0.0508673525289614,0.101099105108186,0.187877653990332,0.990415555896872,-0.0236879915917961,-0.00940660006529252,0.135747639268798,0.990415555896872,-0.0236879915917961,-0.00940660006529252,0.135747639268798
986,1756,0.983865860087245,-0.0297056138495083,0.103222555859693,0.143075678654352,0.983865860087245,-0.0297056138495083,0.103222555859693,0.143075678654352,0.987840441348021,-0.0223957587607247,0.0530866190368868,0.144400496211443,0.987843178006868,-0.0223883111928803,0.0530356705313733,0.144401651093435,0.983865860087245,-0.0297056138495083,0.103222555859693,0.143075678654352,0.966578424128195,-0.0452389151846124,0.210649179189656,0.138947881846032,0.983865860087245,-0.0297056138495083,0.103222555859693,0.143075678654352,0.983865860087245,-0.0297056138495083,0.103222555859693,0.143075678654352,0.98385703778408,-0.0297443695611306,0.10324569250752,0.143111595130477,0.98385703778408,-0.0297443695611306,0.10324569250752,0.143111595130477,0.98386415921128,-0.0297130920437537,0.103227003914872,0.143082612652413,0.983865860087245,-0.0297056138495083,0.103222555859693,0.143075678654352,0.98385703778408,-0.0297443695611306,0.10324569250752,0.143111595130477,0.98385703778408,-0.0297443695611306,0.10324569250752,0.143111595130477,0.98386415921128,-0.0297130920437537,0.103227003914872,0.143082612652413,0.985565794248503,0.0165617006521934,-0.0612008201124273,0.156972083175294,0.959937474597947,-0.0047345242336134,0.0206149724830185,0.279414838640186,0.980803189057064,-0.0230875950160881,-0.00282501637391977,0.193608074662075,0.980779493149636,-0.0221882271973343,-0.007379850890197,0.193713206033615,0.979440705934948,-0.0587746038637219,0.042592020375683,0.188221596259914,0.975624034541696,-0.0513510847876131,0.101928162479877,0.187433879032569,0.990403278834701,-0.0238453821779638,-0.00903866905143113,0.135834625497479,0.990403278834701,-0.0238453821779638,-0.00903866905143113,0.135834625497479
987,1757,0.984055347709807,-0.028857117473704,0.102756076745804,0.142279752975084,0.984055347709807,-0.028857117473704,0.102756076745804,0.142279752975084,0.988005976451751,-0.0215888098449664,0.0526111125151322,0.143562476382306,0.988008688585857,-0.0215814054995465,0.0525601554726836,0.143563589646561,0.984055347709807,-0.028857117473704,0.102756076745804,0.142279752975084,0.966817995660233,-0.0443081403540925,0.210206331807553,0.138249954914655,0.984055347709807,-0.028857117473704,0.102756076745804,0.142279752975084,0.984055347709807,-0.028857117473704,0.102756076745804,0.142279752975084,0.984045473302735,-0.0289014812960563,0.102780561831927,0.142321351036319,0.984045473302735,-0.0289014812960563,0.102780561831927,0.142321351036319,0.984053443791439,-0.0288656774553716,0.102760786850716,0.142287782725975,0.984055347709807,-0.028857117473704,0.102756076745804,0.142279752975084,0.984045473302735,-0.0289014812960563,0.102780561831927,0.142321351036319,0.984045473302735,-0.0289014812960563,0.102780561831927,0.142321351036319,0.984053443791439,-0.0288656774553716,0.102760786850716,0.142287782725975,0.985666250423652,0.0160717636600047,-0.0614905935599974,0.156277471480295,0.960294643226041,-0.00502475261258936,0.0214196465544277,0.278118947204314,0.980773564295202,-0.0233281158663174,-0.00279500164194235,0.193729715210744,0.980751099806338,-0.0224572634683635,-0.00720254699043866,0.193832594944763,0.979568801152406,-0.0592831183496508,0.0431536596011974,0.187265152526047,0.975619275252322,-0.051826095181423,0.102720357007932,0.186894659823501,0.99039039923212,-0.0240609910080932,-0.00866682760480514,0.135914722969302,0.99039039923212,-0.0240609910080932,-0.00866682760480514,0.135914722969302
988,1758,0.984262496497139,-0.0278993324242867,0.10228812257807,0.141372222232492,0.984262496497139,-0.0278993324242867,0.10228812257807,0.141372222232492,0.988189074930787,-0.0206783855398373,0.0521332352608415,0.142607441391183,0.988191762417857,-0.0206710304521034,0.0520822687756199,0.142608507701056,0.984262496497139,-0.0278993324242867,0.10228812257807,0.141372222232492,0.967075283522371,-0.0432564811270456,0.209763957894229,0.13745310039857,0.984262496497139,-0.0278993324242867,0.10228812257807,0.141372222232492,0.984262496497139,-0.0278993324242867,0.10228812257807,0.141372222232492,0.984251696638313,-0.0279494413404158,0.102312749881533,0.141419686059051,0.984251696638313,-0.0279494413404158,0.102312749881533,0.141419686059051,0.984260415904503,-0.027908996159497,0.102292850254897,0.141381379267547,0.984262496497139,-0.0278993324242867,0.10228812257807,0.141372222232492,0.984251696638313,-0.0279494413404158,0.102312749881533,0.141419686059051,0.984251696638313,-0.0279494413404158,0.102312749881533,0.141419686059051,0.984260415904503,-0.027908996159497,0.102292850254897,0.141381379267547,0.985799298664551,0.0152178418706571,-0.0615274127949427,0.155507355183089,0.960569776135767,-0.0052954799118777,0.022210404076794,0.277099911616245,0.980728357710528,-0.0236621182276251,-0.00277852562589667,0.193918210436102,0.98070623099157,-0.0227975416672743,-0.00714984730967047,0.19402175205808,0.979685313657009,-0.0597244184279044,0.0437023963637412,0.186386106242614,0.975629100794401,-0.052311088660707,0.103452517957174,0.186303473436651,0.99037708242206,-0.0243095798146596,-0.00825818403020928,0.135992945916062,0.99037708242206,-0.0243095798146596,-0.00825818403020928,0.135992945916062
989,1759,0.98446543325578,-0.0269428655737996,0.101870508041627,0.140443199588031,0.98446543325578,-0.0269428655737996,0.101870508041627,0.140443199588031,0.988370525211253,-0.0197703700027442,0.0517058466498853,0.141631009266353,0.98837319065527,-0.0197630652762625,0.0516548708068304,0.141632028746105,0.984465433255779,-0.0269428655737996,0.101870508041627,0.140443199588031,0.967322856389522,-0.0422037718224476,0.209371156539207,0.13663473921302,0.984465433255779,-0.0269428655737996,0.101870508041627,0.140443199588031,0.984465433255779,-0.0269428655737996,0.101870508041627,0.140443199588031,0.984454798045944,-0.0269931957934777,0.101892625483786,0.140492031294288,0.984454798045944,-0.0269931957934777,0.101892625483786,0.140492031294288,0.984463392993442,-0.0269525271541996,0.101874732490851,0.140452582802027,0.984465433255779,-0.0269428655737996,0.101870508041627,0.140443199588031,0.984454798045944,-0.0269931957934777,0.101892625483786,0.140492031294288,0.984454798045944,-0.0269931957934777,0.101892625483786,0.140492031294288,0.984463392993442,-0.0269525271541996,0.101874732490851,0.140452582802027,0.985973920363244,0.0143335737109041,-0.0610671915076724,0.154663425377734,0.960702681414556,-0.00552547973791151,0.0229384399975464,0.276574863223372,0.980670045939834,-0.0241499508411901,-0.00280070932566544,0.194152509378601,0.980648246067014,-0.0232958878164359,-0.00711340017504426,0.194256836776685,0.979794265136932,-0.0601347492230437,0.0442595285873849,0.185548117936785,0.975645989595359,-0.0528068615638826,0.10418340398424,0.185666789417286,0.990361537123588,-0.024611282449895,-0.00787253854648735,0.136074735712446,0.990361537123588,-0.024611282449895,-0.00787253854648735,0.136074735712446
990,1760,0.984649511505142,-0.0260839255640448,0.101591219740182,0.139514129720101,0.984649511505142,-0.0260839255640448,0.101591219740182,0.139514129720101,0.988540171441128,-0.0189597576725322,0.0514175639519983,0.140659486538899,0.988542822016575,-0.0189525030539681,0.0513665793597256,0.140660464212148,0.984649511505142,-0.0260839255640448,0.101591219740182,0.139514129720101,0.967536493431445,-0.0412479942492301,0.209113773611392,0.135805620409478,0.984649511505142,-0.0260839255640448,0.101591219740182,0.139514129720101,0.984649511505142,-0.0260839255640448,0.101591219740182,0.139514129720101,0.984639820537888,-0.0261293902743282,0.101606294644983,0.139563031149102,0.984639820537888,-0.0261293902743282,0.101606294644983,0.139563031149102,0.9846476588499,-0.0260926118084555,0.101594055748642,0.139523515462325,0.984649511505142,-0.0260839255640448,0.101591219740182,0.139514129720101,0.984639820537888,-0.0261293902743282,0.101606294644983,0.139563031149102,0.984639820537888,-0.0261293902743282,0.101606294644983,0.139563031149102,0.9846476588499,-0.0260926118084555,0.101594055748642,0.139523515462325,0.986189711041363,0.013843600240655,-0.0602772897132846,0.153638722050632,0.96080107065228,-0.0057646799833641,0.0237286704194227,0.276161223379112,0.980652266261071,-0.024368833465861,-0.00285392088865878,0.194214180141667,0.980632897308829,-0.023588688004606,-0.00679212066325107,0.194310477357265,0.979903376747975,-0.0605515628323387,0.0448187125775771,0.184700198915342,0.975656133910199,-0.0533327832932069,0.104910001694843,0.185053003580034,0.990342914753168,-0.024978927607394,-0.00745859882114241,0.136166565930882,0.990342914753168,-0.024978927607394,-0.00745859882114241,0.136166565930882
991,1761,0.984801043032352,-0.0253304917264845,0.101463976515337,0.138673477280195,0.984801043032352,-0.0253304917264845,0.101463976515337,0.138673477280195,0.988685040322909,-0.0182500215724558,0.0512827839494041,0.139781629067239,0.988687683946808,-0.0182428122308361,0.0512317918856152,0.139782570136612,0.984801043032352,-0.0253304917264845,0.101463976515337,0.138673477280195,0.967701082589992,-0.0404067949175435,0.209003941690274,0.135052797218636,0.984801043032352,-0.0253304917264845,0.101463976515337,0.138673477280195,0.984801043032352,-0.0253304917264845,0.101463976515337,0.138673477280195,0.984793016422998,-0.0253704375515127,0.101471095979884,0.138717959845068,0.984793016422998,-0.0253704375515127,0.101471095979884,0.138717959845068,0.984799515741086,-0.0253381130975095,0.1014652779829,0.138681978586377,0.984801043032352,-0.0253304917264845,0.101463976515337,0.138673477280195,0.984793016422998,-0.0253704375515127,0.101471095979884,0.138717959845068,0.984793016422998,-0.0253704375515127,0.101471095979884,0.138717959845068,0.984799515741086,-0.0253381130975095,0.1014652779829,0.138681978586377,0.986449788430419,0.0135646516615353,-0.0589632193357428,0.152499684906063,0.960640582107399,-0.00587800994262801,0.0244278556231332,0.276655744341461,0.980614800748067,-0.0247186934849707,-0.00285583897181682,0.194359056722323,0.980595234724092,-0.0239325454531028,-0.00682120948281293,0.19445742466085,0.98001684741317,-0.0609811568252355,0.0453364039702331,0.183828419385186,0.975645486905954,-0.0538741597370781,0.10559620571706,0.184561372260904,0.990319152374906,-0.0253365659775179,-0.00702189862725472,0.136296470253576,0.990319152374906,-0.0253365659775179,-0.00702189862725472,0.136296470253576
992,1762,0.984897818027132,-0.0247898332394793,0.101583378436398,0.137994816709906,0.984897818027132,-0.0247898332394793,0.101583378436398,0.137994816709906,0.988787758561958,-0.0177445530184608,0.051397113218336,0.139076367902734,0.988790408082317,-0.0177373800517607,0.0513461158566433,0.139077282903215,0.984897818027132,-0.0247898332394792,0.101583378436398,0.137994816709906,0.967784159144565,-0.0397948743111951,0.209133249479862,0.134437618430995,0.984897818027132,-0.0247898332394792,0.101583378436398,0.137994816709906,0.984897818027132,-0.0247898332394792,0.101583378436398,0.137994816709906,0.984892598615389,-0.0248188639795892,0.101577766444593,0.138030976767958,0.984892598615389,-0.0248188639795892,0.101577766444593,0.138030976767958,0.984896838886851,-0.0247953161365149,0.101582197832173,0.138001688873592,0.984897818027132,-0.0247898332394792,0.101583378436398,0.137994816709906,0.984892598615389,-0.0248188639795892,0.101577766444593,0.138030976767958,0.984892598615389,-0.0248188639795892,0.101577766444593,0.138030976767958,0.984896838886851,-0.0247953161365149,0.101582197832173,0.138001688873592,0.986743167523361,0.0135256206765732,-0.0574441709611372,0.151179185584083,0.960409729880094,-0.00595262439224375,0.025090356945747,0.277395369468966,0.980576201184795,-0.0251474425545231,-0.00284742310709923,0.194498873993172,0.980555454266175,-0.0243264471042924,-0.00698536020617813,0.194603262621486,0.980121872918355,-0.0613844133811444,0.0458212282793835,0.18301224838747,0.975596659360876,-0.0544182169133713,0.106310589797444,0.184249489575376,0.990288506411215,-0.0257148125727623,-0.00658659651492952,0.136469920607226,0.990288506411215,-0.0257148125727623,-0.00658659651492952,0.136469920607226
993,1763,0.984934222705923,-0.0244809630223159,0.101981395753454,0.13749565197619,0.984934222705923,-0.0244809630223159,0.101981395753454,0.13749565197619,0.988844344438078,-0.0174614507637405,0.0517927660003793,0.138562150676449,0.98884701436438,-0.017454304318464,0.0517417657197115,0.138563051076454,0.984934222705923,-0.0244809630223159,0.101981395753454,0.13749565197619,0.967776632202941,-0.0394330526799415,0.209532857325711,0.133975394081147,0.984934222705923,-0.0244809630223159,0.101981395753454,0.13749565197619,0.984934222705923,-0.0244809630223159,0.101981395753454,0.13749565197619,0.984932154727118,-0.0244978584005036,0.101961215655543,0.137522420064617,0.984932154727118,-0.0244978584005036,0.101961215655543,0.137522420064617,0.984933851381702,-0.0244841066162147,0.101977404034202,0.13750071269655,0.984934222705923,-0.0244809630223159,0.101981395753454,0.13749565197619,0.984932154727118,-0.0244978584005036,0.101961215655543,0.137522420064617,0.984932154727118,-0.0244978584005036,0.101961215655543,0.137522420064617,0.984933851381702,-0.0244841066162147,0.101977404034202,0.13750071269655,0.987061955171714,0.013569760275018,-0.0559071366953537,0.149662788712487,0.960199427637989,-0.00600038753317778,0.0257266655457187,0.278063289905427,0.980527954184453,-0.0257501569845348,-0.00282423711189302,0.194663515232972,0.980505500624377,-0.02487885534587,-0.00721169174013056,0.194776788412442,0.980202476476448,-0.0617227206721978,0.046282746383589,0.182349439948284,0.97550783435807,-0.0549570201604499,0.107060031162053,0.184125882940702,0.990250818433557,-0.0261146442012134,-0.00610076548974613,0.136689877497771,0.990250818433557,-0.0261146442012134,-0.00610076548974613,0.136689877497771
994,1764,0.984918876579294,-0.024325536335418,0.102569291272081,0.137195536836,0.984918876579294,-0.024325536335418,0.102569291272081,0.137195536836,0.988858896475013,-0.0173214775423652,0.0523806817108723,0.138254524198933,0.988861596723384,-0.0173143469632861,0.0523296806788929,0.138255417380148,0.984918876579294,-0.024325536335418,0.102569291272081,0.137195536836,0.967696814513499,-0.0392456066283323,0.210115511409088,0.133694163694972,0.984918876579294,-0.024325536335418,0.102569291272081,0.137195536836,0.984918876579294,-0.024325536335418,0.102569291272081,0.137195536836,0.984919552334229,-0.0243341527320071,0.102538888722489,0.137211882649118,0.984919552334229,-0.0243341527320071,0.102538888722489,0.137211882649118,0.984919028613048,-0.0243271220948025,0.102563372637274,0.137198588913236,0.984918876579294,-0.024325536335418,0.102569291272081,0.137195536836,0.984919552334229,-0.0243341527320071,0.102538888722489,0.137211882649118,0.984919552334229,-0.0243341527320071,0.102538888722489,0.137211882649118,0.984919028613048,-0.0243271220948025,0.102563372637274,0.137198588913236,0.987375826722401,0.0135565655620056,-0.0544810819403098,0.14811147168613,0.960061602002334,-0.00605967327974894,0.0263206944596747,0.278481995402964,0.980449841667281,-0.026710282588026,-0.00282761650310786,0.194927354067054,0.980426775971816,-0.0258217196553778,-0.00729550532833491,0.195047049076765,0.980240712199505,-0.0619493308706874,0.0467332913737551,0.181951713453482,0.975375221814323,-0.055479766787521,0.107855300790109,0.184207508639949,0.990202018189969,-0.026535161333962,-0.00558497763657975,0.136984146565549,0.990202018189969,-0.026535161333962,-0.00558497763657975,0.136984146565549
995,1765,0.984867964796008,-0.0242597040640733,0.103246245767455,0.137064843822985,0.984867964796008,-0.0242597040640733,0.103246245767455,0.137064843822985,0.988842455018393,-0.0172623724942905,0.0530593488435593,0.138120654318476,0.988845190269431,-0.0172552488197055,0.0530083486586548,0.138121544451493,0.984867964796008,-0.0242597040640733,0.103246245767455,0.137064843822985,0.96757186558314,-0.0391658194798192,0.210782779843294,0.133571491112325,0.984867964796008,-0.0242597040640733,0.103246245767455,0.137064843822985,0.984867964796008,-0.0242597040640733,0.103246245767455,0.137064843822985,0.984870556574343,-0.0242634268032698,0.103210879212139,0.137072197490824,0.984870556574343,-0.0242634268032698,0.103210879212139,0.137072197490824,0.984868477829629,-0.0242603783034405,0.103239417286711,0.137066181607368,0.984867964796008,-0.0242597040640733,0.103246245767455,0.137064843822985,0.984870556574343,-0.0242634268032698,0.103210879212139,0.137072197490824,0.984870556574343,-0.0242634268032698,0.103210879212139,0.137072197490824,0.984868477829629,-0.0242603783034405,0.103239417286711,0.137066181607368,0.987642935198784,0.0135118991292221,-0.0532145578897349,0.146789209284782,0.959995653777599,-0.00619954371631098,0.0268851913375286,0.278652286681043,0.980284367915342,-0.0284988967480006,-0.00327080632886522,0.195498523602928,0.980267736123358,-0.0278386362364148,-0.00658070427914561,0.195593635324042,0.98022786648408,-0.0620010315807923,0.0471989869566765,0.181883087397508,0.975208534379555,-0.055976625090315,0.108658900725009,0.184467274089501,0.990147527519496,-0.0269733462262207,-0.00499784885465902,0.137314725529404,0.990147527519496,-0.0269733462262207,-0.00499784885465902,0.137314725529404
996,1766,0.98479457837936,-0.0242220090126647,0.103964051521025,0.137056224467707,0.98479457837936,-0.0242220090126647,0.103964051521025,0.137056224467707,0.988805644136252,-0.0172251642135265,0.0537799566598938,0.13811013034448,0.988808416553099,-0.017218041081771,0.0537289583725731,0.138111018558472,0.98479457837936,-0.0242220090126647,0.103964051521025,0.137056224467707,0.967420091561108,-0.0391274058367463,0.211488184204099,0.133567063673791,0.98479457837936,-0.0242220090126647,0.103964051521025,0.137056224467707,0.98479457837936,-0.0242220090126647,0.103964051521025,0.137056224467707,0.98479839073835,-0.0242240802331816,0.103926394321769,0.137057024990652,0.98479839073835,-0.0242240802331816,0.103926394321769,0.137057024990652,0.984795319967907,-0.024222392769408,0.103956805451884,0.137056324400123,0.98479457837936,-0.0242220090126647,0.103964051521025,0.137056224467707,0.98479839073835,-0.0242240802331816,0.103926394321769,0.137057024990652,0.98479839073835,-0.0242240802331816,0.103926394321769,0.137057024990652,0.984795319967907,-0.024222392769408,0.103956805451884,0.137056324400123,0.987833838778843,0.0135569761353383,-0.0520855028787574,0.145902761287745,0.959988607439785,-0.00639148359348664,0.0274395054959345,0.278618190471182,0.980325096637648,-0.0285739714192722,-0.00323919878772685,0.19528374394949,0.980312724587115,-0.0280448459634146,-0.00589487226226555,0.195360433835738,0.980153427303694,-0.0619309025828566,0.0476061627235981,0.182201744011492,0.975003256603261,-0.0563993231798334,0.109470692608912,0.184943054526567,0.990086910476811,-0.0274101439288016,-0.00442885317958434,0.137684345412976,0.990086910476811,-0.0274101439288016,-0.00442885317958434,0.137684345412976
997,1767,0.984697863657825,-0.0242584838822665,0.104760208888035,0.137138404180538,0.984697863657825,-0.0242584838822665,0.104760208888035,0.137138404180538,0.988749517122819,-0.0172574153665782,0.0545800004391765,0.138194057601317,0.988752330802456,-0.0172502879061836,0.0545290050455746,0.13819494747857,0.984697863657825,-0.0242584838822665,0.104760208888035,0.137138404180538,0.967236525541942,-0.0391726852902429,0.21226890426085,0.133644740519792,0.984697863657825,-0.0242584838822665,0.104760208888035,0.137138404180538,0.984697863657825,-0.0242584838822665,0.104760208888035,0.137138404180538,0.984702906690786,-0.0242567641104869,0.104718519929157,0.137134337543346,0.984702906690786,-0.0242567641104869,0.104718519929157,0.137134337543346,0.984698841452638,-0.0242581230507101,0.104752175196591,0.137137583832707,0.984697863657825,-0.0242584838822665,0.104760208888035,0.137138404180538,0.984702906690786,-0.0242567641104869,0.104718519929157,0.137134337543346,0.984702906690786,-0.0242567641104869,0.104718519929157,0.137134337543346,0.984698841452638,-0.0242581230507101,0.104752175196591,0.137137583832707,0.987945673145204,0.0137494911637426,-0.05116690104143,0.145451870542196,0.959977805519196,-0.00658542809360171,0.0279934367715931,0.278595787019629,0.980306541628723,-0.0291712339670137,-0.00339379451561178,0.195285958808,0.980295139402932,-0.0286878090318273,-0.00582005706747446,0.195357559904068,0.980019649272024,-0.0618746897132896,0.0480019942829737,0.182835495346176,0.974792050470626,-0.0568165019995482,0.110283679029203,0.185445014976388,0.990016971972704,-0.0278326479875557,-0.00385726537936162,0.1381190081625,0.990016971972704,-0.0278326479875557,-0.00385726537936162,0.1381190081625
998,1768,0.984576162291798,-0.0244266950054131,0.105623793640752,0.137319814428957,0.984576162291798,-0.0244266950054131,0.105623793640752,0.137319814428957,0.98867186258478,-0.0174161893846247,0.0554486543520438,0.138383782326577,0.988674721065841,-0.0174090521388579,0.0553976629623636,0.138384680392438,0.984576162291798,-0.0244266950054131,0.105623793640752,0.137319814428957,0.967020718947387,-0.0393598019321536,0.213113899740935,0.133806580015903,0.984576162291798,-0.0244266950054131,0.105623793640752,0.137319814428957,0.984576162291798,-0.0244266950054131,0.105623793640752,0.137319814428957,0.984582520531422,-0.024418198980858,0.105578532203265,0.137310543514793,0.984582520531422,-0.024418198980858,0.105578532203265,0.137310543514793,0.984577393159868,-0.0244250093867612,0.105615077892394,0.137317992691265,0.984576162291798,-0.0244266950054131,0.105623793640752,0.137319814428957,0.984582520531422,-0.024418198980858,0.105578532203265,0.137310543514793,0.984582520531422,-0.024418198980858,0.105578532203265,0.137310543514793,0.984577393159868,-0.0244250093867612,0.105615077892394,0.137317992691265,0.987994652942528,0.0141569034530645,-0.0503654171972154,0.145359803907904,0.95996564892586,-0.00682103536746433,0.0285685922597461,0.278573620242774,0.980212185879259,-0.0304108355208739,-0.00364630649477542,0.195565733669459,0.980203243611816,-0.0300305394889745,-0.00555212663067618,0.19562449182235,0.979844098980523,-0.0618185103573218,0.0483566086604195,0.183699896214214,0.974555265620556,-0.0571470393502719,0.11108891035057,0.186106163632129,0.989946567700418,-0.028229428762841,-0.00325235740773111,0.138557982885069,0.989946567700418,-0.028229428762841,-0.00325235740773111,0.138557982885069
999,1769,0.984430648269561,-0.0247532602529644,0.106569864275662,0.137573394530661,0.984430648269561,-0.0247532602529644,0.106569864275662,0.137573394530661,0.988574618304008,-0.0177294450323388,0.0564008977698544,0.138653631595733,0.988577525897696,-0.0177222938685252,0.0563499113943371,0.138654545817573,0.984430648269561,-0.0247532602529644,0.106569864275662,0.137573394530661,0.966772184896762,-0.0397122407438815,0.214038266985371,0.134022761913564,0.984430648269561,-0.0247532602529644,0.106569864275662,0.137573394530661,0.984430648269561,-0.0247532602529644,0.106569864275662,0.137573394530661,0.984438269640257,-0.0247365078839728,0.106520300667006,0.137560255856167,0.984438269640257,-0.0247365078839728,0.106520300667006,0.137560255856167,0.98443212110883,-0.0247499778792299,0.106560316993576,0.137570841265058,0.984430648269561,-0.0247532602529644,0.106569864275662,0.137573394530661,0.984438269640257,-0.0247365078839728,0.106520300667006,0.137560255856167,0.984438269640257,-0.0247365078839728,0.106520300667006,0.137560255856167,0.98443212110883,-0.0247499778792299,0.106560316993576,0.137570841265058,0.987982055810043,0.0146066972294006,-0.0497455277605466,0.145614162296235,0.959901856079647,-0.00706855227212063,0.0291523035767722,0.278726757703299,0.980177899287629,-0.0311085420345128,-0.00381278753658559,0.195624658496261,0.980173590959379,-0.0309126793037328,-0.00479407827487664,0.195655704382868,0.979636961854608,-0.0618419610955781,0.0487069590721319,0.184701453578665,0.974321210842934,-0.0574089453883636,0.111849359833511,0.186794303435058,0.989870746226631,-0.0286311659360167,-0.00267484183833603,0.139028800336539,0.989870746226631,-0.0286311659360167,-0.00267484183833603,0.139028800336539
1000,1770,0.984266888687369,-0.0252104509874225,0.1075242273513,0.137919054257206,0.984266888687369,-0.0252104509874225,0.1075242273513,0.137919054257206,0.988459573484742,-0.0181684776411573,0.0573623501974143,0.139022080211721,0.988462530666041,-0.0181613074738119,0.0573113697541205,0.139023017076429,0.984266888687369,-0.0252104509874225,0.1075242273513,0.137919054257206,0.966504604950585,-0.0402046273624893,0.214968872730735,0.134316120792833,0.984266888687369,-0.0252104509874225,0.1075242273513,0.137919054257206,0.984266888687369,-0.0252104509874225,0.1075242273513,0.137919054257206,0.984275490244106,-0.0251867546593901,0.107474034556654,0.137901118888022,0.984275490244106,-0.0251867546593901,0.107474034556654,0.137901118888022,0.984268547295577,-0.0252058464162964,0.107514588932094,0.137915573007023,0.984266888687369,-0.0252104509874225,0.1075242273513,0.137919054257206,0.984275490244106,-0.0251867546593901,0.107474034556654,0.137901118888022,0.984275490244106,-0.0251867546593901,0.107474034556654,0.137901118888022,0.984268547295577,-0.0252058464162964,0.107514588932094,0.137915573007023,0.987909896469104,0.0149528732462335,-0.049371877388411,0.146194616054184,0.9597695347808,-0.00729099237791344,0.0297797665316952,0.27911009842374,0.980166220273388,-0.031555265613787,-0.00390536958554432,0.195609800202917,0.980164995884224,-0.0314961774435037,-0.00420144259709424,0.195619322997063,0.97940798805584,-0.0619572708362149,0.0490568845377582,0.185781354291511,0.97409696426935,-0.0576211072579822,0.112576850699562,0.187460302160669,0.989788761693839,-0.029018832791351,-0.00209895348260291,0.139541065505042,0.989788761693839,-0.029018832791351,-0.00209895348260291,0.139541065505042
1001,1771,0.984093681982875,-0.0257630728357666,0.10842359859823,0.138348156570506,0.984093681982875,-0.0257630728357666,0.10842359859823,0.138348156570506,0.988332298928366,-0.0186985772757638,0.0582693619887301,0.139478713631366,0.988335302889486,-0.0186913835565841,0.0582183881084879,0.139479677835658,0.984093681982875,-0.0257630728357666,0.10842359859823,0.138348156570506,0.966233674388058,-0.0408010317551397,0.215843781773194,0.134681937007582,0.984093681982875,-0.0257630728357666,0.10842359859823,0.138348156570506,0.984093681982875,-0.0257630728357666,0.10842359859823,0.138348156570506,0.984102806678471,-0.0257342578173626,0.108376124161446,0.138325809500207,0.984102806678471,-0.0257342578173626,0.108376124161446,0.138325809500207,0.984095437234556,-0.0257575007430505,0.108414509226476,0.138343831661492,0.984093681982875,-0.0257630728357666,0.10842359859823,0.138348156570506,0.984102806678471,-0.0257342578173626,0.108376124161446,0.138325809500207,0.984102806678471,-0.0257342578173626,0.108376124161446,0.138325809500207,0.984095437234556,-0.0257575007430505,0.108414509226476,0.138343831661492,0.987786095337646,0.0151846357892431,-0.049240488310871,0.147049076856886,0.959575667829623,-0.00748089552007226,0.0304131742093088,0.279702722092698,0.980119353235563,-0.0322539122401752,-0.00401072311806498,0.195728517744285,0.980119353235563,-0.0322539122401752,-0.00401072311806498,0.195728517744285,0.979166981844561,-0.062143566636147,0.0494033832881428,0.186894367252835,0.973881548792139,-0.0577989549865341,0.113283242681234,0.188098156961501,0.989702833581957,-0.0294203019586317,-0.00154622064070477,0.140072681969894,0.989702833581957,-0.0294203019586317,-0.00154622064070477,0.140072681969894
1002,1772,0.983919477688408,-0.0263744043734622,0.109262684250626,0.138811087632305,0.983919477688408,-0.0263744043734622,0.109262684250626,0.138811087632305,0.988200964205366,-0.0192855914669836,0.0591162167925792,0.139972115857005,0.988204011843681,-0.0192783722995215,0.0590652496848739,0.139973110336233,0.983919477688408,-0.0263744043734622,0.109262684250626,0.138811087632305,0.96596837300844,-0.0414595058834565,0.21665866032012,0.135074929678375,0.983919477688408,-0.0263744043734622,0.109262684250626,0.138811087632305,0.983919477688408,-0.0263744043734622,0.109262684250626,0.138811087632305,0.983928678371615,-0.0263423979554522,0.109218360036722,0.138786828549157,0.983928678371615,-0.0263423979554522,0.109218360036722,0.138786828549157,0.983921243855709,-0.0263682355119214,0.109254203228226,0.138806415998643,0.983919477688408,-0.0263744043734622,0.109262684250626,0.138811087632305,0.983928678371615,-0.0263423979554522,0.109218360036722,0.138786828549157,0.983928678371615,-0.0263423979554522,0.109218360036722,0.138786828549157,0.983921243855709,-0.0263682355119214,0.109254203228226,0.138806415998643,0.98761692176512,0.015316782963226,-0.0492924523810743,0.14815014728682,0.959356855166745,-0.00762159544950025,0.0310394344298632,0.280379901629293,0.980094975302918,-0.0327378046490331,-0.00405761015273562,0.195769280870578,0.980094975302918,-0.0327378046490331,-0.00405761015273562,0.195769280870578,0.978912972907294,-0.0623872831882235,0.0497666670110494,0.188043870479223,0.973676421843757,-0.0579460664081449,0.113959906026824,0.18870511056068,0.989614053309494,-0.0298578965374545,-0.000976822108461805,0.140611440947321,0.989614053309494,-0.0298578965374545,-0.000976822108461805,0.140611440947321
1003,1773,0.983752317147951,-0.0270049453477507,0.110063645928959,0.139241176659876,0.983752317147951,-0.0270049453477507,0.110063645928959,0.139241176659876,0.988074726577302,-0.0198934593853976,0.0599246389086199,0.140433694762131,0.988077815910617,-0.0198862164109314,0.0598736783106172,0.14043472059188,0.983752317147951,-0.0270049453477507,0.110063645928959,0.139241176659876,0.965714259661643,-0.0421334664464414,0.217436419063833,0.135433169334799,0.983752317147951,-0.0270049453477507,0.110063645928959,0.139241176659876,0.983752317147951,-0.0270049453477507,0.110063645928959,0.139241176659876,0.983761167710967,-0.0269718188626254,0.110021385260697,0.139218463849136,0.983761167710967,-0.0269718188626254,0.110021385260697,0.139218463849136,0.983754012639436,-0.0269985784188922,0.110055552196583,0.139236829933295,0.983752317147951,-0.0270049453477507,0.110063645928959,0.139241176659876,0.983761167710967,-0.0269718188626254,0.110021385260697,0.139218463849136,0.983761167710967,-0.0269718188626254,0.110021385260697,0.139218463849136,0.983754012639436,-0.0269985784188922,0.110055552196583,0.139236829933295,0.987408001538991,0.0153792791706508,-0.0494585377162905,0.149474978895911,0.959134263957387,-0.00768084799921503,0.0316748829528148,0.281067910062426,0.980080420152987,-0.0331204501991102,-0.00407814413664998,0.195777359650584,0.980080420152987,-0.0331204501991102,-0.00407814413664998,0.195777359650584,0.978652127286264,-0.0626400765061607,0.0501937707848198,0.189200475548486,0.973475274784533,-0.0580403955533703,0.114635747737652,0.189303584772757,0.989521295307385,-0.0303591447818495,-0.000407959222598721,0.141158641359935,0.989521295307385,-0.0303591447818495,-0.000407959222598721,0.141158641359935
1004,1774,0.983592667174523,-0.0276525971451136,0.110863891199494,0.139606577852712,0.983592667174523,-0.0276525971451137,0.110863891199494,0.139606577852712,0.987955953400717,-0.0205217036133584,0.0607319638367332,0.140831539043712,0.987959084372434,-0.0205144401190107,0.0606810093634512,0.140832597274987,0.983592667174523,-0.0276525971451137,0.110863891199494,0.139606577852712,0.965467690129723,-0.0428173301266648,0.218214290565405,0.135725233281949,0.983592667174523,-0.0276525971451137,0.110863891199494,0.139606577852712,0.983592667174523,-0.0276525971451137,0.110863891199494,0.139606577852712,0.983601123793421,-0.0276185591114589,0.110821769453714,0.139587176631934,0.983601123793421,-0.0276185591114589,0.110821769453714,0.139587176631934,0.98359428668578,-0.027646057126761,0.110855808490411,0.139602881232351,0.983592667174523,-0.0276525971451137,0.110863891199494,0.139606577852712,0.983601123793421,-0.0276185591114589,0.110821769453714,0.139587176631934,0.983601123793421,-0.0276185591114589,0.110821769453714,0.139587176631934,0.98359428668578,-0.027646057126761,0.110855808490411,0.139602881232351,0.987194881630963,0.0153908744016919,-0.0495520979783758,0.150844211863502,0.958920945506413,-0.00771336557329603,0.0323095556610121,0.281721878585261,0.980046760548233,-0.0336376677645208,-0.00409542323844891,0.19585729997827,0.980046760548233,-0.0336376677645208,-0.00409542323844891,0.19585729997827,0.978401971361951,-0.0629047464311766,0.0506202194576553,0.190289696761375,0.973289837620002,-0.0581173937071475,0.115285599694139,0.18983806530167,0.989443061084592,-0.0308771866612196,0.000191150195743826,0.141594462028161,0.989443061084592,-0.0308771866612196,0.000191150195743826,0.141594462028161
1005,1775,0.983448350463911,-0.02829807236602,0.111645176123059,0.139871068197221,0.983448350463911,-0.02829807236602,0.111645176123059,0.139871068197221,0.987851530059169,-0.0211529026212618,0.0615195736452627,0.141128492264884,0.987854701652451,-0.0211456238105426,0.0614686245566266,0.141129583050213,0.983448350463911,-0.02829807236602,0.111645176123059,0.139871068197221,0.965238443392571,-0.0434879480744823,0.218975000351235,0.135917235811118,0.983448350463911,-0.02829807236602,0.111645176123059,0.139871068197221,0.983448350463911,-0.02829807236602,0.111645176123059,0.139871068197221,0.983456018180267,-0.0282640975321127,0.111604009078764,0.13985687774742,0.983456018180267,-0.0282640975321127,0.111604009078764,0.13985687774742,0.98344981538305,-0.0282915523722758,0.111637283076044,0.139868387117356,0.983448350463911,-0.02829807236602,0.111645176123059,0.139871068197221,0.983456018180267,-0.0282640975321127,0.111604009078764,0.13985687774742,0.983456018180267,-0.0282640975321127,0.111604009078764,0.13985687774742,0.98344981538305,-0.0282915523722758,0.111637283076044,0.139868387117356,0.987015244189425,0.0153377150795963,-0.0494283625214241,0.152060840495763,0.958722576345912,-0.00768859708476273,0.032904973253663,0.282328124377826,0.980026081861831,-0.0339797767836665,-0.00409500928805911,0.195901721634119,0.980026081861831,-0.0339797767836665,-0.00409500928805911,0.195901721634119,0.978179541606936,-0.0631544041547491,0.051112643867649,0.191216639585476,0.973114911279643,-0.0581436622659206,0.115943651284635,0.190325389032326,0.989376768716178,-0.0313742312754152,0.000899209606382049,0.141945266066526,0.989376768716178,-0.0313742312754152,0.000899209606382049,0.141945266066526
1006,1776,0.983314282221241,-0.0289218273844007,0.112437847687202,0.140050993170139,0.983314282221241,-0.0289218273844007,0.112437847687202,0.140050993170139,0.987757920639245,-0.021766707320934,0.0623180345264557,0.141339885522807,0.987761133413727,-0.0217594176066703,0.0622670902647169,0.141341007965183,0.983314282221241,-0.0289218273844007,0.112437847687202,0.140050993170139,0.965018132618282,-0.0441276899874729,0.219748153418245,0.136027569865689,0.983314282221241,-0.0289218273844007,0.112437847687202,0.140050993170139,0.983314282221241,-0.0289218273844007,0.112437847687202,0.140050993170139,0.983321396710282,-0.0288889416997297,0.112396158914762,0.140041291340863,0.983321396710282,-0.0288889416997297,0.112396158914762,0.140041291340863,0.983315642857919,-0.0289155247891631,0.11242984264622,0.140049167864831,0.983314282221241,-0.0289218273844007,0.112437847687202,0.140050993170139,0.983321396710282,-0.0288889416997297,0.112396158914762,0.140041291340863,0.983321396710282,-0.0288889416997297,0.112396158914762,0.140041291340863,0.983315642857919,-0.0289155247891631,0.11242984264622,0.140049167864831,0.986896331787632,0.0151939305747239,-0.049009710885602,0.1529798124483,0.958569921741845,-0.00768815988537403,0.0334745339218734,0.282779159253512,0.980020516423042,-0.0341594526402165,-0.00405746115947022,0.195899096971313,0.980020516423042,-0.0341594526402165,-0.00405746115947022,0.195899096971313,0.978002290872535,-0.0634051510580291,0.0516264916157067,0.191901045413609,0.972963298298648,-0.0581791973252634,0.116608726016937,0.190682999187422,0.98931620682603,-0.0319298755409322,0.00162816806411263,0.142236686646074,0.98931620682603,-0.0319298755409322,0.00162816806411263,0.142236686646074
1007,1777,0.983181050516165,-0.0295109749107077,0.11324729023069,0.140211181869189,0.983181050516165,-0.0295109749107077,0.11324729023069,0.140211181869189,0.987665999019292,-0.0223469522989439,0.0631332021989196,0.141529809172075,0.987669253836634,-0.0223396527884878,0.0630822626770067,0.141530961540664,0.983181050516165,-0.0295109749107077,0.11324729023069,0.140211181869189,0.964796811483981,-0.0447308662484048,0.220538067890803,0.136122087722759,0.983181050516165,-0.0295109749107077,0.11324729023069,0.140211181869189,0.983181050516165,-0.0295109749107077,0.11324729023069,0.140211181869189,0.983188094911759,-0.0294798740571255,0.113204736776407,0.140202691203653,0.983188094911759,-0.0294798740571255,0.113204736776407,0.140202691203653,0.983182401633347,-0.0295050205643212,0.113239116351605,0.140209562469505,0.983181050516165,-0.0295109749107077,0.11324729023069,0.140211181869189,0.983188094911759,-0.0294798740571255,0.113204736776407,0.140202691203653,0.983188094911759,-0.0294798740571255,0.113204736776407,0.140202691203653,0.983182401633347,-0.0295050205643212,0.113239116351605,0.140209562469505,0.986850829100295,0.0149621909211511,-0.0483792282513721,0.153496007181626,0.958470237113189,-0.00767581117417135,0.0340156375494481,0.283052685719657,0.980002198635202,-0.0343932084317823,-0.00403412469654929,0.195950309318133,0.980002198635202,-0.0343932084317823,-0.00403412469654929,0.195950309318133,0.977878672343986,-0.0635902121428023,0.0521096739546015,0.192338682991077,0.972830406014078,-0.0582275853589899,0.117291476391629,0.190927365779811,0.989259344138857,-0.0325505684209706,0.00239808533729552,0.142480383618753,0.989259344138857,-0.0325505684209706,0.00239808533729552,0.142480383618753
1008,1778,0.983038212355322,-0.0300990976697148,0.114100574623344,0.140395784264858,0.983038212355322,-0.0300990976697148,0.114100574623344,0.140395784264858,0.987566711511244,-0.0229249330683744,0.0639926432880502,0.141744062886902,0.987570010654884,-0.0229176225068919,0.0639417088858042,0.141745245064895,0.983038212355322,-0.0300990976697148,0.114100574623344,0.140395784264858,0.964561127162837,-0.0453357051235641,0.2213705040119,0.136240984145098,0.983038212355322,-0.0300990976697148,0.114100574623344,0.140395784264858,0.983038212355322,-0.0300990976697148,0.114100574623344,0.140395784264858,0.983045735568561,-0.0300681373731759,0.114055786097465,0.140386133763505,0.983045735568561,-0.0300681373731759,0.114055786097465,0.140386133763505,0.983039659846792,-0.0300931570689365,0.114091960688779,0.140393922846103,0.983038212355322,-0.0300990976697148,0.114100574623344,0.140395784264858,0.983045735568561,-0.0300681373731759,0.114055786097465,0.140386133763505,0.983045735568561,-0.0300681373731759,0.114055786097465,0.140386133763505,0.983039659846792,-0.0300931570689365,0.114091960688779,0.140393922846103,0.986860554993779,0.0146944635409653,-0.0475992263099056,0.15370306240707,0.958374730509222,-0.0076505883436472,0.034531158700539,0.283314213371252,0.979987794333035,-0.0346140101920063,-0.00406078555459368,0.195982915779369,0.979987794333035,-0.0346140101920063,-0.00406078555459368,0.195982915779369,0.977808273385859,-0.0636992640817835,0.0525654359726008,0.192536384080034,0.972703276781881,-0.0583101585335728,0.117999663200693,0.191113422433131,0.989202454837231,-0.0332445125222172,0.00321980232655446,0.142698768754798,0.989202454837231,-0.0332445125222172,0.00321980232655446,0.142698768754798
1009,1779,0.982883020854646,-0.0306799530548905,0.115006066916383,0.140617610449831,0.982883020854646,-0.0306799530548905,0.115006066916383,0.140617610449831,0.987457739964639,-0.0234937640488178,0.0649048526371946,0.141995122940505,0.987461086156142,-0.0234864405380131,0.0648539238540051,0.141996334455947,0.982883020854646,-0.0306799530548905,0.115006066916383,0.140617610449831,0.964307430602235,-0.0459374086083629,0.22225347555718,0.13639767732047,0.982883020854646,-0.0306799530548905,0.115006066916383,0.140617610449831,0.982883020854646,-0.0306799530548905,0.115006066916383,0.140617610449831,0.982891188278837,-0.0306493632529765,0.114958556572336,0.140606041146202,0.982891188278837,-0.0306493632529765,0.114958556572336,0.140606041146202,0.982884593348338,-0.0306740852843185,0.114996926566353,0.140615374446524,0.982883020854646,-0.0306799530548905,0.115006066916383,0.140617610449831,0.982891188278837,-0.0306493632529765,0.114958556572336,0.140606041146202,0.982891188278837,-0.0306493632529765,0.114958556572336,0.140606041146202,0.982884593348338,-0.0306740852843185,0.114996926566353,0.140615374446524,0.986910300890203,0.0144998225493135,-0.0467301963969843,0.153668805837579,0.958257574838501,-0.00762927872909743,0.0350292683635462,0.283649721890613,0.979975193390803,-0.0348255144538422,-0.00410516495694178,0.196007529198144,0.979975193390803,-0.0348255144538422,-0.00410516495694178,0.196007529198144,0.977769952851289,-0.0636986445951183,0.0529831571088227,0.192616684222096,0.972562855176639,-0.0584290883154854,0.11876378336458,0.191318316243418,0.98914563117559,-0.0339922186571564,0.00409209154070154,0.142894031309329,0.98914563117559,-0.0339922186571564,0.00409209154070154,0.142894031309329
1010,1780,0.982694275105802,-0.0312812819462843,0.115972511208616,0.141009998645651,0.982694275105802,-0.0312812819462843,0.115972511208616,0.141009998645651,0.987318355266199,-0.0240743736863682,0.0658796405287569,0.142417565102969,0.98732175173313,-0.0240670283870955,0.0658287189331163,0.142418806563122,0.982694275105802,-0.0312812819462843,0.115972511208616,0.141009998645651,0.964013688832238,-0.046578193372776,0.223193345388728,0.136721652346575,0.982694275105802,-0.0312812819462843,0.115972511208616,0.141009998645651,0.982694275105802,-0.0312812819462843,0.115972511208616,0.141009998645651,0.982704158795253,-0.0312496872135777,0.115921817950953,0.140989806221987,0.982704158795253,-0.0312496872135777,0.115921817950953,0.140989806221987,0.982696185645544,-0.0312752102123183,0.11596275622795,0.141006053458321,0.982694275105802,-0.0312812819462843,0.115972511208616,0.141009998645651,0.982704158795253,-0.0312496872135777,0.115921817950953,0.140989806221987,0.982704158795253,-0.0312496872135777,0.115921817950953,0.140989806221987,0.982696185645544,-0.0312752102123183,0.11596275622795,0.141006053458321,0.986983992792201,0.0145639535347552,-0.0459543013489899,0.153423242753271,0.958261963540354,-0.00769663548796996,0.0356200946101582,0.283559482108981,0.979985035521231,-0.0350103110611871,-0.00423844745951012,0.195922545504552,0.979985035521231,-0.0350103110611871,-0.00423844745951012,0.195922545504552,0.977734725389128,-0.0635696252533379,0.0534071600092248,0.192721002418379,0.972390188064631,-0.0586702825065155,0.119630101927059,0.191582250793643,0.989092401882981,-0.0348301464013327,0.00505237155953512,0.143029909391856,0.989092401882981,-0.0348301464013327,0.00505237155953512,0.143029909391856
1011,1781,0.982517787248424,-0.0318137630864884,0.116960072846793,0.141304718882314,0.982517787248424,-0.0318137630864884,0.116960072846793,0.141304718882314,0.987192285855097,-0.0245911882764399,0.0668748954993973,0.142738966506296,0.987195733653039,-0.0245838264000189,0.0668239804045349,0.14274023462103,0.982517787248424,-0.0318137630864884,0.116960072846793,0.141304718882314,0.963729811639718,-0.0471398206560348,0.224155551028167,0.136956111249735,0.982517787248424,-0.0318137630864884,0.116960072846793,0.141304718882314,0.982517787248424,-0.0318137630864884,0.116960072846793,0.141304718882314,0.982527141531766,-0.0317855604417462,0.116908164338998,0.141288978380152,0.982527141531766,-0.0317855604417462,0.116908164338998,0.141288978380152,0.982519578069417,-0.0318083777778532,0.116950100492105,0.141301733210608,0.982517787248424,-0.0318137630864884,0.116960072846793,0.141304718882314,0.982527141531766,-0.0317855604417462,0.116908164338998,0.141288978380152,0.982527141531766,-0.0317855604417462,0.116908164338998,0.141288978380152,0.982519578069417,-0.0318083777778532,0.116950100492105,0.141301733210608,0.987088624146424,0.014598753522011,-0.0450004315575155,0.153029035270962,0.9581607285481,-0.0076920795436127,0.0361505485703301,0.283834437689532,0.979978423450811,-0.0351806846851245,-0.00432298569398153,0.19592325229701,0.979978423450811,-0.0351806846851245,-0.00432298569398153,0.19592325229701,0.977696474086657,-0.063333774166885,0.053772417659503,0.192891069537572,0.972201019452629,-0.0589624495671429,0.1205450972134,0.191878833783517,0.989034791209727,-0.035680853630691,0.00604916630248782,0.143179838133594,0.989034791209727,-0.035680853630691,0.00604916630248782,0.143179838133594
1012,1782,0.982335943369847,-0.0323562993249622,0.117990097617348,0.141589198464837,0.982335943369847,-0.0323562993249622,0.117990097617348,0.141589198464837,0.987063025427774,-0.0251185654264351,0.0679128309338354,0.143050651514907,0.987066526758001,-0.0251111874739804,0.0678619225042728,0.143051946829004,0.982335943369847,-0.0323562993249622,0.117990097617348,0.141589198464837,0.963435947399445,-0.0477103175576949,0.225159374734015,0.137179287162696,0.982335943369847,-0.0323562993249622,0.117990097617348,0.141589198464837,0.982335943369847,-0.0323562993249622,0.117990097617348,0.141589198464837,0.982345541146164,-0.0323277636203244,0.117936005486943,0.141574192914325,0.982345541146164,-0.0323277636203244,0.117936005486943,0.141574192914325,0.982337787002249,-0.0323508203480756,0.117979698518507,0.141586324861594,0.982335943369847,-0.0323562993249622,0.117990097617348,0.141589198464837,0.982345541146164,-0.0323277636203244,0.117936005486943,0.141574192914325,0.982345541146164,-0.0323277636203244,0.117936005486943,0.141574192914325,0.982337787002249,-0.0323508203480756,0.117979698518507,0.141586324861594,0.987210831510338,0.0146726836756144,-0.0439928505029728,0.152525786695384,0.958072798263313,-0.00771724778120245,0.0366882657224451,0.284061487134155,0.979972584063625,-0.0352997117745365,-0.0044114450067187,0.195929078967999,0.979972584063625,-0.0352997117745365,-0.0044114450067187,0.195929078967999,0.977631935163027,-0.0630031316115636,0.0540729346010805,0.193242134381088,0.971972174546689,-0.0592784331592147,0.121544702461854,0.192309762031544,0.988973629541653,-0.0365368654165781,0.00706702707687202,0.143339717681581,0.988973629541653,-0.0365368654165781,0.00706702707687202,0.143339717681581
1013,1783,0.982153310931601,-0.0329111782926095,0.11905241990683,0.141838815152322,0.982153310931601,-0.0329111782926095,0.11905241990683,0.141838815152322,0.98693461890114,-0.0256600411752854,0.0689830622257289,0.143328145970375,0.986938175429327,-0.0256526489101755,0.0689321604173829,0.143329469211024,0.982153310931601,-0.0329111782926095,0.11905241990683,0.141838815152322,0.963137752362276,-0.048289253785351,0.22619521399473,0.137366455546019,0.982153310931601,-0.0329111782926095,0.11905241990683,0.141838815152322,0.982153310931601,-0.0329111782926095,0.11905241990683,0.141838815152322,0.98216296195326,-0.0328820088746705,0.118996603959136,0.141825589742323,0.98216296195326,-0.0328820088746705,0.118996603959136,0.141825589742323,0.982155163289204,-0.0329055749662549,0.119041693610959,0.141836291345803,0.982153310931601,-0.0329111782926095,0.11905241990683,0.141838815152322,0.98216296195326,-0.0328820088746705,0.118996603959136,0.141825589742323,0.98216296195326,-0.0328820088746705,0.118996603959136,0.141825589742323,0.982155163289204,-0.0329055749662549,0.119041693610959,0.141836291345803,0.987343366539092,0.0147815833770566,-0.0429275853754796,0.151959875486756,0.957980526659499,-0.00777441667483593,0.0372552312352623,0.284297233071589,0.979968626068817,-0.0354327565983903,-0.00452009206550812,0.19592238373487,0.979968626068817,-0.0354327565983903,-0.00452009206550812,0.19592238373487,0.97751346123409,-0.062648684881294,0.054374190374593,0.193871150019546,0.971710791681431,-0.0596349472893032,0.122597849178171,0.192851180365938,0.988912847345372,-0.0374008762492361,0.0081152537984511,0.143480651890231,0.988912847345372,-0.0374008762492361,0.0081152537984511,0.143480651890231
1014,1784,0.981977446408356,-0.0334711893811909,0.120098947702772,0.142043011047426,0.981977446408356,-0.0334711893811909,0.120098947702772,0.142043011047426,0.986812168827372,-0.0262089508119644,0.0700371754727996,0.143560539158038,0.986815779722215,-0.026201546560313,0.069986279978484,0.143561890708706,0.981977446408356,-0.0334711893811909,0.120098947702772,0.142043011047426,0.962848018899186,-0.0488683028476251,0.227216097572118,0.137507914255156,0.981977446408356,-0.0334711893811909,0.120098947702772,0.142043011047426,0.981977446408356,-0.0334711893811909,0.120098947702772,0.142043011047426,0.981986760529071,-0.0334417316546832,0.120043835189744,0.142032145525214,0.981986760529071,-0.0334417316546832,0.120043835189744,0.142032145525214,0.981979230927234,-0.0334655334861318,0.120088376058072,0.142040944913011,0.981977446408356,-0.0334711893811909,0.120098947702772,0.142043011047426,0.981986760529071,-0.0334417316546832,0.120043835189744,0.142032145525214,0.981986760529071,-0.0334417316546832,0.120043835189744,0.142032145525214,0.981979230927234,-0.0334655334861318,0.120088376058072,0.142040944913011,0.987467969289278,0.0149049135987861,-0.041834226816765,0.151442235340627,0.957877096244308,-0.00781769752376632,0.0378046499871617,0.284571889924756,0.979959927069426,-0.0355231420830123,-0.00462394009373814,0.195947102281826,0.979959927069426,-0.0355231420830123,-0.00462394009373814,0.195947102281826,0.977343748699272,-0.0622926919378267,0.0547230968293007,0.194741367159122,0.971426946494098,-0.0600116788764739,0.123688615335725,0.193466825217946,0.988848170011599,-0.0382484429466007,0.00916961117552105,0.143639380073023,0.988848170011599,-0.0382484429466007,0.00916961117552105,0.143639380073023
1015,1785,0.981815784370767,-0.0340210663936407,0.121085911794709,0.142191893463372,0.981815784370767,-0.0340210663936407,0.121085911794709,0.142191893463372,0.986700875707857,-0.0267505506391738,0.071031080183885,0.143737175308827,0.986704537864051,-0.0267431372766918,0.0709801904282537,0.143738554792579,0.981815784370767,-0.0340210663936407,0.121085911794709,0.142191893463372,0.962578943471873,-0.0494312044465401,0.228179337494248,0.137595507020483,0.981815784370767,-0.0340210663936407,0.121085911794709,0.142191893463372,0.981815784370767,-0.0340210663936407,0.121085911794709,0.142191893463372,0.981824367605445,-0.0339921008424382,0.121033812197216,0.14218391105007,0.981824367605445,-0.0339921008424382,0.121033812197216,0.14218391105007,0.981817425413211,-0.0340155112911966,0.121075937246164,0.142190384929974,0.981815784370767,-0.0340210663936407,0.121085911794709,0.142191893463372,0.981824367605445,-0.0339921008424382,0.121033812197216,0.14218391105007,0.981824367605445,-0.0339921008424382,0.121033812197216,0.14218391105007,0.981817425413211,-0.0340155112911966,0.121075937246164,0.142190384929974,0.987566877022578,0.0149406651593345,-0.0407872702833096,0.151078914860097,0.957764277408218,-0.00786046064762994,0.0384076034059391,0.28486954572178,0.979959906388239,-0.0355747835164682,-0.00474282282646719,0.195934995039037,0.979959906388239,-0.0355747835164682,-0.00474282282646719,0.195934995039037,0.977141294327826,-0.0619783324181359,0.0551503958977035,0.195734542333063,0.971136710139532,-0.0603634121627495,0.124811966663502,0.194092044321825,0.988775444797547,-0.039062115729548,0.0102488212809148,0.143847949385789,0.988775444797547,-0.039062115729548,0.0102488212809148,0.143847949385789
1016,1786,0.981668837621274,-0.0346145412757888,0.122020012817451,0.142264694311669,0.981668837621274,-0.0346145412757888,0.122020012817451,0.142264694311669,0.986601592225488,-0.0273395586515818,0.0719714422726586,0.143840043965728,0.986605302881525,-0.0273321399828067,0.0719205576363789,0.143841453827769,0.981668837621274,-0.0346145412757888,0.122020012817451,0.142264694311669,0.962330299897797,-0.0500290847009606,0.22909165018239,0.137602690378168,0.981668837621274,-0.0346145412757888,0.122020012817451,0.142264694311669,0.981668837621274,-0.0346145412757888,0.122020012817451,0.142264694311669,0.981676646546866,-0.0345834203902461,0.121970706805367,0.142260659846667,0.981676646546866,-0.0345834203902461,0.121970706805367,0.142260659846667,0.981670329708265,-0.0346085511935937,0.122010572831467,0.142263952117475,0.981668837621274,-0.0346145412757888,0.122020012817451,0.142264694311669,0.981676646546866,-0.0345834203902461,0.121970706805367,0.142260659846667,0.981676646546866,-0.0345834203902461,0.121970706805367,0.142260659846667,0.981670329708265,-0.0346085511935937,0.122010572831467,0.142263952117475,0.987631327845234,0.0148904762302219,-0.0398205529240044,0.150920368211595,0.957651386952804,-0.00791610989061224,0.0390259502061051,0.285163341757109,0.979962246536797,-0.0356038955417635,-0.00486644294112027,0.19591497063243,0.979962246536797,-0.0356038955417635,-0.00486644294112027,0.19591497063243,0.976940216736708,-0.061738708334953,0.0556033463631613,0.196683534361125,0.970841253293494,-0.0607396364992107,0.125951095329346,0.194715893154104,0.988699790852307,-0.0398102050694697,0.0113363109551326,0.144081085486124,0.988699790852307,-0.0398102050694697,0.0113363109551326,0.144081085486124
1017,1787,0.981538885910769,-0.0352254371790717,0.122862282332838,0.14228648425116,0.981538885910769,-0.0352254371790717,0.122862282332838,0.14228648425116,0.986514614710808,-0.0279485576748861,0.0728192277971598,0.143892853015381,0.986518369091983,-0.0279411362816441,0.0727683476456676,0.143894294286824,0.981538885910769,-0.0352254371790717,0.122862282332838,0.14228648425116,0.962108633764793,-0.0506386784339706,0.22991455328063,0.13755725815628,0.981538885910769,-0.0352254371790717,0.122862282332838,0.14228648425116,0.981538885910769,-0.0352254371790717,0.122862282332838,0.14228648425116,0.981545802541133,-0.0351933373593773,0.122817707126968,0.142285197176192,0.981545802541133,-0.0351933373593773,0.122817707126968,0.142285197176192,0.981540205808827,-0.0352192685140041,0.122853765919654,0.142286259721254,0.981538885910769,-0.0352254371790717,0.122862282332838,0.14228648425116,0.981545802541133,-0.0351933373593773,0.122817707126968,0.142285197176192,0.981545802541133,-0.0351933373593773,0.122817707126968,0.142285197176192,0.981540205808827,-0.0352192685140041,0.122853765919654,0.142286259721254,0.987658053602717,0.014784381414868,-0.0389228889508577,0.150990065685105,0.957537335297866,-0.00799043233458185,0.039661278133118,0.285456454680246,0.979957610027428,-0.0356157074314335,-0.00498780527385219,0.19593296234182,0.979957610027428,-0.0356157074314335,-0.00498780527385219,0.19593296234182,0.976764159790264,-0.0616331663165099,0.0560333287867847,0.197467453075419,0.970553884993277,-0.0611211611611999,0.127072801458085,0.195299419129599,0.988618101478372,-0.0405198421160507,0.0123918527541526,0.144356620248295,0.988618101478372,-0.0405198421160507,0.0123918527541526,0.144356620248295
1018,1788,0.981430402211748,-0.0358706491385136,0.123581171852543,0.142251032011794,0.981430402211748,-0.0358706491385136,0.123581171852543,0.142251032011794,0.986442806982213,-0.0285947375995164,0.073542701711416,0.143890237888654,0.986446598677065,-0.0285873163402916,0.0734918252624862,0.143891712487199,0.981430402211748,-0.0358706491385136,0.123581171852543,0.142251032011794,0.961921855735492,-0.051276094149297,0.230617180366833,0.13745116131496,0.981430402211748,-0.0358706491385136,0.123581171852543,0.142251032011794,0.981430402211748,-0.0358706491385136,0.123581171852543,0.142251032011794,0.981436196846169,-0.0358367844433439,0.123543001709313,0.142252743838356,0.981436196846169,-0.0358367844433439,0.123543001709313,0.142252743838356,0.981431504944271,-0.0358641355028686,0.123573898383407,0.14225138496965,0.981430402211748,-0.0358706491385136,0.123581171852543,0.142251032011794,0.981436196846169,-0.0358367844433439,0.123543001709313,0.142252743838356,0.981436196846169,-0.0358367844433439,0.123543001709313,0.142252743838356,0.981431504944271,-0.0358641355028686,0.123573898383407,0.14225138496965,0.987647475085146,0.014638869947721,-0.0381029199049358,0.151282305440222,0.957412910300046,-0.00810099118210629,0.0403297631961021,0.285776841842038,0.979955873449729,-0.0355917995788472,-0.00510092312491323,0.195943079687423,0.979955873449729,-0.0355917995788472,-0.00510092312491323,0.195943079687423,0.976622508941565,-0.0616652847668777,0.0564536578342222,0.198037502005151,0.97027540006024,-0.0615402288830849,0.128215930630741,0.195803788010988,0.988529046481714,-0.0411734829494696,0.0133794474230593,0.144692981690257,0.988529046481714,-0.0411734829494696,0.0133794474230593,0.144692981690257
1019,1789,0.981348059911587,-0.0365178171650458,0.124193274528186,0.142121303467253,0.981348059911587,-0.0365178171650458,0.124193274528186,0.142121303467253,0.986391679693445,-0.0292476624228216,0.0741581982104056,0.143793567702215,0.986395503132948,-0.0292402461485484,0.0741073243975762,0.143795075975859,0.981348059911587,-0.0365178171650458,0.124193274528186,0.142121303467253,0.961772788620774,-0.0519051004028607,0.23121653746843,0.137251143608714,0.981348059911587,-0.0365178171650458,0.124193274528186,0.142121303467253,0.981348059911587,-0.0365178171650458,0.124193274528186,0.142121303467253,0.981352488008111,-0.0364837663145197,0.124160763571471,0.142127878564156,0.981352488008111,-0.0364837663145197,0.124160763571471,0.142127878564156,0.981348898417268,-0.0365112804984177,0.124187081279082,0.142122604869748,0.981348059911587,-0.0365178171650458,0.124193274528186,0.142121303467253,0.981352488008111,-0.0364837663145197,0.124160763571471,0.142127878564156,0.981352488008111,-0.0364837663145197,0.124160763571471,0.142127878564156,0.981348898417268,-0.0365112804984177,0.124187081279082,0.142122604869748,0.98760127102485,0.0144933569870482,-0.0373152623184657,0.151793423017771,0.957261605503161,-0.00825970411375216,0.0410118004156867,0.28618180959685,0.979955399147898,-0.0355238419338632,-0.00520016600708494,0.195955174998368,0.979955399147898,-0.0355238419338632,-0.00520016600708494,0.195955174998368,0.976515136556065,-0.0618144972096048,0.0568592169242831,0.198404096385055,0.970014415224338,-0.0619766515073441,0.12936591133075,0.196202420755932,0.988439083348106,-0.0417853681127997,0.0143513384614541,0.145038617636819,0.988439083348106,-0.0417853681127997,0.0143513384614541,0.145038617636819
1020,1790,0.981285519714075,-0.0371805812831212,0.124734187403633,0.141907419353898,0.981285519714075,-0.0371805812831212,0.124734187403633,0.141907419353898,0.986356710872036,-0.029920440180934,0.0747015905149683,0.143613643333818,0.986360562337354,-0.0299130331854682,0.0746507185049531,0.143615186306598,0.981285519714075,-0.0371805812831212,0.124734187403633,0.141907419353898,0.961651222099265,-0.0525403662015311,0.231747310108999,0.136965766568303,0.981285519714075,-0.0371805812831212,0.124734187403633,0.141907419353898,0.981285519714075,-0.0371805812831212,0.124734187403633,0.141907419353898,0.981288888345716,-0.0371457412956614,0.124705518777665,0.141918445239579,0.981288888345716,-0.0371457412956614,0.124705518777665,0.141918445239579,0.981286157375474,-0.0371738884211799,0.124728716834132,0.141909571769617,0.981285519714075,-0.0371805812831212,0.124734187403633,0.141907419353898,0.981288888345716,-0.0371457412956614,0.124705518777665,0.141918445239579,0.981288888345716,-0.0371457412956614,0.124705518777665,0.141918445239579,0.981286157375474,-0.0371738884211799,0.124728716834132,0.141909571769617,0.987529246262412,0.0144013629638656,-0.0365685194433045,0.152451080373017,0.957071905770019,-0.00842111738614409,0.0417428051482706,0.286705406621616,0.979956548827204,-0.0354642155745341,-0.00530503830699672,0.195957414743409,0.979956548827204,-0.0354642155745341,-0.00530503830699672,0.195957414743409,0.976434882954635,-0.0620316401107089,0.0573167407578454,0.198599562445245,0.969773728360919,-0.0624320246042259,0.130515267306486,0.19648644504061,0.988348486163578,-0.0423664560771773,0.0153276144272467,0.145387129876046,0.988348486163578,-0.0423664560771773,0.0153276144272467,0.145387129876046
1021,1791,0.981240621018694,-0.0378343015061508,0.125241333433627,0.141598085058228,0.981240621018694,-0.0378343015061508,0.125241333433627,0.141598085058228,0.986337644638477,-0.0305890367502229,0.0752103630253536,0.143337932499772,0.986341522344053,-0.0305816439738115,0.0751594919980136,0.143339509956169,0.981240621018693,-0.0378343015061508,0.125241333433627,0.141598085058228,0.961550898742252,-0.0531561601945991,0.232246457594842,0.136586509934114,0.981240621018693,-0.0378343015061508,0.125241333433627,0.141598085058228,0.981240621018693,-0.0378343015061508,0.125241333433627,0.141598085058228,0.981243054571091,-0.0377998742689811,0.125214545273387,0.141614105982503,0.981243054571091,-0.0377998742689811,0.125214545273387,0.141614105982503,0.981241080258412,-0.0378276975238756,0.125236207761678,0.141601200485096,0.981240621018693,-0.0378343015061508,0.125241333433627,0.141598085058228,0.981243054571091,-0.0377998742689811,0.125214545273387,0.141614105982503,0.981243054571091,-0.0377998742689811,0.125214545273387,0.141614105982503,0.981241080258412,-0.0378276975238756,0.125236207761678,0.141601200485096,0.987444937547299,0.01436852376979,-0.0358165326231493,0.153177076704521,0.95684674554713,-0.00861172431800901,0.0425258949130414,0.287335504248922,0.979954716833334,-0.0354169586759986,-0.00541568444840366,0.195972095861117,0.979954716833334,-0.0354169586759986,-0.00541568444840366,0.195972095861117,0.976380259949083,-0.0622752991205621,0.0577742667643898,0.19865927917176,0.969552063915973,-0.0629351695695284,0.131693592617213,0.196633561354881,0.988251957513054,-0.0429843968203179,0.0162868534380957,0.145757155936501,0.988251957513054,-0.0429843968203179,0.0162868534380957,0.145757155936501
1022,1792,0.98121641242756,-0.038426712322272,0.125672369372834,0.141223919146538,0.98121641242756,-0.038426712322272,0.125672369372834,0.141223919146538,0.986335373664745,-0.0311996980488108,0.0756420722787306,0.142994357932995,0.986339273635976,-0.0311923229916417,0.0755912013679432,0.142995966885054,0.98121641242756,-0.038426712322272,0.125672369372834,0.141223919146538,0.961479498969243,-0.0537038956349676,0.232672227613969,0.136149547015901,0.98121641242756,-0.038426712322272,0.125672369372834,0.141223919146538,0.98121641242756,-0.038426712322272,0.125672369372834,0.141223919146538,0.981217762140632,-0.0383953711051521,0.125649480419896,0.141243431024733,0.981217762140632,-0.0383953711051521,0.125649480419896,0.141243431024733,0.981216662466982,-0.0384207223052252,0.125668008186701,0.141227692444111,0.98121641242756,-0.038426712322272,0.125672369372834,0.141223919146538,0.981217762140632,-0.0383953711051521,0.125649480419896,0.141243431024733,0.981217762140632,-0.0383953711051521,0.125649480419896,0.141243431024733,0.981216662466982,-0.0384207223052252,0.125668008186701,0.141227692444111,0.987359388240061,0.0143853101179663,-0.0350379757058945,0.153905300641192,0.956600346953418,-0.00884930862820047,0.0433282420639396,0.28802800104339,0.979953719405438,-0.0353855426670372,-0.00553038235836496,0.195979555220889,0.979953719405438,-0.0353855426670372,-0.00553038235836496,0.195979555220889,0.976361924780593,-0.0624988210401118,0.0582080458183375,0.198552543698998,0.969342450634599,-0.0634832742433354,0.132877376204825,0.196694408110595,0.988158237660256,-0.0436022437101709,0.0172929242384856,0.14609276662073,0.988158237660256,-0.0436022437101709,0.0172929242384856,0.14609276662073
1023,1793,0.981201959393527,-0.0389546127568789,0.126074709092624,0.140820526751167,0.981201959393527,-0.0389546127568789,0.126074709092624,0.140820526751166,0.986341387226828,-0.0317474176961569,0.0760446265947974,0.142618316071745,0.986345307960019,-0.031740062032833,0.0759937553733217,0.142619953273258,0.981201959393527,-0.0389546127568789,0.126074709092623,0.140820526751166,0.961420947245589,-0.0541843011689533,0.233070546375729,0.13569061911697,0.981201959393527,-0.0389546127568789,0.126074709092623,0.140820526751166,0.981201959393527,-0.0389546127568789,0.126074709092623,0.140820526751166,0.981202765206531,-0.0389266512934996,0.126053449670763,0.140841674216941,0.981202765206531,-0.0389266512934996,0.126053449670763,0.140841674216941,0.981202109418318,-0.03894927397068,0.126070642467851,0.140824598838214,0.981201959393527,-0.0389546127568789,0.126074709092623,0.140820526751166,0.981202765206531,-0.0389266512934996,0.126053449670763,0.140841674216941,0.981202765206531,-0.0389266512934996,0.126053449670763,0.140841674216941,0.981202109418318,-0.03894927397068,0.126070642467851,0.140824598838214,0.987282482404791,0.0144265168467584,-0.0342412763626342,0.154572670745389,0.956348768256923,-0.00911895293136054,0.0441867545688893,0.288723758758386,0.979954409263549,-0.0353419398133603,-0.00565551505400501,0.195980402603503,0.979954409263549,-0.0353419398133603,-0.00565551505400501,0.195980402603503,0.976376206329461,-0.0626497795456478,0.0586920316011667,0.198292093294461,0.969144369726003,-0.0640957358292712,0.134114870517915,0.196631962770186,0.988064145810719,-0.0443046419068096,0.018282704597914,0.146397012201175,0.988064145810719,-0.0443046419068096,0.018282704597914,0.146397012201175
1024,1794,0.981196066400533,-0.0393807200376271,0.126449124245813,0.140406756058627,0.981196066400533,-0.0393807200376271,0.126449124245813,0.140406756058627,0.986354530570969,-0.0321940031880807,0.0764188573883043,0.142226735940591,0.98635847060531,-0.0321866677201318,0.0763679854884554,0.142228396175527,0.981196066400533,-0.0393807200376271,0.126449124245813,0.140406756058627,0.96137397054155,-0.0545623895037512,0.233442049570307,0.135232554916446,0.981196066400533,-0.0393807200376271,0.126449124245813,0.140406756058627,0.981196066400533,-0.0393807200376271,0.126449124245813,0.140406756058627,0.981196414202841,-0.0393580171145584,0.126429342172799,0.140428503809056,0.981196414202841,-0.0393580171145584,0.126429342172799,0.140428503809056,0.981196129278717,-0.0393764056748468,0.126445339743195,0.140410934837077,0.981196066400533,-0.0393807200376271,0.126449124245813,0.140406756058627,0.981196414202841,-0.0393580171145584,0.126429342172799,0.140428503809056,0.981196414202841,-0.0393580171145584,0.126429342172799,0.140428503809056,0.981196129278717,-0.0393764056748468,0.126445339743195,0.140410934837077,0.987224418091214,0.0144109382951397,-0.0334023359977546,0.155127551169385,0.95612789166335,-0.00943874333145973,0.0450740063084804,0.289307274127395,0.979951868381964,-0.0353050373252291,-0.00577186333596043,0.195996366261709,0.979951868381964,-0.0353050373252291,-0.00577186333596043,0.195996366261709,0.976425314734472,-0.062731209095229,0.0591634604093552,0.19788401932326,0.968948669733615,-0.0647595921813547,0.135395991327038,0.196500880849251,0.987971488873815,-0.0450772765491636,0.019332591671264,0.146651379845677,0.987971488873815,-0.0450772765491636,0.019332591671264,0.146651379845677
1025,1795,0.981191105563796,-0.0397296292959042,0.12682781324448,0.140000988232688,0.981191105563796,-0.0397296292959042,0.12682781324448,0.140000988232688,0.986368822074341,-0.0325630836946347,0.0767973091296717,0.141839224935896,0.986372781627527,-0.0325557682122963,0.076746436492227,0.141840904206884,0.981191105563796,-0.0397296292959042,0.12682781324448,0.140000988232688,0.961327450989225,-0.0548646256716696,0.233817903130706,0.134790923285015,0.981191105563796,-0.0397296292959042,0.12682781324448,0.140000988232688,0.981191105563796,-0.0397296292959042,0.12682781324448,0.140000988232688,0.981191382173718,-0.039711049137964,0.126807891134158,0.140022365608134,0.981191382173718,-0.039711049137964,0.126807891134158,0.140022365608134,0.981191157933779,-0.039726097145796,0.126823988784875,0.140005088003355,0.981191105563796,-0.0397296292959042,0.12682781324448,0.140000988232688,0.981191382173718,-0.039711049137964,0.126807891134158,0.140022365608134,0.981191382173718,-0.039711049137964,0.126807891134158,0.140022365608134,0.981191157933779,-0.039726097145796,0.126823988784875,0.140005088003355,0.98720220011107,0.0143232628660954,-0.0325306344799957,0.155461950512209,0.955953388511542,-0.00982082396913067,0.045974216641168,0.289729256054856,0.979952159179983,-0.0352529312154689,-0.00587515561669048,0.196001222204574,0.979952159179983,-0.0352529312154689,-0.00587515561669048,0.196001222204574,0.976504990366968,-0.0627527605141248,0.0595992501181817,0.197352537915311,0.968745468128033,-0.065481315910964,0.136720767401046,0.196346242666461,0.987877788794152,-0.0459174633592756,0.0204312641491052,0.146872817127943,0.987877788794152,-0.0459174633592756,0.0204312641491052,0.146872817127943
1026,1796,0.981185129548307,-0.0400267044184815,0.127210543211544,0.139610465877354,0.981185129548307,-0.0400267044184815,0.127210543211544,0.139610465877354,0.986382305083072,-0.0328796222374706,0.0771798482112384,0.141464305358693,0.986386284365912,-0.0328723260914024,0.077128974877891,0.141466000955837,0.981185129548307,-0.0400267044184815,0.127210543211544,0.139610465877354,0.961279478607934,-0.0551170155414311,0.234197661726505,0.13437013748189,0.981185129548307,-0.0400267044184815,0.127210543211544,0.139610465877354,0.981185129548307,-0.0400267044184815,0.127210543211544,0.139610465877354,0.98118545223415,-0.0400109220634913,0.127190411909802,0.139631062296008,0.98118545223415,-0.0400109220634913,0.127190411909802,0.139631062296008,0.981185191753309,-0.0400236984239281,0.127206677916099,0.139614412372229,0.981185129548307,-0.0400267044184815,0.127210543211544,0.139610465877354,0.98118545223415,-0.0400109220634913,0.127190411909802,0.139631062296008,0.98118545223415,-0.0400109220634913,0.127190411909802,0.139631062296008,0.981185191753309,-0.0400236984239281,0.127206677916099,0.139614412372229,0.987223464605277,0.0141688961190548,-0.0316181489748119,0.155529309041501,0.955822164422376,-0.0102624547042788,0.0468887347142261,0.290000204446939,0.979953523303897,-0.0351744624607942,-0.00595248153410338,0.196006166531719,0.979953523303897,-0.0351744624607942,-0.00595248153410338,0.196006166531719,0.9766032592655,-0.0627342505379732,0.059994013967816,0.196751635544588,0.968524855672383,-0.0662521197300133,0.138110094058118,0.196203625082024,0.987776942378638,-0.0468776747986012,0.0215856919400648,0.147082472151018,0.987776942378638,-0.0468776747986012,0.0215856919400648,0.147082472151018
1027,1797,0.981179694078402,-0.0402817504886175,0.127596545310278,0.139222520199387,0.981179694078402,-0.0402817504886175,0.127596545310278,0.139222520199387,0.986396494236818,-0.0331540550887425,0.0775656277240119,0.14108982310666,0.986400493416437,-0.0331467782564454,0.0775147536583377,0.141091532858333,0.981179694078402,-0.0402817504886175,0.127596545310278,0.139222520199387,0.961231684147581,-0.0553279135634541,0.234580732025692,0.133956528522543,0.981179694078402,-0.0402817504886175,0.127596545310278,0.139222520199387,0.981179694078402,-0.0402817504886175,0.127596545310278,0.139222520199387,0.981179991429342,-0.0402682094541311,0.127576239866909,0.139242948645509,0.981179991429342,-0.0402682094541311,0.127576239866909,0.139242948645509,0.981179750862856,-0.0402791700420246,0.127592646871175,0.139226439377859,0.981179694078402,-0.0402817504886175,0.127596545310278,0.139222520199387,0.981179991429342,-0.0402682094541311,0.127576239866909,0.139242948645509,0.981179991429342,-0.0402682094541311,0.127576239866909,0.139242948645509,0.981179750862856,-0.0402791700420246,0.127592646871175,0.139226439377859,0.987280875409347,0.0139586441786162,-0.0306564660646633,0.155376350813353,0.955738620327559,-0.0107462785118159,0.0478342756048002,0.290103583552297,0.979953779626824,-0.0350744929445527,-0.00601119398415548,0.196021007258585,0.979953779626824,-0.0350744929445527,-0.00601119398415548,0.196021007258585,0.976704935017698,-0.0626922517558664,0.0603321893892285,0.196156005274772,0.968284354395228,-0.0670631464603298,0.139543652005721,0.196100771556779,0.987665496043896,-0.0479936608627963,0.0228382583211981,0.147281670272333,0.987665496043896,-0.0479936608627963,0.0228382583211981,0.147281670272333
1028,1798,0.981178260915646,-0.0404918808804524,0.127970521266826,0.138827855907986,0.981178260915646,-0.0404918808804524,0.127970521266826,0.138827855907986,0.986414069326682,-0.0333839717630785,0.0779391932286399,0.140706348195692,0.986418087773132,-0.0333767147084132,0.0778883182560236,0.140708069805958,0.981178260915646,-0.0404918808804524,0.127970521266826,0.138827855907986,0.96118918853088,-0.0554934297368209,0.234952288471731,0.133541174359408,0.981178260915646,-0.0404918808804524,0.127970521266826,0.138827855907986,0.981178260915646,-0.0404918808804524,0.127970521266826,0.138827855907986,0.981178356245011,-0.0404806976717495,0.127950808343814,0.138848611791806,0.981178356245011,-0.0404806976717495,0.127950808343814,0.138848611791806,0.981178277499983,-0.0404897538414772,0.1279667427424,0.138831841981308,0.981178260915646,-0.0404918808804524,0.127970521266826,0.138827855907986,0.981178356245011,-0.0404806976717495,0.127950808343814,0.138848611791806,0.981178356245011,-0.0404806976717495,0.127950808343814,0.138848611791806,0.981178277499983,-0.0404897538414772,0.1279667427424,0.138831841981308,0.987371803293598,0.0136768166942775,-0.0296354003520141,0.155021320442818,0.955696074405662,-0.0112937958063223,0.0487984463258118,0.29006236429099,0.979950934944669,-0.0349800596464021,-0.00602149683834756,0.196051784240873,0.979950934944669,-0.0349800596464021,-0.00602149683834756,0.196051784240873,0.976789445562189,-0.0626696978663799,0.0606388160825118,0.195647187538587,0.968009095841299,-0.0679614780519042,0.141074019054896,0.196055474336245,0.987549205449215,-0.0492165530200522,0.0241594403640577,0.147447004604182,0.987549205449215,-0.0492165530200522,0.0241594403640577,0.147447004604182
1029,1799,0.981186570268751,-0.0406553888889252,0.128348263272297,0.138371879345191,0.981186570268751,-0.0406553888889252,0.128348263272297,0.138371879345191,0.986441565742257,-0.0335704423482666,0.0783160247761204,0.140259270780122,0.986445603623974,-0.0335632083516263,0.0782651483848595,0.14026100200831,0.981186570268751,-0.0406553888889252,0.128348263272297,0.138371879345191,0.96115596290083,-0.0556058720463698,0.235328658137822,0.133069998997492,0.981186570268751,-0.0406553888889252,0.128348263272297,0.138371879345191,0.981186570268751,-0.0406553888889252,0.128348263272297,0.138371879345191,0.981186169257669,-0.0406466547289724,0.128328391792058,0.138395717335721,0.981186169257669,-0.0406466547289724,0.128328391792058,0.138395717335721,0.981186489209145,-0.0406537326157485,0.128344448311116,0.138376479235294,0.981186570268751,-0.0406553888889252,0.128348263272297,0.138371879345191,0.981186169257669,-0.0406466547289724,0.128328391792058,0.138395717335721,0.981186169257669,-0.0406466547289724,0.128328391792058,0.138395717335721,0.981186489209145,-0.0406537326157485,0.128344448311116,0.138376479235294,0.987488106794805,0.0133748368991645,-0.0285914490489406,0.154502044381346,0.955689243183096,-0.0118783823461099,0.0497709914421904,0.289896227826136,0.979950311086805,-0.0348562689089137,-0.00598234067514969,0.196078147478679,0.979950311086805,-0.0348562689089137,-0.00598234067514969,0.196078147478679,0.976862676752603,-0.0626399768575226,0.0608737264899882,0.1952176567072,0.967689771435503,-0.0689184098711846,0.14268911306465,0.196128978105622,0.987418267973059,-0.0505875830138966,0.025616568423808,0.147613860934826,0.987418267973059,-0.0505875830138966,0.025616568423808,0.147613860934826
1030,1800,0.981163057180774,-0.0408256766567236,0.128734309740936,0.138129637821587,0.981163057180774,-0.0408256766567236,0.128734309740936,0.138129637821587,0.986437702894614,-0.0337528213779905,0.0787027673515673,0.140025996758558,0.986441760722805,-0.0337455994123485,0.0786518911590207,0.140027737393359,0.981163057180774,-0.0408256766567236,0.128734309740936,0.138129637821587,0.961090195297985,-0.0557485261068055,0.235709787202145,0.132810521255362,0.981163057180774,-0.0408256766567236,0.128734309740936,0.138129637821587,0.981163057180774,-0.0408256766567236,0.128734309740936,0.138129637821587,0.981164219033285,-0.0408167258199385,0.128714014662442,0.138142942677577,0.981164219033285,-0.0408167258199385,0.128714014662442,0.138142942677577,0.981163292681436,-0.0408239572653587,0.128730411281351,0.138132106401998,0.981163057180774,-0.0408256766567236,0.128734309740936,0.138129637821587,0.981164219033285,-0.0408167258199385,0.128714014662442,0.138142942677577,0.981164219033285,-0.0408167258199385,0.128714014662442,0.138142942677577,0.981163292681436,-0.0408239572653587,0.128730411281351,0.138132106401998,0.98761310031867,0.0132176328057645,-0.0276381901932994,0.15388888427952,0.955840017373391,-0.0125850067038393,0.0508200107502348,0.289186454214656,0.979966056136129,-0.0347018556153924,-0.00595362030795905,0.196027713456738,0.979966056136129,-0.0347018556153924,-0.00595362030795905,0.196027713456738,0.976909014928417,-0.0626086066100357,0.0610629877156487,0.194936529314491,0.967328787006812,-0.0699398876716819,0.144378562579042,0.19631164154989,0.987278803134032,-0.0521486293592715,0.0271973537519513,0.147720646109725,0.987278803134032,-0.0521486293592715,0.0271973537519513,0.147720646109725
1031,1801,0.981191672531088,-0.0409044731316882,0.129076524373767,0.137582617684987,0.981191672531088,-0.0409044731316882,0.129076524373767,0.137582617684987,0.986483673475365,-0.0338593169661791,0.0790430854364568,0.139483688171119,0.986487748855594,-0.0338521229702705,0.0789922068724986,0.139485434299212,0.981191672531088,-0.0409044731316882,0.129076524373767,0.137582617684987,0.96108105455663,-0.0557667706193694,0.236053074458018,0.132258156292612,0.981191672531088,-0.0409044731316882,0.129076524373767,0.137582617684987,0.981191672531088,-0.0409044731316882,0.129076524373767,0.137582617684987,0.981190310431849,-0.0409000862066577,0.129058400278082,0.137610635419661,0.981190310431849,-0.0409000862066577,0.129058400278082,0.137610635419661,0.98119139081628,-0.0409036680598342,0.129073063516709,0.137588112864727,0.981191672531088,-0.0409044731316882,0.129076524373767,0.137582617684987,0.981190310431849,-0.0409000862066577,0.129058400278082,0.137610635419661,0.981190310431849,-0.0409000862066577,0.129058400278082,0.137610635419661,0.98119139081628,-0.0409036680598342,0.129073063516709,0.137588112864727,0.987763369499219,0.0129219016754132,-0.0265712149964482,0.153135628990296,0.955860707298232,-0.0132365361848651,0.0518175593952264,0.288911825461458,0.979966628199124,-0.0345984289317685,-0.00589346363176707,0.196044952543835,0.979966628199124,-0.0345984289317685,-0.00589346363176707,0.196044952543835,0.976969590223066,-0.0625594210372713,0.0611329569060172,0.194626566014981,0.966929023652257,-0.0710387225601706,0.146147311377453,0.196577533032272,0.98711686509663,-0.0538477344184469,0.0288743311680346,0.147874910445964,0.98711686509663,-0.0538477344184469,0.0288743311680346,0.147874910445964
1032,1802,0.981231884090624,-0.0409452914321418,0.12942143781853,0.136958257094946,0.981231884090624,-0.0409452914321418,0.12942143781853,0.136958257094946,0.986541362439989,-0.033931814095769,0.0793855094970295,0.138862208930719,0.986545455480857,-0.0339246521529108,0.0793346279572746,0.138863958798719,0.981231884090624,-0.0409452914321418,0.12942143781853,0.136958257094946,0.961083143489672,-0.055738772928246,0.236400317730461,0.131633089568702,0.981231884090624,-0.0409452914321418,0.12942143781853,0.136958257094946,0.981231884090624,-0.0409452914321418,0.12942143781853,0.136958257094946,0.981229818485041,-0.0409430317163626,0.129403287664702,0.136990877839562,0.981229818485041,-0.0409430317163626,0.129403287664702,0.136990877839562,0.981231481690604,-0.0409448753040706,0.129417954409272,0.136964556006709,0.981231884090624,-0.0409452914321418,0.12942143781853,0.136958257094946,0.981229818485041,-0.0409430317163626,0.129403287664702,0.136990877839562,0.981229818485041,-0.0409430317163626,0.129403287664702,0.136990877839562,0.981231481690604,-0.0409448753040706,0.129417954409272,0.136964556006709,0.987922063045015,0.0126311077231809,-0.0254593940654826,0.152322919222243,0.955869105622462,-0.0139022286187096,0.0528327202942558,0.288668814772669,0.979968421123577,-0.0344510081002389,-0.00581942121815039,0.196064162911345,0.979968421123577,-0.0344510081002389,-0.00581942121815039,0.196064162911345,0.977032364919551,-0.0624775823488346,0.0611302442068102,0.194338372039002,0.96648741865609,-0.0721970303318054,0.148009136695799,0.196933881912995,0.986925844268791,-0.0557719145495646,0.0306329716562001,0.148082721846005,0.986925844268791,-0.0557719145495646,0.0306329716562001,0.148082721846005
1033,1803,0.981275342023564,-0.0409550419948076,0.129763541410208,0.136318784444485,0.981275342023564,-0.0409550419948076,0.129763541410208,0.136318784444485,0.986602150778915,-0.0339740516693803,0.0797249623468109,0.138224058218476,0.986606261327178,-0.0339669226394532,0.0796740776714111,0.138225810265753,0.981275342023564,-0.0409550419948076,0.129763541410208,0.136318784444485,0.961088767745567,-0.0556782357724998,0.23674512467227,0.130996414143595,0.981275342023564,-0.0409550419948076,0.129763541410208,0.136318784444485,0.981275342023564,-0.0409550419948076,0.129763541410208,0.136318784444485,0.981273079449924,-0.0409544420485904,0.129745530520108,0.136352391007299,0.981273079449924,-0.0409544420485904,0.129745530520108,0.136352391007299,0.981274906035753,-0.0409549404370555,0.129760085885769,0.13632524252404,0.981275342023564,-0.0409550419948076,0.129763541410208,0.136318784444485,0.981273079449924,-0.0409544420485904,0.129745530520108,0.136352391007299,0.981273079449924,-0.0409544420485904,0.129745530520108,0.136352391007299,0.981274906035753,-0.0409549404370555,0.129760085885769,0.13632524252404,0.988081753303199,0.012318977114067,-0.0243208550239481,0.151496493698845,0.9558722254587,-0.0145955293721814,0.0538433491996758,0.288437433191219,0.979971500820325,-0.034282941358582,-0.00573396968000397,0.196080746386463,0.979971500820325,-0.034282941358582,-0.00573396968000397,0.196080746386463,0.977101517056442,-0.0623618407683646,0.0610631260336231,0.194048758875141,0.966002970880795,-0.0734464930986607,0.149985223816071,0.197353250639128,0.986712329417305,-0.0579041435741808,0.0325282922149593,0.148282835616248,0.986712329417305,-0.0579041435741808,0.0325282922149593,0.148282835616248
1034,1804,0.981317262313708,-0.0409313371564288,0.130102210505705,0.135699930527784,0.981317262313708,-0.0409313371564288,0.130102210505705,0.135699930527784,0.986661228912389,-0.0339818291803282,0.0800610632856909,0.137604799306629,0.986665356795171,-0.0339747320890229,0.0800101755628557,0.137606551755858,0.981317262313708,-0.0409313371564288,0.130102210505705,0.135699930527784,0.961093240845924,-0.0555867099907632,0.237086349024191,0.130383906902123,0.981317262313708,-0.0409313371564288,0.130102210505705,0.135699930527784,0.981317262313708,-0.0409313371564288,0.130102210505705,0.135699930527784,0.981315066114889,-0.0409324929410696,0.130084378220959,0.135732555344792,0.981315066114889,-0.0409324929410696,0.130084378220959,0.135732555344792,0.981316841230246,-0.0409315732926705,0.130098789587926,0.135706183991132,0.981317262313708,-0.0409313371564288,0.130102210505705,0.135699930527784,0.981315066114889,-0.0409324929410696,0.130084378220959,0.135732555344792,0.981315066114889,-0.0409324929410696,0.130084378220959,0.135732555344792,0.981316841230246,-0.0409315732926705,0.130098789587926,0.135706183991132,0.988237601058434,0.0119990031527167,-0.0231750277591082,0.150683064297145,0.955850428926979,-0.0153041677521529,0.0548487304180289,0.288283465951576,0.979969998600131,-0.0341627952141823,-0.00564634467569439,0.196111764202496,0.979969998600131,-0.0341627952141823,-0.00564634467569439,0.196111764202496,0.977183579608249,-0.0621997256022768,0.060884667009943,0.193743395247682,0.965472617391176,-0.0747796860006632,0.152088970551029,0.197837227705512,0.986462702096476,-0.060394165772997,0.034708154197723,0.148456142160881,0.986462702096476,-0.060394165772997,0.034708154197723,0.148456142160881
1035,1805,0.981351767844738,-0.0408614335456538,0.130419881567883,0.135165474468968,0.981351767844738,-0.0408614335456538,0.130419881567883,0.135165474468968,0.986711834695868,-0.0339391783096974,0.080376570163738,0.137067481247339,0.98671597885103,-0.0339321089309346,0.0803256798304609,0.13706923149754,0.981351767844738,-0.0408614335456538,0.130419881567883,0.135165474468968,0.96109265010262,-0.0554585337023225,0.23740588804597,0.129860360693383,0.981351767844738,-0.0408614335456538,0.130419881567883,0.135165474468968,0.981351767844738,-0.0408614335456538,0.130419881567883,0.135165474468968,0.981349943025816,-0.0408649869432105,0.130403107763867,0.135193829929048,0.981349943025816,-0.0408649869432105,0.130403107763867,0.135193829929048,0.981351420529449,-0.0408621350244014,0.130416670907137,0.135170881833254,0.981351767844738,-0.0408614335456538,0.130419881567883,0.135165474468968,0.981349943025816,-0.0408649869432105,0.130403107763867,0.135193829929048,0.981349943025816,-0.0408649869432105,0.130403107763867,0.135193829929048,0.981351420529449,-0.0408621350244014,0.130416670907137,0.135170881833254,0.988382170446085,0.0116496800364997,-0.0219820058150154,0.149939192740532,0.955799028766215,-0.0160282882746969,0.0558516306213089,0.288221973384201,0.97997107048067,-0.034025798734655,-0.00557800570808633,0.196132179648719,0.97997107048067,-0.034025798734655,-0.00557800570808633,0.196132179648719,0.977275831687759,-0.0619838961183764,0.0605960282755213,0.193437500961466,0.964889944268061,-0.0762348875616917,0.154329171117612,0.198388871439365,0.986202179928635,-0.062883520957039,0.0368876328512141,0.148627809102768,0.986202179928635,-0.062883520957039,0.0368876328512141,0.148627809102768
1036,1806,0.981385199914994,-0.040786896237341,0.130735408691847,0.134639412496144,0.981385199914994,-0.040786896237341,0.130735408691847,0.134639412496144,0.986761259445464,-0.0338914731210493,0.0806899904301639,0.136538310930184,0.986765419765389,-0.0338844310346112,0.0806390975473603,0.136540058720667,0.981385199914994,-0.040786896237341,0.130735408691847,0.134639412496144,0.961091227845228,-0.0553266736076258,0.237723178207278,0.129345666682335,0.981385199914994,-0.040786896237341,0.130735408691847,0.134639412496144,0.981385199914994,-0.040786896237341,0.130735408691847,0.134639412496144,0.98138344697962,-0.0407908011847425,0.130718794964331,0.134667134729225,0.98138344697962,-0.0407908011847425,0.130718794964331,0.134667134729225,0.981384864019836,-0.0407876487041724,0.130732221566731,0.134644727450353,0.981385199914994,-0.040786896237341,0.130735408691847,0.134639412496144,0.98138344697962,-0.0407908011847425,0.130718794964331,0.134667134729225,0.98138344697962,-0.0407908011847425,0.130718794964331,0.134667134729225,0.981384864019836,-0.0407876487041724,0.130732221566731,0.134644727450353,0.988522968371691,0.0112978729371451,-0.0207840861892025,0.149206973127923,0.955729877827501,-0.016749750571196,0.0568443864230505,0.288216172717321,0.979971150003923,-0.0339345116479854,-0.00549120958782125,0.196150046384043,0.979971150003923,-0.0339345116479854,-0.00549120958782125,0.196150046384043,0.977392563684309,-0.061722812073998,0.0601416842566559,0.193072651452931,0.964268734288319,-0.0778002630304918,0.156698043496408,0.19894383707667,0.985888569956341,-0.0658039270974179,0.0393102927125957,0.148822954193399,0.985888569956341,-0.0658039270974179,0.0393102927125957,0.148822954193399
1037,1807,0.981411999675008,-0.0406390388594644,0.131041622272376,0.134190344834136,0.981411999675008,-0.0406390388594644,0.131041622272376,0.134190344834136,0.986803587117999,-0.0337666295694072,0.08099444625976,0.136082309113448,0.986807763140351,-0.0337596110016893,0.0809435511934776,0.136084050465659,0.981411999675008,-0.0406390388594644,0.131041622272376,0.134190344834136,0.961084236235621,-0.0551303926821466,0.238030482781654,0.128915553479159,0.981411999675008,-0.0406390388594644,0.131041622272376,0.134190344834136,0.981411999675008,-0.0406390388594644,0.131041622272376,0.134190344834136,0.981410580323848,-0.040646627319194,0.131025482012089,0.134214185462945,0.981410580323848,-0.040646627319194,0.131025482012089,0.134214185462945,0.981411729897354,-0.0406405250233728,0.131038528475974,0.134194888876432,0.981411999675008,-0.0406390388594644,0.131041622272376,0.134190344834136,0.981410580323848,-0.040646627319194,0.131025482012089,0.134214185462945,0.981410580323848,-0.040646627319194,0.131025482012089,0.134214185462945,0.981411729897354,-0.0406405250233728,0.131038528475974,0.134194888876432,0.988644483622314,0.0109036414341508,-0.0195879112086967,0.14859175394726,0.955640459103837,-0.0174674801270802,0.0578375069388766,0.288272480221255,0.979971377646384,-0.0338255726671984,-0.00541649379938102,0.196169802014745,0.979971377646384,-0.0338255726671984,-0.00541649379938102,0.196169802014745,0.977534014884735,-0.0613903709819564,0.0595547711541744,0.192643975578792,0.963604892745499,-0.0794993946148058,0.159189532495501,0.199509773386365,0.985531373305991,-0.0690144975237252,0.0419654425550777,0.149009439272527,0.985531373305991,-0.0690144975237252,0.0419654425550777,0.149009439272527
1038,1808,0.981437460534564,-0.0404563123817936,0.131299708436884,0.133806518571862,0.981437460534564,-0.0404563123817936,0.131299708436884,0.133806518571862,0.98684213166377,-0.0336036462469385,0.0812509049146557,0.135689692249507,0.986846320913073,-0.0335966479288764,0.0812000078600753,0.135691425196283,0.981437460534564,-0.0404563123817936,0.131299708436884,0.133806518571862,0.961081199316581,-0.054906618573591,0.238289804012567,0.128554116467228,0.981437460534564,-0.0404563123817936,0.131299708436884,0.133806518571862,0.981437460534564,-0.0404563123817936,0.131299708436884,0.133806518571862,0.98143612301171,-0.0404658283965384,0.13128599798296,0.133826902801881,0.98143612301171,-0.0404658283965384,0.13128599798296,0.133826902801881,0.981437204460407,-0.0404581545590814,0.131297096802016,0.13381040244307,0.981437460534564,-0.0404563123817936,0.131299708436884,0.133806518571862,0.98143612301171,-0.0404658283965384,0.13128599798296,0.133826902801881,0.98143612301171,-0.0404658283965384,0.13128599798296,0.133826902801881,0.981437204460407,-0.0404581545590814,0.131297096802016,0.13381040244307,0.988745355699523,0.0104714499864714,-0.0184024319190966,0.148102399768764,0.955526802279856,-0.0181983006193735,0.0588041288112305,0.288408436794335,0.979972051347435,-0.0337689373511966,-0.00536130000842566,0.196177710024075,0.979972051347435,-0.0337689373511966,-0.00536130000842566,0.196177710024075,0.977710040631693,-0.0609502010673941,0.0588115369745401,0.192118069312882,0.962898631698397,-0.0813436853208687,0.161790796570385,0.200082903009964,0.985121366807733,-0.0725518293444964,0.0448519650577185,0.149199282666151,0.985121366807733,-0.0725518293444964,0.0448519650577185,0.149199282666151
1039,1809,0.981458510490337,-0.0402137952746764,0.131553552915243,0.133475486779675,0.981458510490337,-0.0402137952746764,0.131553552915243,0.133475486779675,0.986876055432788,-0.0333782664143977,0.0815033515381764,0.135346762918934,0.986880257702125,-0.0333712857834114,0.0814524527336224,0.135348484242073,0.981458510490337,-0.0402137952746764,0.131553552915243,0.133475486779675,0.961074244008819,-0.0546292135404951,0.238544424796332,0.128251720960819,0.981458510490337,-0.0402137952746764,0.131553552915243,0.133475486779675,0.981458510490337,-0.0402137952746764,0.131553552915243,0.133475486779675,0.981457397155903,-0.0402263971787736,0.131540175977586,0.133493058402902,0.981457397155903,-0.0402263971787736,0.131540175977586,0.133493058402902,0.98145829858679,-0.0402162389150139,0.13155098850906,0.133478836093757,0.981458510490337,-0.0402137952746764,0.131553552915243,0.133475486779675,0.981457397155903,-0.0402263971787736,0.131540175977586,0.133493058402902,0.981457397155903,-0.0402263971787736,0.131540175977586,0.133493058402902,0.98145829858679,-0.0402162389150139,0.13155098850906,0.133478836093757,0.988826239408545,0.00997256369011454,-0.0172301107681873,0.147737400523758,0.95539524518986,-0.018915117760331,0.0597822810447083,0.288596990042884,0.979968893022786,-0.0337088685461228,-0.00530783289525551,0.196205269549498,0.979968893022786,-0.0337088685461228,-0.00530783289525551,0.196205269549498,0.977924085348466,-0.0603889839720836,0.0579151696412873,0.191477118830438,0.962140143306578,-0.0833540229174237,0.164536358117165,0.200664492023423,0.9846418981971,-0.0764699396720293,0.0479778369055064,0.149434961796888,0.9846418981971,-0.0764699396720293,0.0479778369055064,0.149434961796888
1040,1810,0.98148566660999,-0.0398999963753058,0.131740734297688,0.133185042159768,0.98148566660999,-0.0398999963753059,0.131740734297688,0.133185042159768,0.986912689488167,-0.0330796341646367,0.0816889108838178,0.135040745589553,0.986916901327784,-0.0330726693170661,0.0816380101895947,0.13504245151097,0.98148566660999,-0.0398999963753058,0.131740734297687,0.133185042159768,0.961080679064105,-0.0542854152873173,0.238733456314424,0.127997495494764,0.98148566660999,-0.0398999963753058,0.131740734297687,0.133185042159768,0.98148566660999,-0.0398999963753058,0.131740734297687,0.133185042159768,0.981484258788442,-0.0399163166458738,0.131730707139817,0.1332004437394,0.981484258788442,-0.0399163166458738,0.131730707139817,0.1332004437394,0.981485394013534,-0.0399031588448793,0.131738836985203,0.133187980246284,0.98148566660999,-0.0398999963753058,0.131740734297687,0.133185042159768,0.981484258788442,-0.0399163166458738,0.131730707139817,0.1332004437394,0.981484258788442,-0.0399163166458738,0.131730707139817,0.1332004437394,0.981485394013534,-0.0399031588448793,0.131738836985203,0.133187980246284,0.988888080379553,0.00946271639964161,-0.0160516864891912,0.147489541467981,0.955253671316149,-0.0196241146742172,0.0607616475068509,0.28881367653303,0.979969296124695,-0.0336466212589329,-0.00523807741671734,0.19621581504992,0.979969296124695,-0.0336466212589329,-0.00523807741671734,0.19621581504992,0.978183695862496,-0.0596836743369188,0.0568843493004899,0.190679539990773,0.961329812211232,-0.0854978072102228,0.167425829710762,0.201255332008434,0.984094258100248,-0.0807822260686545,0.0513746331154784,0.14964414521714,0.984094258100248,-0.0807822260686545,0.0513746331154784,0.14964414521714
1041,1811,0.981520180929063,-0.0395275222606895,0.131878447597288,0.132905170976302,0.981520180929063,-0.0395275222606895,0.131878447597288,0.132905170976302,0.986954158141337,-0.0327218651568836,0.0818246921119464,0.134742306010266,0.986958376983894,-0.0327149157019805,0.0817737892787733,0.134743993479938,0.981520180929063,-0.0395275222606895,0.131878447597288,0.132905170976302,0.961099860538483,-0.0538844579406274,0.238874127072396,0.127760223390358,0.981520180929063,-0.0395275222606895,0.131878447597288,0.132905170976302,0.981520180929063,-0.0395275222606895,0.131878447597288,0.132905170976302,0.981518390916985,-0.0395469622262513,0.13187106139303,0.132919935440411,0.981518390916985,-0.0395469622262513,0.13187106139303,0.132919935440411,0.981519834234613,-0.0395312786739908,0.131877051648948,0.132907999228181,0.981520180929063,-0.0395275222606895,0.131878447597288,0.132905170976302,0.981518390916985,-0.0395469622262513,0.13187106139303,0.132919935440411,0.981518390916985,-0.0395469622262513,0.13187106139303,0.132919935440411,0.981519834234613,-0.0395312786739908,0.131877051648948,0.132907999228181,0.988940179707577,0.00894234904591797,-0.0148767922994959,0.147295744691979,0.955112200204885,-0.0203224743523404,0.0617522023926231,0.28902309173428,0.979968534697397,-0.0336078654330247,-0.00518701586491346,0.196227615922146,0.979968534697397,-0.0336078654330247,-0.00518701586491346,0.196227615922146,0.978494040439251,-0.0587899515800494,0.0556860350398561,0.189716156190308,0.96046193781946,-0.087772261769953,0.170427307833258,0.20189955128376,0.983466558180973,-0.0855214760574448,0.0550035004009639,0.149847325689415,0.983466558180973,-0.0855214760574448,0.0550035004009639,0.149847325689415
1042,1812,0.981554198595213,-0.0391463676732214,0.13205515476143,0.13259092434642,0.981554198595213,-0.0391463676732214,0.13205515476143,0.13259092434642,0.986997112549872,-0.0323571739408617,0.0819994420540261,0.134409094244422,0.987001340405199,-0.0323502416720309,0.0819485370052224,0.13441076290538,0.981554198595213,-0.0391463676732214,0.13205515476143,0.13259092434642,0.961114265944944,-0.0534710974166713,0.239053501283848,0.12748973708539,0.981554198595213,-0.0391463676732214,0.13205515476143,0.13259092434642,0.981554198595213,-0.0391463676732214,0.13205515476143,0.13259092434642,0.981552415295628,-0.0391663976844257,0.13204595104566,0.132607375858932,0.981552415295628,-0.0391663976844257,0.13204595104566,0.132607375858932,0.981553856319772,-0.0391502168379756,0.132053373914292,0.132594095280204,0.981554198595213,-0.0391463676732214,0.13205515476143,0.13259092434642,0.981552415295628,-0.0391663976844257,0.13204595104566,0.132607375858932,0.981552415295628,-0.0391663976844257,0.13204595104566,0.132607375858932,0.981553856319772,-0.0391502168379756,0.132053373914292,0.132594095280204,0.988987335206783,0.00839972226949078,-0.0136929997406592,0.147125787081956,0.954979220439648,-0.0210125924723545,0.0627496001645287,0.289198283475653,0.979966308375113,-0.0335830443869972,-0.00509317916398215,0.196245440979803,0.979966308375113,-0.0335830443869972,-0.00509317916398215,0.196245440979803,0.978851080864537,-0.0577147829581847,0.0543027081658566,0.188602177093139,0.959557234426838,-0.0900985402440534,0.173501870367806,0.202556826307784,0.982757984020594,-0.0906703833437967,0.0589023382347863,0.149987136043538,0.982757984020594,-0.0906703833437967,0.0589023382347863,0.149987136043538
1043,1813,0.981590366231278,-0.0387554897487095,0.132246262837779,0.132247082772077,0.981590366231278,-0.0387554897487095,0.132246262837779,0.132247082772077,0.987042946040566,-0.0319842760429155,0.0821884650311348,0.134045831615151,0.9870471836448,-0.0319773625100582,0.0821375576181912,0.13404748104417,0.981590366231278,-0.0387554897487095,0.132246262837779,0.132247082772077,0.961129226766625,-0.0530448221679369,0.239247425414783,0.127190902695747,0.981590366231278,-0.0387554897487095,0.132246262837779,0.132247082772077,0.981590366231278,-0.0387554897487095,0.132246262837779,0.132247082772077,0.981588476615895,-0.038776035459812,0.132236248316191,0.13226509849603,0.981588476615895,-0.038776035459812,0.132236248316191,0.13226509849603,0.981590002661553,-0.0387594370801939,0.132244334154495,0.132250553103394,0.981590366231278,-0.0387554897487095,0.132246262837779,0.132247082772077,0.981588476615895,-0.038776035459812,0.132236248316191,0.13226509849603,0.981588476615895,-0.038776035459812,0.132236248316191,0.13226509849603,0.981590002661553,-0.0387594370801939,0.132244334154495,0.132250553103394,0.98903914329075,0.0078193316422863,-0.0125343254948822,0.14691263313873,0.954869563060564,-0.0216994464410977,0.0637734183326057,0.289285676587783,0.979968016199846,-0.0335400992833062,-0.00496278409187997,0.19624759804762,0.979968016199846,-0.0335400992833062,-0.00496278409187997,0.19624759804762,0.979248744301167,-0.0564107800370329,0.0527568000935203,0.187367128184462,0.958603896908369,-0.0925231403755298,0.176676527840726,0.203232482239637,0.981956440702297,-0.0962635249449189,0.0629956387543049,0.150088080227557,0.981956440702297,-0.0962635249449189,0.0629956387543049,0.150088080227557
1044,1814,0.981638875506279,-0.0382806376564753,0.132424047943029,0.131846814150984,0.981638875506279,-0.0382806376564753,0.132424047943029,0.131846814150984,0.987100428114139,-0.0315303802617183,0.0823635550212196,0.133621947080942,0.987104674748663,-0.0315234885915516,0.0823126446433724,0.133623573100591,0.981638875506279,-0.0382806376564753,0.132424047943029,0.131846814150984,0.961157917742066,-0.0525288837150842,0.239429462557527,0.126845204863242,0.981638875506279,-0.0382806376564753,0.132424047943029,0.131846814150984,0.981638875506279,-0.0382806376564753,0.132424047943029,0.131846814150984,0.981636366243764,-0.038305407965099,0.132414659402011,0.131867729804587,0.981636366243764,-0.038305407965099,0.132414659402011,0.131867729804587,0.981638388852345,-0.0382854257319536,0.132422251084875,0.131850851819434,0.981638875506279,-0.0382806376564753,0.132424047943029,0.131846814150984,0.981636366243764,-0.038305407965099,0.132414659402011,0.131867729804587,0.981636366243764,-0.038305407965099,0.132414659402011,0.131867729804587,0.981638388852345,-0.0382854257319536,0.132422251084875,0.131850851819434,0.989103210227285,0.00717153135288062,-0.0113730365778339,0.14660853554665,0.954798406643423,-0.0223941348531603,0.064799573294896,0.289239555898148,0.979964328368658,-0.0335087662622185,-0.00483097019063886,0.196274653064438,0.979964328368658,-0.0335087662622185,-0.00483097019063886,0.196274653064438,0.979680936950231,-0.0548785822722956,0.0510606967801373,0.186027977004607,0.957599203248251,-0.0950471699772193,0.179927917120061,0.203950351944959,0.981057887135443,-0.102296038884361,0.0672582573498262,0.150124179718582,0.981064439193816,-0.10228140343351,0.0671626178890873,0.15013415140893
1045,1815,0.981696639681721,-0.0377320254269457,0.132594174864598,0.131403145650221,0.981696639681722,-0.0377320254269457,0.132594174864598,0.131403145650221,0.987166763919859,-0.031005025354653,0.082530526366924,0.13315097007664,0.987171019165937,-0.0309981579760929,0.0824796125675476,0.133152569001436,0.981696639681722,-0.0377320254269457,0.132594174864598,0.131403145650221,0.961196648680559,-0.0519348649868484,0.239604904239605,0.126464470221445,0.981696639681722,-0.0377320254269457,0.132594174864598,0.131403145650221,0.981696639681722,-0.0377320254269457,0.132594174864598,0.131403145650221,0.981693639543239,-0.0377606950767951,0.13258520091855,0.13142637667171,0.981693639543239,-0.0377606950767951,0.13258520091855,0.13142637667171,0.981696059795719,-0.0377375595312846,0.132592455980836,0.131407623063325,0.981696639681722,-0.0377320254269457,0.132594174864598,0.131403145650221,0.981693639543239,-0.0377606950767951,0.13258520091855,0.13142637667171,0.981693639543239,-0.0377606950767951,0.13258520091855,0.13142637667171,0.981696059795719,-0.0377375595312846,0.132592455980836,0.131407623063325,0.989188691595311,0.00652303176982385,-0.0102338214451351,0.146145309110886,0.95476717685499,-0.0230969667301797,0.0658455066162667,0.289051098227744,0.979964605497001,-0.0334787579059116,-0.00461817157756068,0.196283512383146,0.979964605497001,-0.0334787579059116,-0.00461817157756068,0.196283512383146,0.980141276239714,-0.0531090736716135,0.0492560581400216,0.184597794248561,0.956526577588307,-0.0976704380871078,0.183287866912021,0.204750945623981,0.980070223688763,-0.108627800753077,0.0717703738082474,0.150037898497794,0.980448314690471,-0.107805083936201,0.0664058140416195,0.150630123015262
1046,1816,0.981765446463886,-0.0371273639867559,0.132743361867695,0.130909766071995,0.981765446463886,-0.0371273639867559,0.132743361867695,0.130909766071995,0.987243063842521,-0.0304262201115129,0.0826760236416979,0.132627497674334,0.987247326592603,-0.0304193797321107,0.0826251059069159,0.132629066747615,0.981765446463886,-0.0371273639867559,0.132743361867695,0.130909766071995,0.961248655113445,-0.0512796766654826,0.239760745396246,0.126040480682649,0.981765446463886,-0.0371273639867559,0.132743361867695,0.130909766071995,0.981765446463886,-0.0371273639867559,0.132743361867695,0.130909766071995,0.981761872396524,-0.0371590311605586,0.132735456020396,0.130935598775652,0.981761872396524,-0.0371590311605586,0.132735456020396,0.130935598775652,0.981764755745207,-0.0371334660619106,0.132741853234311,0.130914745062214,0.981765446463886,-0.0371273639867559,0.132743361867695,0.130909766071995,0.981761872396524,-0.0371590311605586,0.132735456020396,0.130935598775652,0.981761872396524,-0.0371590311605586,0.132735456020396,0.130935598775652,0.981764755745207,-0.0371334660619106,0.132741853234311,0.130914745062214,0.989288537378127,0.0058396591330517,-0.00909318568248362,0.145572669713791,0.954773581923322,-0.0238039723107347,0.066892720821667,0.28873195539222,0.979960643529846,-0.0334563788979375,-0.00434083328646598,0.196313435632884,0.979960643529846,-0.0334563788979375,-0.00434083328646598,0.196313435632884,0.98061729644707,-0.0511486352576142,0.047335283530534,0.183119922327439,0.955368693072797,-0.100353654894944,0.18677111031982,0.205709398413159,0.978940095572421,-0.1154587573931,0.076309499369982,0.150074731143541,0.979694519268721,-0.113860236117689,0.0659204014570925,0.151291097615785
1047,1817,0.981836016076406,-0.0365286339062567,0.132925184564958,0.130363306756642,0.981836016076406,-0.0365286339062567,0.132925184564958,0.130363306756642,0.987322782945656,-0.0298560362089751,0.082854024844072,0.132051315576453,0.987327054876145,-0.0298492255472521,0.082803102997495,0.13205285524294,0.981836016076406,-0.0365286339062567,0.132925184564958,0.130363306756642,0.961298829567155,-0.0506245544555346,0.239949218438473,0.125563081077848,0.981836016076406,-0.0365286339062567,0.132925184564958,0.130363306756642,0.981836016076406,-0.0365286339062567,0.132925184564958,0.130363306756642,0.981832326763625,-0.0365601544378936,0.132915700556067,0.130391923734152,0.981832326763625,-0.0365601544378936,0.132915700556067,0.130391923734152,0.981835306916842,-0.0365346823566532,0.132923351717676,0.130368821597604,0.981836016076406,-0.0365286339062567,0.132925184564958,0.130363306756642,0.981832326763625,-0.0365601544378936,0.132915700556067,0.130391923734152,0.981832326763625,-0.0365601544378936,0.132915700556067,0.130391923734152,0.981835306916842,-0.0365346823566532,0.132923351717676,0.130368821597604,0.989418167630792,0.00515778278492468,-0.00796310334003187,0.144781476108186,0.954815671269946,-0.0245603503583103,0.0679621088273986,0.288279334762887,0.979959890523295,-0.0334263024099252,-0.00403264070591998,0.196328890084237,0.979959890523295,-0.0334263024099252,-0.00403264070591998,0.196328890084237,0.98110591732836,-0.0490050559522402,0.045299567640815,0.181597446694469,0.954138499044092,-0.10303423877682,0.190351462183747,0.206809069254901,0.977679689178132,-0.122625400120936,0.0809343044288016,0.150183471062428,0.978823457702554,-0.12026723465213,0.0656701980813094,0.152078453451856
1048,1818,0.981913717404984,-0.0359805374014191,0.133098576367969,0.129752154005437,0.981913717404984,-0.0359805374014191,0.133098576367969,0.129752154005437,0.987409196069244,-0.0293397083318049,0.0830232435956511,0.131413096971916,0.987413476727173,-0.0293329305872576,0.0829723172920428,0.131414610009347,0.981913717404984,-0.0359805374014191,0.133098576367969,0.129752154005437,0.961357018503625,-0.0500126547269001,0.240130094809198,0.125015818630738,0.981913717404984,-0.0359805374014191,0.133098576367969,0.129752154005437,0.981913717404984,-0.0359805374014191,0.133098576367969,0.129752154005437,0.981909666186618,-0.0360095189281202,0.133089435058678,0.129784144916131,0.981909666186618,-0.0360095189281202,0.133089435058678,0.129784144916131,0.981912936819999,-0.0359860789806242,0.13309682459839,0.129758321147242,0.981913717404984,-0.0359805374014191,0.133098576367969,0.129752154005437,0.981909666186618,-0.0360095189281202,0.133089435058678,0.129784144916131,0.981909666186618,-0.0360095189281202,0.133089435058678,0.129784144916131,0.981912936819999,-0.0359860789806242,0.13309682459839,0.129758321147242,0.989564853596531,0.00446573312092598,-0.00682406131073266,0.143857185921997,0.954876729240723,-0.0252999891469657,0.069037029295259,0.287757243331577,0.979955358248542,-0.0334356728046477,-0.00368423748818588,0.196356762089322,0.979955358248542,-0.0334356728046477,-0.00368423748818588,0.196356762089322,0.981597298649117,-0.0466910691984117,0.0431759956135742,0.180062546757072,0.952832290302083,-0.105724967374453,0.194002785886913,0.208076372756436,0.976302144676681,-0.129971861146785,0.0855447991828875,0.150411186228003,0.977833286252177,-0.126901588428503,0.0657712297649571,0.153010445678708
1049,1819,0.982004968676027,-0.0354822768523753,0.133170949408104,0.129122994693864,0.982004968676027,-0.0354822768523753,0.133170949408104,0.129122994693864,0.987504007596617,-0.0288740671462332,0.0830908854886067,0.130759427865738,0.987508291743088,-0.0288673231156627,0.0830399542949499,0.130760916888328,0.982004968676027,-0.0354822768523753,0.133170949408104,0.129122994693864,0.961439769594458,-0.0494483119722877,0.240212051556153,0.124445185412822,0.982004968676027,-0.0354822768523753,0.133170949408104,0.129122994693864,0.982004968676027,-0.0354822768523753,0.133170949408104,0.129122994693864,0.982000220595871,-0.0355086395752398,0.133166876001618,0.129156054450213,0.982000220595871,-0.0355086395752398,0.133166876001618,0.129156054450213,0.982004051621089,-0.035487314992148,0.133170208602522,0.129129348388253,0.982004968676027,-0.0354822768523753,0.133170949408104,0.129122994693864,0.982000220595871,-0.0355086395752398,0.133166876001618,0.129156054450213,0.982000220595871,-0.0355086395752398,0.133166876001618,0.129156054450213,0.982004051621089,-0.035487314992148,0.133170208602522,0.129129348388253,0.989724268145046,0.00380350808682097,-0.00567137239280165,0.142825914686965,0.954956647116798,-0.0260729779411588,0.0701291555909147,0.287158324770201,0.979945511771342,-0.0334585512162247,-0.00330206951571127,0.196408797274018,0.979945511771342,-0.0334585512162247,-0.00330206951571127,0.196408797274018,0.982076452699586,-0.0442747482319621,0.0409813772759995,0.178566834654581,0.951436002210341,-0.108515552056151,0.197752494095429,0.209494295242113,0.974821240597497,-0.137323040819111,0.0904046184563072,0.15064174820388,0.976800899189556,-0.13345738952019,0.0656463974696737,0.154076860768205
1050,1820,0.982067413966802,-0.0351007484591656,0.133180030416725,0.128742422613393,0.982067413966802,-0.0351007484591656,0.133180030416725,0.128742422613393,0.987566833709129,-0.0285123734340802,0.0830967811348054,0.130359957363887,0.987571118159589,-0.02850565000691,0.0830458467008481,0.130361427732449,0.982067413966801,-0.0351007484591656,0.133180030416725,0.128742422613393,0.961500839861705,-0.0490272958505582,0.240227935558038,0.12410881590097,0.982067413966801,-0.0351007484591656,0.133180030416725,0.128742422613393,0.982067413966801,-0.0351007484591656,0.133180030416725,0.128742422613393,0.982064062278509,-0.035121143301364,0.133179373778176,0.128763105252593,0.982064062278509,-0.035121143301364,0.133179373778176,0.128763105252593,0.982066781817513,-0.0351046141773812,0.133179932398498,0.128746292064595,0.982067413966801,-0.0351007484591656,0.133180030416725,0.128742422613393,0.982064062278509,-0.035121143301364,0.133179373778176,0.128763105252593,0.982064062278509,-0.035121143301364,0.133179373778176,0.128763105252593,0.982066781817513,-0.0351046141773812,0.133179932398498,0.128746292064595,0.989886489264003,0.00329214985771698,-0.00461056136258439,0.141748519730623,0.955184299156036,-0.0269808867668029,0.0712485111267518,0.286039570789237,0.979947240174141,-0.0334407539980583,-0.0028691756355689,0.196410005545286,0.979947240174141,-0.0334407539980583,-0.0028691756355689,0.196410005545286,0.982506143746308,-0.041772298724302,0.0387252728908063,0.177305120624252,0.94995512098111,-0.111405984548979,0.201603912778914,0.211020939910401,0.97331381577696,-0.144359104077025,0.0959299021157367,0.150393214500653,0.975849808133322,-0.139556712676779,0.0652647076787927,0.15485991684297
1051,1821,0.982173959113415,-0.0346792061498863,0.133018671150568,0.128209593344767,0.982173959113415,-0.0346792061498863,0.133018671150568,0.128209593344767,0.987665040482988,-0.0281184556098085,0.0829302155002646,0.129806392827688,0.987669316342599,-0.0281117607335693,0.0828792760014583,0.129807842880449,0.982173959113415,-0.0346792061498863,0.133018671150568,0.128209593344767,0.961624461477043,-0.0485497865246055,0.240079253423055,0.12362550462276,0.982173959113415,-0.0346792061498863,0.133018671150568,0.128209593344767,0.982173959113415,-0.0346792061498863,0.133018671150568,0.128209593344767,0.982168476857914,-0.0347013034538627,0.133026707987328,0.12823727058567,0.982168476857914,-0.0347013034538627,0.133026707987328,0.12823727058567,0.982172889802895,-0.0346834603174688,0.133020284096691,0.128214960653869,0.982173959113415,-0.0346792061498863,0.133018671150568,0.128209593344767,0.982168476857914,-0.0347013034538627,0.133026707987328,0.12823727058567,0.982168476857914,-0.0347013034538627,0.133026707987328,0.12823727058567,0.982172889802895,-0.0346834603174688,0.133020284096691,0.128214960653869,0.990075302564707,0.00266150808340565,-0.00342520243884416,0.140470920885355,0.955318704315792,-0.027799769074438,0.0722897949101733,0.285249945794297,0.979941248150043,-0.0334384705599217,-0.00240431232689753,0.196446527439364,0.979941248150043,-0.0334384705599217,-0.00240431232689753,0.196446527439364,0.982947349299188,-0.0392394352725222,0.036346486138573,0.175936659541362,0.948394512741342,-0.11459387602347,0.20563019584958,0.212443673322819,0.971565383757838,-0.151911290912915,0.100882431554068,0.151017879009063,0.974577774263679,-0.146351439889423,0.065686542183541,0.156411943692024
1052,1822,0.982298448631961,-0.0342501264644652,0.132714910530673,0.127684921487413,0.982298448631961,-0.0342501264644652,0.132714910530673,0.127684921487413,0.987773931243627,-0.0277165955697431,0.0826205205589523,0.129260592092494,0.987778191130399,-0.027709928844023,0.0825695754444548,0.12926202141982,0.982298448631961,-0.0342501264644652,0.132714910530673,0.127684921487413,0.961781557851067,-0.0480656812853433,0.239791001998609,0.123151129189523,0.982298448631961,-0.0342501264644652,0.132714910530673,0.127684921487413,0.982298448631961,-0.0342501264644652,0.132714910530673,0.127684921487413,0.982291964571334,-0.0342726858228494,0.132730502368048,0.127712540833717,0.982291964571334,-0.0342726858228494,0.132730502368048,0.127712540833717,0.982297195852729,-0.0342544599013611,0.132717964646166,0.127690222244742,0.982298448631961,-0.0342501264644652,0.132714910530673,0.127684921487413,0.982291964571334,-0.0342726858228494,0.132730502368048,0.127712540833717,0.982291964571334,-0.0342726858228494,0.132730502368048,0.127712540833717,0.982297195852729,-0.0342544599013611,0.132717964646166,0.127690222244742,0.990273509383969,0.00202967991245354,-0.0022004051421211,0.139102175500679,0.955452974018662,-0.0286539035039452,0.0733094288493455,0.28445438280094,0.979935043015316,-0.0334361798498251,-0.00193944849535349,0.196483006611653,0.979935043015316,-0.0334361798498251,-0.00193944849535349,0.196483006611653,0.983376851990226,-0.0367173453387079,0.033951383954819,0.17455402329544,0.946774241566471,-0.118002011515406,0.209741415963664,0.213781662483264,0.969806229172959,-0.158907766344123,0.106910238735019,0.150978145790938,0.973496846992633,-0.152291759260557,0.0652518979375725,0.157649290427431
1053,1823,0.982435205802967,-0.0338368829127414,0.13228221399061,0.127190988734947,0.982435205802967,-0.0338368829127414,0.13228221399061,0.127190988734947,0.987888520954861,-0.0273289889595766,0.0821814328482574,0.128746295570285,0.987892758195282,-0.0273223487595089,0.0821304818243141,0.128747704907263,0.982435205802967,-0.0338368829127414,0.13228221399061,0.127190988734947,0.961965007788887,-0.047600692247267,0.239375941834394,0.122705567755522,0.982435205802967,-0.0338368829127414,0.13228221399061,0.127190988734947,0.982435205802967,-0.0338368829127414,0.13228221399061,0.127190988734947,0.982428059686731,-0.0338586736099378,0.132304630559135,0.127217068407318,0.982428059686731,-0.0338586736099378,0.132304630559135,0.127217068407318,0.982433828779348,-0.0338410587890119,0.132286571911804,0.127195981468809,0.982435205802967,-0.0338368829127414,0.13228221399061,0.127190988734947,0.982428059686731,-0.0338586736099378,0.132304630559135,0.127217068407318,0.982428059686731,-0.0338586736099378,0.132304630559135,0.127217068407318,0.982433828779348,-0.0338410587890119,0.132286571911804,0.127195981468809,0.990479116628787,0.00137205441307083,-0.000899495623332437,0.137653288724132,0.955570374486351,-0.0294644515238454,0.0742638697571514,0.283728714001786,0.979922784484343,-0.0334896582109718,-0.00142316403330721,0.196539446029289,0.979922784484343,-0.0334896582109718,-0.00142316403330721,0.196539446029289,0.983801804780774,-0.0341505578166083,0.0313349759890711,0.173164279199465,0.945128461298757,-0.121514052771402,0.21388468627803,0.214988063849745,0.967933874866938,-0.166090561999231,0.112069270867523,0.151520353837622,0.972146397736051,-0.158749708573978,0.0662335938668738,0.159194919642479
1054,1824,0.982569573321898,-0.0334939061741371,0.131826185730407,0.126716410093541,0.982569573321898,-0.0334939061741371,0.131826185730407,0.126716410093541,0.987999538325351,-0.0270105747320797,0.0817191650171285,0.128254899284351,0.988003751723897,-0.0270039598764796,0.0816682082680157,0.128256292199587,0.982569573321898,-0.0334939061741371,0.131826185730407,0.126716410093541,0.962148644886321,-0.0472076705149509,0.2389374286411,0.122271526457913,0.982569573321898,-0.0334939061741371,0.131826185730407,0.126716410093541,0.982569573321898,-0.0334939061741371,0.131826185730407,0.126716410093541,0.982562512402925,-0.0335121450511058,0.131850109955105,0.126741444915831,0.982562512402925,-0.0335121450511058,0.131850109955105,0.126741444915831,0.982568218701606,-0.0334973777969298,0.131830789971718,0.126721206172116,0.982569573321898,-0.0334939061741371,0.131826185730407,0.126716410093541,0.982562512402925,-0.0335121450511058,0.131850109955105,0.126741444915831,0.982562512402925,-0.0335121450511058,0.131850109955105,0.126741444915831,0.982568218701606,-0.0334973777969298,0.131830789971718,0.126721206172116,0.990683864546187,0.000714014942138648,0.000451232833611709,0.136179172781397,0.955671844075311,-0.0302752661624757,0.0751602879583841,0.283064773178329,0.97990199408129,-0.0335253949763418,-0.0008812081879127,0.196640162121886,0.97990199408129,-0.0335253949763418,-0.0008812081879127,0.196640162121886,0.984220087789094,-0.0315025712146256,0.0285846763919265,0.171759491949832,0.943443288954812,-0.125045593218987,0.218002153731018,0.216225394233138,0.965900396196551,-0.173259615962434,0.118111955918644,0.15187855665949,0.970803192780516,-0.164965516377278,0.0667470627873379,0.160848900844232
1055,1825,0.982694787805963,-0.0333155244594954,0.131388259675115,0.126246406160839,0.982694787805963,-0.0333155244594954,0.131388259675115,0.126246406160839,0.988102334489108,-0.026856310324288,0.081275441177741,0.127776436929131,0.988106525002207,-0.0268497201458622,0.0812244791274476,0.127777821888728,0.982694787805963,-0.0333155244594954,0.131388259675115,0.126246406160839,0.962321196277445,-0.0469787506072878,0.238515902942779,0.121823955895041,0.982694787805963,-0.0333155244594954,0.131388259675115,0.126246406160839,0.982694787805963,-0.0333155244594954,0.131388259675115,0.126246406160839,0.982688186043757,-0.0333253558970319,0.131411353796651,0.126271159643434,0.982688186043757,-0.0333253558970319,0.131411353796651,0.126271159643434,0.982693524402803,-0.03331734307058,0.131392685284335,0.12625115445526,0.982694787805963,-0.0333155244594954,0.131388259675115,0.126246406160839,0.982688186043757,-0.0333253558970319,0.131411353796651,0.126271159643434,0.982688186043757,-0.0333253558970319,0.131411353796651,0.126271159643434,0.982693524402803,-0.03331734307058,0.131392685284335,0.12625115445526,0.990879043398857,6.11613264568993e-05,0.00182482778341091,0.134741929687161,0.955737505178107,-0.0310055508660874,0.0760175417494015,0.282534617981223,0.979888199093343,-0.0335189039601415,-0.000323526441141773,0.196711707037377,0.979888199093343,-0.0335189039601415,-0.000323526441141773,0.196711707037377,0.984625464578856,-0.0288187602360303,0.0257697025700987,0.170346987031702,0.941701571896018,-0.128561521417625,0.222123129271192,0.217557808736272,0.964054754188403,-0.179382723625464,0.122674942067473,0.15287618513095,0.969347314432643,-0.170692067780795,0.0694009689178889,0.16252232927262
1056,1826,0.982801333434356,-0.033269924769445,0.131003287731452,0.125828413758728,0.982801333434356,-0.033269924769445,0.131003287731452,0.125828413758728,0.988189177184341,-0.0268320129899159,0.0808855518157146,0.127356667207144,0.988193347588557,-0.0268254444613856,0.080834585286978,0.127358050914151,0.982801333434356,-0.033269924769445,0.131003287731452,0.125828413758728,0.962469376163664,-0.0468875216054807,0.238144960777938,0.121413499747342,0.982801333434356,-0.033269924769445,0.131003287731452,0.125828413758728,0.982801333434356,-0.033269924769445,0.131003287731452,0.125828413758728,0.982795684897298,-0.0332726966250088,0.131023692213375,0.125850552185227,0.982795684897298,-0.0332726966250088,0.131023692213375,0.125850552185227,0.982800257018521,-0.0332703990091704,0.131007181930414,0.125832641380329,0.982801333434356,-0.033269924769445,0.131003287731452,0.125828413758728,0.982795684897298,-0.0332726966250088,0.131023692213375,0.125850552185227,0.982795684897298,-0.0332726966250088,0.131023692213375,0.125850552185227,0.982800257018521,-0.0332703990091704,0.131007181930414,0.125832641380329,0.99105757848773,-0.000565527346304463,0.0032593146379461,0.133393902292981,0.95576085210557,-0.0316821694800227,0.0768355563293262,0.282159052668944,0.979872475660553,-0.0335268694863374,0.00027693317425529,0.196788728776122,0.979872475660553,-0.0335268694863374,0.00027693317425529,0.196788728776122,0.98501291283248,-0.0260456777376455,0.0229853458566489,0.168946317214406,0.939897217339764,-0.132063600226783,0.226253217584522,0.219002072740786,0.962148651537405,-0.185494581310482,0.127230234663807,0.153864225980556,0.966994501007327,-0.178197434699406,0.0826994273828121,0.162259403421489
1057,1827,0.982896873979674,-0.0332563746438589,0.130661547956678,0.125440458194707,0.982896873979674,-0.0332563746438589,0.130661547956678,0.125440458194707,0.988267226186129,-0.026838197254573,0.0805393980597302,0.126968524346294,0.988271378737164,-0.0268316487447242,0.0804884275060322,0.126969908372773,0.982896873979673,-0.0332563746438589,0.130661547956678,0.125440458194707,0.962601869652643,-0.04683144703839,0.237815780667906,0.121029378974038,0.982896873979673,-0.0332563746438589,0.130661547956678,0.125440458194707,0.982896873979673,-0.0332563746438589,0.130661547956678,0.125440458194707,0.982891821757932,-0.0332571909876751,0.130679656131918,0.125460963818342,0.982891821757932,-0.0332571909876751,0.130679656131918,0.125460963818342,0.982895909185944,-0.0332565149340732,0.130665004479488,0.125444380202348,0.982896873979673,-0.0332563746438589,0.130661547956678,0.125440458194707,0.982891821757932,-0.0332571909876751,0.130679656131918,0.125460963818342,0.982891821757932,-0.0332571909876751,0.130679656131918,0.125460963818342,0.982895909185944,-0.0332565149340732,0.130665004479488,0.125444380202348,0.991217226597493,-0.00118009521277768,0.00478746821963331,0.132151796127445,0.955751914777028,-0.0322980397985259,0.0776030448866095,0.281909349702247,0.979856452146188,-0.0335576103097287,0.000914540029954935,0.196861330876127,0.979856452146188,-0.0335576103097287,0.000914540029954935,0.196861330876127,0.985364858127716,-0.0232034277293889,0.0203042534828845,0.167646755408672,0.938078522334788,-0.135392087389004,0.23025726364738,0.220588442907263,0.960369685328532,-0.190594231506171,0.131724117531789,0.154960199015821,0.965768642227132,-0.182580337462248,0.0833792859666663,0.164326640367964
1058,1828,0.982997798311196,-0.033148137484884,0.130296700908984,0.125057183835472,0.982997798311196,-0.033148137484884,0.130296700908984,0.125057183835472,0.988349477646818,-0.0267495789392034,0.080169893274756,0.12658024440706,0.988353611140324,-0.0267430504552321,0.0801189184793834,0.126581623863516,0.982997798311196,-0.033148137484884,0.130296700908984,0.125057183835472,0.962742252069878,-0.0466817722870071,0.237464224319883,0.120660309894015,0.982997798311196,-0.033148137484884,0.130296700908984,0.125057183835472,0.982997798311196,-0.033148137484884,0.130296700908984,0.125057183835472,0.982992507253244,-0.0331535904223413,0.130315849701107,0.125077373824234,0.982992507253244,-0.0331535904223413,0.130315849701107,0.125077373824234,0.982996780917089,-0.0331492213099192,0.130300384143332,0.125061055989813,0.982997798311196,-0.033148137484884,0.130296700908984,0.125057183835472,0.982992507253244,-0.0331535904223413,0.130315849701107,0.125077373824234,0.982992507253244,-0.0331535904223413,0.130315849701107,0.125077373824234,0.982996780917089,-0.0331492213099192,0.130300384143332,0.125061055989813,0.99136119929428,-0.0018074487389345,0.00639712583094057,0.130991535772223,0.955737955662657,-0.0328537050367693,0.0783175308289378,0.281694796785422,0.979834274280223,-0.033615348925345,0.00157291922522503,0.19695768374828,0.979834274280223,-0.033615348925345,0.00157291922522503,0.19695768374828,0.985684886441213,-0.0203204874446393,0.0177206082248532,0.166428250232724,0.936359611421665,-0.138315948663163,0.233899516851147,0.222239493476021,0.958771054410542,-0.194732390191056,0.135898575874134,0.156105536450061,0.964340217776869,-0.18673355312262,0.0880812243226567,0.165590526414057
1059,1829,0.983117937938914,-0.0329118705584088,0.129919269796678,0.124566898550872,0.983117937938914,-0.0329118705584088,0.129919269796678,0.124566898550872,0.988450280017913,-0.0265385348740096,0.0797868441177715,0.126078585037181,0.988454393755305,-0.0265320322636875,0.0797358641239685,0.126079953609586,0.983117937938913,-0.0329118705584088,0.129919269796678,0.124566898550872,0.962903115571707,-0.0463930899484121,0.237102270305588,0.120198937779313,0.983117937938913,-0.0329118705584088,0.129919269796678,0.124566898550872,0.983117937938913,-0.0329118705584088,0.129919269796678,0.124566898550872,0.983111677892364,-0.0329239569371865,0.129939100311696,0.124592423772257,0.983111677892364,-0.0329239569371865,0.129939100311696,0.124592423772257,0.983116728609372,-0.0329142441411204,0.129923081236555,0.124571840409559,0.983117937938913,-0.0329118705584088,0.129919269796678,0.124566898550872,0.983111677892364,-0.0329239569371865,0.129939100311696,0.124592423772257,0.983111677892364,-0.0329239569371865,0.129939100311696,0.124592423772257,0.983116728609372,-0.0329142441411204,0.129923081236555,0.124571840409559,0.991489812282648,-0.00247166950149632,0.00805851409483325,0.129911136320867,0.955731836114956,-0.0333707305341144,0.0789420906952501,0.281480368936481,0.979812947056621,-0.0336548593376591,0.00227508025643688,0.197050154105522,0.979812947056621,-0.0336548593376591,0.00227508025643688,0.197050154105522,0.985974840875716,-0.017402310373623,0.0152469272294885,0.165282497451562,0.934815501568546,-0.140738172276375,0.237046000992523,0.223879294051292,0.95730316222167,-0.198128028442805,0.139417644859854,0.157729706293683,0.962900706572013,-0.190312600424426,0.0932140192299066,0.16707630000038
1060,1830,0.983256150564764,-0.0325482681674655,0.129552336608105,0.123952187133753,0.983256150564764,-0.0325482681674655,0.129552336608105,0.123952187133753,0.988569665562357,-0.0262066435494909,0.0794133608027511,0.125446188821391,0.988573760036975,-0.0262001735558062,0.0793623746520672,0.125447540277153,0.983256150564764,-0.0325482681674655,0.129552336608105,0.123952187133753,0.963080789838807,-0.0459641775374182,0.236752735543896,0.119627876514009,0.983256150564764,-0.0325482681674655,0.129552336608105,0.123952187133753,0.983256150564764,-0.0325482681674655,0.129552336608105,0.123952187133753,0.983248943779071,-0.0325670531659424,0.129571677015576,0.123984201093527,0.983248943779071,-0.0325670531659424,0.129571677015576,0.123984201093527,0.983254759629378,-0.0325519280363331,0.129556044487544,0.12395838408124,0.983256150564764,-0.0325482681674655,0.129552336608105,0.123952187133753,0.983248943779071,-0.0325670531659424,0.129571677015576,0.123984201093527,0.983248943779071,-0.0325670531659424,0.129571677015576,0.123984201093527,0.983254759629378,-0.0325519280363331,0.129556044487544,0.12395838408124,0.99160456380104,-0.0031712887751223,0.00975137956215131,0.128900126350164,0.955720715369329,-0.0338198868096813,0.079492189309297,0.28130965377842,0.979789979190382,-0.0337173739078237,0.00299817508926649,0.197143973585311,0.979791454538533,-0.0336109761623214,0.00246941066264052,0.197162141157124,0.986234503641274,-0.0144384617663075,0.0128883749282205,0.164216090688404,0.933487480154153,-0.142582263178415,0.239632018676336,0.225494829757745,0.956049598890942,-0.200370226538022,0.142463415063315,0.159765804057286,0.961556527938967,-0.192867756525158,0.0986696698534552,0.168746461657487
1061,1831,0.98340001272868,-0.0321632102866772,0.129262901263286,0.12321138432095,0.98340001272868,-0.0321632102866772,0.129262901263286,0.12321138432095,0.988698631979689,-0.0258597327445251,0.079116988057315,0.124686773735676,0.988702711168542,-0.0258533019185685,0.0790659952555087,0.124688107300324,0.98340001272868,-0.0321632102866772,0.129262901263286,0.12321138432095,0.963255568433185,-0.0455000916948157,0.236480850303428,0.118933842862295,0.98340001272868,-0.0321632102866772,0.129262901263286,0.12321138432095,0.98340001272868,-0.0321632102866772,0.129262901263286,0.12321138432095,0.983392479798106,-0.0321834031046542,0.129278342750143,0.123250027735949,0.983392479798106,-0.0321834031046542,0.129278342750143,0.123250027735949,0.983398564170328,-0.0321670975946386,0.129265833218137,0.123218854817331,0.98340001272868,-0.0321632102866772,0.129262901263286,0.12321138432095,0.983392479798106,-0.0321834031046542,0.129278342750143,0.123250027735949,0.983392479798106,-0.0321834031046542,0.129278342750143,0.123250027735949,0.983398564170328,-0.0321670975946386,0.129265833218137,0.123218854817331,0.991703097367246,-0.00392397671853788,0.0114535735001393,0.127978063483551,0.955689508326293,-0.0342092244239525,0.0799750453765763,0.281231727862228,0.979765928335991,-0.0337926486916613,0.00374791684628576,0.197237764349606,0.979771005008039,-0.0334456722337915,0.00202458744134085,0.197296897593598,0.986462975174933,-0.0115490573477537,0.010638389201448,0.163230642217067,0.932423771239603,-0.143817581236067,0.241538164305425,0.227072079610616,0.955063676445328,-0.201213334671061,0.144892988212293,0.16239639728824,0.960340708997761,-0.194159151379951,0.104337561501259,0.170767736522639
1062,1832,0.983541453154684,-0.0317728904216293,0.129040468697231,0.1224142589694,0.983541453154684,-0.0317728904216293,0.129040468697231,0.1224142589694,0.988828585038786,-0.0255104292087122,0.0788876545818223,0.12387084146949,0.988832652399461,-0.0255040404653928,0.0788366550779177,0.123872157019694,0.983541453154684,-0.0317728904216293,0.129040468697231,0.1224142589694,0.963420581499067,-0.0450245901924308,0.236275296591133,0.118184405243568,0.983541453154684,-0.0317728904216293,0.129040468697231,0.1224142589694,0.983541453154684,-0.0317728904216293,0.129040468697231,0.1224142589694,0.983534026578902,-0.0317934167727201,0.129052365300373,0.12245605016408,0.983534026578902,-0.0317934167727201,0.129052365300373,0.12245605016408,0.983540028519632,-0.0317768326313895,0.129042722901023,0.12242230545864,0.983541453154684,-0.0317728904216293,0.129040468697231,0.1224142589694,0.983534026578902,-0.0317934167727201,0.129052365300373,0.12245605016408,0.983534026578902,-0.0317934167727201,0.129052365300373,0.12245605016408,0.983540028519632,-0.0317768326313895,0.129042722901023,0.12242230545864,0.991777375352869,-0.00466884830965386,0.013149269528681,0.127212170426014,0.955619789267085,-0.0345532514493294,0.0804379544435173,0.281294554978148,0.979734512432656,-0.0339184505407385,0.00449972181291318,0.197356470288841,0.979743397979695,-0.0333511551329164,0.00168418028946763,0.197453128876842,0.986653710856685,-0.00867791130908136,0.0084463314837855,0.162381674435606,0.931648566741314,-0.144334083342322,0.242702131340943,0.228679461074121,0.954216734184322,-0.201166575898667,0.146761520620807,0.16572111817413,0.959221339315729,-0.194539525302431,0.109375234553629,0.17345274100683
1063,1833,0.983669109665506,-0.0314181898723001,0.128917153489266,0.121607349988575,0.983669109665506,-0.0314181898723001,0.128917153489266,0.121607349988575,0.988949809389562,-0.0251971961864965,0.078758010908434,0.123046948480793,0.98895387006363,-0.025190849936345,0.0787070051524868,0.123048247876921,0.983669109665506,-0.0314181898723001,0.128917153489266,0.121607349988575,0.963561008670913,-0.0445834180841239,0.236166746903533,0.117421331358625,0.983669109665506,-0.0314181898723001,0.128917153489266,0.121607349988575,0.983669109665506,-0.0314181898723001,0.128917153489266,0.121607349988575,0.983662376480424,-0.0314369518899065,0.128923916829138,0.121649787596158,0.983662376480424,-0.0314369518899065,0.128923916829138,0.121649787596158,0.983667822871935,-0.0314217764287204,0.128918409710154,0.121615500041135,0.983669109665506,-0.0314181898723001,0.128917153489266,0.121607349988575,0.983662376480424,-0.0314369518899065,0.128923916829138,0.121649787596158,0.983662376480424,-0.0314369518899065,0.128923916829138,0.121649787596158,0.983667822871935,-0.0314217764287204,0.128918409710154,0.121615500041135,0.991829220828817,-0.00540650481336891,0.0147936036829258,0.126596665461132,0.955538764342161,-0.0348486014305567,0.0808594142302848,0.281412508513971,0.979704770865555,-0.0340194383655377,0.00525411180615837,0.197468058342847,0.979717765630083,-0.0332552726139404,0.00146405477931812,0.197598185962759,0.986801289020638,-0.00583975680090653,0.00636382881687702,0.161705333587064,0.931197164129489,-0.143994238875896,0.243020297078318,0.23038801161457,0.953973694899025,-0.199143547454657,0.147002582981387,0.169311185527359,0.958433731888935,-0.19325105656683,0.114369364516657,0.176006986149155
1064,1834,0.98377351719527,-0.0311198513167991,0.128916671518728,0.120837550139845,0.98377351719527,-0.0311198513167991,0.128916671518728,0.120837550139845,0.989054057498593,-0.0249383663419348,0.0787522233069732,0.122262981126647,0.989058117874023,-0.0249320605256916,0.0787012121743779,0.122264267174521,0.98377351719527,-0.0311198513167991,0.128916671518728,0.120837550139845,0.963664837588836,-0.0442023424779968,0.236177734185724,0.116688952301566,0.98377351719527,-0.0311198513167991,0.128916671518728,0.120837550139845,0.98377351719527,-0.0311198513167991,0.128916671518728,0.120837550139845,0.983767978212361,-0.0311357069185816,0.128917036150087,0.120878164235407,0.983767978212361,-0.0311357069185816,0.128917036150087,0.120878164235407,0.983772463697401,-0.0311228706772659,0.128916689352152,0.120845330062987,0.98377351719527,-0.0311198513167991,0.128916671518728,0.120837550139845,0.983767978212361,-0.0311357069185816,0.128917036150087,0.120878164235407,0.983767978212361,-0.0311357069185816,0.128917036150087,0.120878164235407,0.983772463697401,-0.0311228706772659,0.128916689352152,0.120845330062987,0.991859678369225,-0.00611988929386372,0.0164001489568397,0.126126763593308,0.95544387642337,-0.0351259212222381,0.081244839583004,0.281589141666551,0.979670931533013,-0.0341456271476574,0.00602935463141719,0.197591975896449,0.979688678022909,-0.0331827951660352,0.00125752206970845,0.197755947816845,0.986904989463661,-0.00309481731978315,0.00437444922278085,0.161213610069019,0.931056706024156,-0.142739418854712,0.242506424046918,0.232270322616653,0.954079518913216,-0.195985201563092,0.146400258094402,0.172884460806908,0.958293056847497,-0.190325689545068,0.115651118358876,0.179095974045804
1065,1835,0.983859573570439,-0.0308235505092659,0.129001437081242,0.120120262482113,0.983859573570439,-0.0308235505092659,0.129001437081242,0.120120262482113,0.989144310662668,-0.0246789028100816,0.0788325057251599,0.121531561665518,0.989148375178589,-0.02467263471756,0.0787814899375993,0.121532834332385,0.983859573570439,-0.0308235505092659,0.129001437081242,0.120120262482113,0.963741064224121,-0.043829059334785,0.236271437976301,0.116008544006883,0.983859573570439,-0.0308235505092659,0.129001437081242,0.120120262482113,0.983859573570439,-0.0308235505092659,0.129001437081242,0.120120262482113,0.983855009863556,-0.0308391588347109,0.128997219140156,0.120158159535076,0.983855009863556,-0.0308391588347109,0.128997219140156,0.120158159535076,0.983858705540201,-0.0308265438073966,0.129000590006208,0.120127513533329,0.983859573570439,-0.0308235505092659,0.129001437081242,0.120120262482113,0.983855009863556,-0.0308391588347109,0.128997219140156,0.120158159535076,0.983855009863556,-0.0308391588347109,0.128997219140156,0.120158159535076,0.983858705540201,-0.0308265438073966,0.129000590006208,0.120127513533329,0.991870064214363,-0.00682242433943257,0.0179619976278124,0.12579585399665,0.955340699508057,-0.0354041431749231,0.0816153892573655,0.281797130478425,0.979639270362113,-0.0342826768847515,0.0068475452674618,0.197698530985475,0.979662650532146,-0.0331099434877571,0.00103926133933408,0.197898314117217,0.986966722394361,-0.000454502958754559,0.00243196438482405,0.160905462500267,0.931275383618457,-0.140383488509926,0.241111272351205,0.234273324058164,0.954426832960244,-0.192195402213758,0.145302043377736,0.176118324099529,0.958859441371328,-0.18602464159044,0.112391436405676,0.182624120632744
1066,1836,0.9839255959727,-0.0305094921156886,0.12917662779566,0.119469625059892,0.9839255959727,-0.0305094921156886,0.12917662779566,0.119469625059892,0.989219151377819,-0.0243983173073705,0.0790041146158795,0.120865803822576,0.989223224744468,-0.024392083552063,0.0789530949681381,0.120867062018971,0.9839255959727,-0.0305094921156886,0.12917662779566,0.119469625059892,0.963787447316436,-0.0434454457400613,0.236452819763606,0.115396332981408,0.9839255959727,-0.0305094921156886,0.12917662779566,0.119469625059892,0.9839255959727,-0.0305094921156886,0.12917662779566,0.119469625059892,0.983922081153543,-0.03052597590254,0.129167659263871,0.119504053546191,0.983922081153543,-0.03052597590254,0.129167659263871,0.119504053546191,0.983924929838626,-0.0305126627188079,0.129174867781305,0.119476204281626,0.9839255959727,-0.0305094921156886,0.12917662779566,0.119469625059892,0.983922081153543,-0.03052597590254,0.129167659263871,0.119504053546191,0.983922081153543,-0.03052597590254,0.129167659263871,0.119504053546191,0.983924929838626,-0.0305126627188079,0.129174867781305,0.119476204281626,0.991862031751088,-0.00752480667818766,0.0194593503060655,0.125596261651079,0.955237883040826,-0.0357213511171932,0.0819530149328292,0.282007580078024,0.97960751457149,-0.0344306421693677,0.007676251025056,0.197799705371556,0.979637220716034,-0.0330515916036181,0.000850424890863286,0.198034807187366,0.987003251803261,0.00213120185346456,0.000518409179154089,0.160685314078081,0.931852526210712,-0.137012725324854,0.238872232966652,0.23625926185294,0.955085324826228,-0.187782632690322,0.143262805421092,0.178956625315608,0.959942193740565,-0.180667071822904,0.105939576137023,0.186137583640158
1067,1837,0.983971445014373,-0.0301918096354422,0.129461128591577,0.118863224805065,0.983971445014373,-0.0301918096354422,0.129461128591577,0.118863224805065,0.989279400216209,-0.0241118641570686,0.0792859175877807,0.12024404179415,0.989283488116926,-0.0241056624698738,0.0792348948322962,0.120245285217387,0.983971445014373,-0.0301918096354421,0.129461128591577,0.118863224805065,0.963801774323555,-0.0430630882340188,0.236740634937574,0.114828489547983,0.983971445014373,-0.0301918096354421,0.129461128591577,0.118863224805065,0.983971445014373,-0.0301918096354421,0.129461128591577,0.118863224805065,0.983968991097158,-0.0302085183885357,0.129446457002005,0.118895267969918,0.983968991097158,-0.0302085183885357,0.129446457002005,0.118895267969918,0.983970982603776,-0.0301950182506868,0.129458266343866,0.118869354931541,0.983971445014373,-0.0301918096354421,0.129461128591577,0.118863224805065,0.983968991097158,-0.0302085183885357,0.129446457002005,0.118895267969918,0.983968991097158,-0.0302085183885357,0.129446457002005,0.118895267969918,0.983970982603776,-0.0301950182506868,0.129458266343866,0.118869354931541,0.991846571667228,-0.00818757740528599,0.0208923601688762,0.125446606708886,0.955143524929079,-0.036047666082786,0.0822661087583775,0.282194436348049,0.979579565608007,-0.0345723947734305,0.00851241744650742,0.197879162399878,0.979616317430771,-0.032988392687015,0.000676188529064596,0.198149386424421,0.987020536994753,0.00465354333724394,-0.00138609229405035,0.160520661701694,0.93279118161987,-0.132767813986694,0.235833808355551,0.238024649769552,0.956149182564417,-0.18254989044634,0.140266628552444,0.181051238863371,0.961509901041645,-0.174183914629264,0.0969262431076075,0.189113662860083
1068,1838,0.983982668334612,-0.0299380229847062,0.129902464059539,0.118351903356578,0.983982668334612,-0.0299380229847062,0.129902464059539,0.118351903356578,0.989313038813222,-0.0238843921192019,0.0797261123208137,0.119720483048866,0.98931714941719,-0.0238782174351509,0.0796750878298139,0.119721714740799,0.983982668334612,-0.0299380229847062,0.129902464059539,0.118351903356578,0.963764461016279,-0.0427546818925137,0.237180533420522,0.114348132580412,0.983982668334612,-0.0299380229847062,0.129902464059539,0.118351903356578,0.983982668334612,-0.0299380229847062,0.129902464059539,0.118351903356578,0.983981997946233,-0.0299515481661319,0.129879665483216,0.118379073210428,0.983981997946233,-0.0299515481661319,0.129879665483216,0.118379073210428,0.983982554064864,-0.0299405930163213,0.129898022423593,0.118357078184015,0.983982668334612,-0.0299380229847062,0.129902464059539,0.118351903356578,0.983981997946233,-0.0299515481661319,0.129879665483216,0.118379073210428,0.983981997946233,-0.0299515481661319,0.129879665483216,0.118379073210428,0.983982554064864,-0.0299405930163213,0.129898022423593,0.118357078184015,0.991826609191539,-0.00885650248054511,0.0222555902648045,0.125324492280604,0.955077391306087,-0.0364387915991969,0.0825812017658356,0.282275992953103,0.979554516419049,-0.0347360659504447,0.0093624014668381,0.197936102124158,0.979599143930391,-0.0329381719545159,0.000471602614719352,0.198243213326746,0.987022369956112,0.00709057626093967,-0.00328793354556015,0.160392501157344,0.934119429917915,-0.127770021947188,0.232004358120034,0.23931086468181,0.957572703617068,-0.176697508721616,0.136441442844356,0.182253231449069,0.963432530114458,-0.166847188028957,0.0857875862534911,0.191311959398473
1069,1839,0.983964962964342,-0.0297379399603723,0.130500845278626,0.117890355699937,0.983964962964342,-0.0297379399603723,0.130500845278626,0.117890355699937,0.989325767565086,-0.0237080246770455,0.0803246200838111,0.119249363126421,0.989329909037417,-0.0237018742915081,0.0802735949355227,0.119250585722729,0.983964962964342,-0.0297379399603723,0.130500845278626,0.117890355699937,0.963681146783857,-0.0425051206353925,0.237773350679184,0.113911350443734,0.983964962964342,-0.0297379399603723,0.130500845278626,0.117890355699937,0.983964962964342,-0.0297379399603723,0.130500845278626,0.117890355699937,0.983965830385547,-0.0297486208454995,0.130469788363934,0.117914793455875,0.983965830385547,-0.0297486208454995,0.130469788363934,0.117914793455875,0.983965141907833,-0.029739966582791,0.130494817451639,0.117895023288587,0.983964962964342,-0.0297379399603723,0.130500845278626,0.117890355699937,0.983965830385547,-0.0297486208454995,0.130469788363934,0.117914793455875,0.983965830385547,-0.0297486208454995,0.130469788363934,0.117914793455875,0.983965141907833,-0.029739966582791,0.130494817451639,0.117895023288587,0.991807614180862,-0.00954101399447745,0.0235649207536595,0.125185142947148,0.955043868119874,-0.0368576312654703,0.082881344709836,0.282247068511291,0.979541927866876,-0.0348906802798924,0.0101893936251194,0.197930362092341,0.979594867186229,-0.0328966252597667,0.000329202058311357,0.19827153062131,0.987009353742663,0.00938090680129009,-0.00516266164522589,0.160305586729886,0.93584915086376,-0.122117314816917,0.227382714973656,0.239939219763454,0.959280642584936,-0.170414862062343,0.131945094293905,0.182564825861615,0.965567876743124,-0.15889512714837,0.0728528280039021,0.192674542745305
1070,1840,0.983879663522084,-0.0297374370031768,0.131303542390539,0.117710969343763,0.983879663522084,-0.0297374370031768,0.131303542390539,0.117710969343763,0.98928137344529,-0.0237166392365021,0.0811306150034289,0.119070183029555,0.989285556487328,-0.0237104980922691,0.0810795921437205,0.119071406070402,0.983879663522084,-0.0297374370031768,0.131303542390539,0.117710969343763,0.963508208781172,-0.0424849199912082,0.238561824582081,0.113733104401079,0.983879663522084,-0.0297374370031768,0.131303542390539,0.117710969343763,0.983879663522084,-0.0297374370031768,0.131303542390539,0.117710969343763,0.983883989256551,-0.0297379967209921,0.131261857004932,0.117721162631253,0.983883989256551,-0.0297379967209921,0.131261857004932,0.117721162631253,0.983880521691928,-0.0297374624013132,0.131295455592076,0.11771281028851,0.983879663522084,-0.0297374370031768,0.131303542390539,0.117710969343763,0.983883989256551,-0.0297379967209921,0.131261857004932,0.117721162631253,0.983883989256551,-0.0297379967209921,0.131261857004932,0.117721162631253,0.983880521691928,-0.0297374624013132,0.131295455592076,0.11771281028851,0.991776734009294,-0.0100886549566274,0.0247320978694066,0.125161704422725,0.955155053345719,-0.037466340394376,0.0832259279143617,0.281688733051898,0.979513392466403,-0.0351776789636354,0.0110023089890509,0.197977256468006,0.9795751767173,-0.0329720685708773,9.99169855778233e-05,0.198356512043403,0.986950094191418,0.0115238095004214,-0.00702236989927915,0.160459962953838,0.938018917261806,-0.115678912106982,0.222028202752839,0.239671394486448,0.961213590836655,-0.163886932942807,0.126755476927836,0.182050968331127,0.967748554568676,-0.150676064511948,0.0588324168340634,0.193127433170155
1071,1841,0.983793296913551,-0.02974377263996,0.132183474874766,0.117446097879579,0.983793296913551,-0.02974377263996,0.132183474874766,0.117446097879579,0.989239838834574,-0.0237364281210419,0.0820137997202243,0.118805975851604,0.989244067427423,-0.0237303006034187,0.0819627790015126,0.118807199913426,0.983793296913551,-0.02974377263996,0.132183474874766,0.117446097879579,0.963325727854991,-0.0424621283533213,0.23942694947448,0.113469139300972,0.983793296913551,-0.02974377263996,0.132183474874766,0.117446097879579,0.983793296913551,-0.02974377263996,0.132183474874766,0.117446097879579,0.983797853338014,-0.0297434845032627,0.132137396904083,0.117459853722589,0.983797853338014,-0.0297434845032627,0.132137396904083,0.117459853722589,0.98379417338532,-0.0297437096652676,0.132174595248178,0.117448765508302,0.983793296913551,-0.02974377263996,0.132183474874766,0.117446097879579,0.983797853338014,-0.0297434845032627,0.132137396904083,0.117459853722589,0.983797853338014,-0.0297434845032627,0.132137396904083,0.117459853722589,0.98379417338532,-0.0297437096652676,0.132174595248178,0.117448765508302,0.991769392039004,-0.010716427814119,0.0259498694341824,0.124920916846773,0.955180235375646,-0.0379740735235058,0.0835192425615726,0.281448438989627,0.979498984472595,-0.0354764902123429,0.0117349664494794,0.197953147542033,0.979569277428787,-0.033108022392625,2.71672688550107e-05,0.198363022846583,0.986919616953638,0.013482082942268,-0.0088974940363175,0.160401800836199,0.940501956426234,-0.108924109544819,0.215968811592665,0.238640065239571,0.963389426825779,-0.156990950153138,0.120991683690549,0.180542699459264,0.969955493323269,-0.142156264774492,0.0440966689670564,0.1924406951333
1072,1842,0.983695956847197,-0.0297508293365701,0.13308199940764,0.117244761375201,0.983695956847197,-0.0297508293365701,0.13308199940764,0.117244761375201,0.989188289841794,-0.0237537081268158,0.0829161101579546,0.118605258173353,0.989192564971887,-0.0237475909612984,0.0828650920967115,0.118606483126667,0.983695956847197,-0.0297508293365701,0.13308199940764,0.117244761375201,0.963130298014912,-0.0424470310070311,0.240309348818485,0.113268245659716,0.983695956847197,-0.0297508293365701,0.13308199940764,0.117244761375201,0.983695956847197,-0.0297508293365701,0.13308199940764,0.117244761375201,0.983701073843249,-0.0297504627653761,0.133034772274435,0.11725551863675,0.983701073843249,-0.0297504627653761,0.133034772274435,0.11725551863675,0.983696943271881,-0.0297507582686604,0.133072925940935,0.11724680192447,0.983695956847197,-0.0297508293365701,0.13308199940764,0.117244761375201,0.983701073843249,-0.0297504627653761,0.133034772274435,0.11725551863675,0.983701073843249,-0.0297504627653761,0.133034772274435,0.11725551863675,0.983696943271881,-0.0297507582686604,0.133072925940935,0.11724680192447,0.991768567498982,-0.0113899609583335,0.0271957716720036,0.124602437028931,0.955222717000382,-0.0385540429146949,0.083814212631054,0.281137554343733,0.979490990582178,-0.0356876468110562,0.0123928879489348,0.197914647163161,0.979569384129771,-0.0331965576239508,7.73239482848691e-05,0.198347685286592,0.986897703611754,0.0153032387094273,-0.0107037640098623,0.160262793332921,0.943272327571116,-0.101708755038233,0.209309501698788,0.236816759723097,0.965779343130344,-0.149744839858247,0.114628123950764,0.178064978359246,0.972109082594927,-0.133564041999201,0.0295512766932197,0.190502756586582
1073,1843,0.983597842259758,-0.0297304675957407,0.133942415374745,0.117093182389354,0.983597842259758,-0.0297304675957407,0.133942415374745,0.117093182389354,0.989134030555493,-0.0237410763254948,0.0837804006407026,0.11845284023794,0.989138350261935,-0.0237349670210363,0.0837293853767636,0.118454064539965,0.983597842259758,-0.0297304675957407,0.133942415374745,0.117093182389354,0.962938283531781,-0.0424101455875524,0.241153785048751,0.113119819734521,0.983597842259758,-0.0297304675957407,0.133942415374745,0.117093182389354,0.983597842259758,-0.0297304675957407,0.133942415374745,0.117093182389354,0.983603023958291,-0.0297314679624759,0.133897035952905,0.117101301597923,0.983603023958291,-0.0297314679624759,0.133897035952905,0.117101301597923,0.983598837115608,-0.0297306706187346,0.133933721002941,0.11709471904271,0.983597842259758,-0.0297304675957407,0.133942415374745,0.117093182389354,0.983603023958291,-0.0297314679624759,0.133897035952905,0.117101301597923,0.983603023958291,-0.0297314679624759,0.133897035952905,0.117101301597923,0.983598837115608,-0.0297306706187346,0.133933721002941,0.11709471904271,0.991777379273722,-0.0120851156410753,0.0284604892780817,0.124183656295597,0.95530237310851,-0.0391858093484437,0.0840993987317425,0.280694031664224,0.979489946340224,-0.0358369881223921,0.0129662883577157,0.197856085746598,0.979575757378119,-0.0332398359745,0.00012317643666028,0.198308934970258,0.986893036567334,0.0169620356925424,-0.0124137706385322,0.160001006304978,0.946241437966363,-0.0940679155424668,0.202164683685571,0.234324153708399,0.968332487826103,-0.142169656865621,0.107701557848813,0.17470076165879,0.974177566996463,-0.125015800956768,0.0156684556801646,0.187359592678324
1074,1844,0.98349191021851,-0.0297242507613521,0.134803051918138,0.116996874509442,0.98349191021851,-0.0297242507613521,0.134803051918138,0.116996874509442,0.989071975128118,-0.0237397621342734,0.0846453087173903,0.118356340861443,0.989076339442769,-0.0237336578068271,0.0845942966528451,0.118357565095816,0.98349191021851,-0.0297242507613521,0.134803051918138,0.116996874509442,0.962738474656952,-0.0423933895473674,0.241997581985654,0.11302477715522,0.98349191021851,-0.0297242507613521,0.134803051918138,0.116996874509442,0.98349191021851,-0.0297242507613521,0.134803051918138,0.116996874509442,0.983497485624308,-0.0297246122174005,0.134757753816185,0.117002098210269,0.983497485624308,-0.0297246122174005,0.134757753816185,0.117002098210269,0.983492983269228,-0.0297243150742265,0.13479435912619,0.116997853404764,0.98349191021851,-0.0297242507613521,0.134803051918138,0.116996874509442,0.983497485624308,-0.0297246122174005,0.134757753816185,0.117002098210269,0.983497485624308,-0.0297246122174005,0.134757753816185,0.117002098210269,0.983492983269228,-0.0297243150742265,0.13479435912619,0.116997853404764,0.991790013189537,-0.0127971549504611,0.0297428663000605,0.123710001483019,0.955395272746691,-0.0398621317051037,0.0843543448986723,0.280205688318273,0.979489756470016,-0.0359825879122034,0.0134353465543772,0.197799296764203,0.979581879906769,-0.0333025868997779,0.000179234617097335,0.198268116799085,0.986928270190108,0.0185088716486058,-0.0139657617933049,0.159483443239069,0.949347914525411,-0.0860101635723755,0.194626297980691,0.2312171989339,0.970988999203271,-0.134216154346248,0.100337477710525,0.170583639032074,0.976155400325987,-0.11649845314722,0.00280720884341095,0.183141651208091
1075,1845,0.983375021208212,-0.0297473513138302,0.135675337350088,0.116965232391936,0.983375021208212,-0.0297473513138302,0.135675337350088,0.116965232391936,0.988999568917248,-0.0237644409660748,0.0855224074895631,0.118325913663313,0.989003978468866,-0.0237583382078959,0.085471399158243,0.118327139170552,0.983375021208212,-0.0297473513138302,0.135675337350088,0.116965232391936,0.962526495775214,-0.0424128753395583,0.242851754022902,0.112990789465863,0.983375021208212,-0.0297473513138302,0.135675337350088,0.116965232391936,0.983375021208212,-0.0297473513138302,0.135675337350088,0.116965232391936,0.983381164488079,-0.0297462149656118,0.135629460934251,0.11696707806889,0.983381164488079,-0.0297462149656118,0.135629460934251,0.11696707806889,0.983376204682413,-0.0297471210679712,0.135666528098341,0.116965559060445,0.983375021208212,-0.0297473513138302,0.135675337350088,0.116965232391936,0.983381164488079,-0.0297462149656118,0.135629460934251,0.11696707806889,0.983381164488079,-0.0297462149656118,0.135629460934251,0.11696707806889,0.983376204682413,-0.0297471210679712,0.135666528098341,0.116965559060445,0.991807808321324,-0.0135999681666501,0.031009113944199,0.123169586632062,0.955480766701643,-0.0405690669366691,0.0846155713308087,0.279733552437833,0.979492238414683,-0.0361374700259036,0.0138194964812662,0.197732292917784,0.979589697258076,-0.0333889980577742,0.000220507219612848,0.198214911676935,0.987010120337158,0.0201129942451525,-0.0153006409363928,0.158658060625546,0.952538719587115,-0.0775711480262981,0.186732218462967,0.227560504633648,0.973675448024608,-0.125846659952349,0.0926366064882228,0.165943361516101,0.978033135456593,-0.107974514870768,-0.00875242232302486,0.178090104135091
1076,1846,0.98325353984677,-0.0298050852553771,0.136534830126915,0.116971677913638,0.98325353984677,-0.0298050852553771,0.136534830126915,0.116971677913638,0.988921926134953,-0.0238217727204342,0.0863869635334103,0.118335285039874,0.988926380276646,-0.0238156694788449,0.0863359592054112,0.118336513504018,0.983253539846769,-0.0298050852553771,0.136534830126914,0.116971677913638,0.962311357247118,-0.0424709679242592,0.243692706440298,0.112990855491003,0.983253539846769,-0.0298050852553771,0.136534830126914,0.116971677913638,0.983253539846769,-0.0298050852553771,0.136534830126914,0.116971677913638,0.98325994068322,-0.0298021423347132,0.13648956438311,0.116971450253477,0.98325994068322,-0.0298021423347132,0.13648956438311,0.116971450253477,0.983254770254599,-0.0298045057273835,0.136526147627531,0.116971617172321,0.983253539846769,-0.0298050852553771,0.136534830126914,0.116971677913638,0.98325994068322,-0.0298021423347132,0.13648956438311,0.116971450253477,0.98325994068322,-0.0298021423347132,0.13648956438311,0.116971450253477,0.983254770254599,-0.0298045057273835,0.136526147627531,0.116971617172321,0.991834172722148,-0.0144339518727007,0.0322635049283593,0.122538569861271,0.955556313776595,-0.0412572374160973,0.084876287639283,0.279295519761866,0.979493675636403,-0.0362648567148081,0.01406936152465,0.197684224514836,0.979594645689333,-0.0334969570779634,0.000371055539772652,0.198172011951978,0.98714184764591,0.0217527486350639,-0.0163418723675099,0.157514233517366,0.955749844610817,-0.0687662816495945,0.178537277269487,0.223467835850454,0.976301116261251,-0.117134770118523,0.0846987053134773,0.161064289445358,0.979785759907647,-0.0994647214424117,-0.0189104462384415,0.172537036295517
1077,1847,0.983133812190608,-0.0298900286323929,0.137341649163437,0.117011815305058,0.983133812190608,-0.0298900286323929,0.137341649163437,0.117011815305058,0.988843357779405,-0.0239045664418045,0.0871988247794684,0.118379687598252,0.98884785379341,-0.0238984609100178,0.0871478245025973,0.11838092033247,0.983133812190608,-0.0298900286323929,0.137341649163437,0.117011815305058,0.96210374659919,-0.042559805497953,0.244481496328805,0.113021421370494,0.983133812190608,-0.0298900286323929,0.137341649163437,0.117011815305058,0.983133812190608,-0.0298900286323929,0.137341649163437,0.117011815305058,0.983140136158692,-0.0298856348503063,0.137299047369771,0.117009799140141,0.983140136158692,-0.0298856348503063,0.137299047369771,0.117009799140141,0.983135025122485,-0.0298891735051275,0.137333494615283,0.11701141372253,0.983133812190608,-0.0298900286323929,0.137341649163437,0.117011815305058,0.983140136158692,-0.0298856348503063,0.137299047369771,0.117009799140141,0.983140136158692,-0.0298856348503063,0.137299047369771,0.117009799140141,0.983135025122485,-0.0298891735051275,0.137333494615283,0.11701141372253,0.991858834297251,-0.0153224999510953,0.0334823288849672,0.121902450648815,0.955611466228148,-0.0419805371139655,0.0851748160417502,0.278907889506852,0.97950630784511,-0.0363773090643371,0.0142387190240116,0.197588823462847,0.979609682202614,-0.0335960730005265,0.000467720749382732,0.198080679651343,0.987323756175092,0.0234171318980465,-0.0172368796172109,0.156033100357069,0.958922326551919,-0.0596829406033465,0.17008490912721,0.219036622345169,0.978810397104857,-0.108115344925165,0.0765786157027432,0.156131336791171,0.981413446253481,-0.0909575635326324,-0.027599372753377,0.166711258686066
1078,1848,0.983026229667929,-0.0299827764597867,0.138060376417127,0.117046133486675,0.983026229667929,-0.0299827764597867,0.138060376417127,0.117046133486675,0.988772441815795,-0.023995450274774,0.0879220908373531,0.118418675108823,0.988776975132755,-0.0239893427320633,0.0878710942170514,0.118419912530375,0.983026229667929,-0.0299827764597867,0.138060376417127,0.117046133486675,0.961917882115694,-0.0426557612317651,0.245184061100309,0.113045346132235,0.983026229667929,-0.0299827764597867,0.138060376417127,0.117046133486675,0.983026229667929,-0.0299827764597867,0.138060376417127,0.117046133486675,0.983031939079452,-0.0299779198084679,0.138022311939296,0.117044318446395,0.983031939079452,-0.0299779198084679,0.138022311939296,0.117044318446395,0.983027320299645,-0.0299818405118063,0.138053107974421,0.117045786607753,0.983026229667929,-0.0299827764597867,0.138060376417127,0.117046133486675,0.983031939079452,-0.0299779198084679,0.138022311939296,0.117044318446395,0.983031939079452,-0.0299779198084679,0.138022311939296,0.117044318446395,0.983027320299645,-0.0299818405118063,0.138053107974421,0.117045786607753,0.991873302630052,-0.0161893149737166,0.0346968162241031,0.121331729380021,0.955647569153759,-0.0427267369145657,0.0854505886009451,0.278586335685899,0.979517989416639,-0.0364953863940757,0.014321428158387,0.19750314396646,0.979622525656321,-0.0337152216060662,0.000549656294234513,0.197996689206519,0.987549500963464,0.0251233853547787,-0.0179468348236638,0.154248856640629,0.961998772867057,-0.0503853854855524,0.161409982026069,0.214397974883375,0.98116197437584,-0.0988444621790106,0.068353853963265,0.151257075814045,0.982924170397611,-0.0824560744492309,-0.0348015022792899,0.160779123252046
1079,1849,0.98293481878998,-0.0301097150028703,0.138708473816225,0.117014983503519,0.98293481878998,-0.0301097150028703,0.138708473816225,0.117014983503519,0.98871408701111,-0.0241238078959116,0.0885739964318189,0.118394016717417,0.98871865395055,-0.0241177016248007,0.0885230028203325,0.11839526075912,0.98293481878998,-0.0301097150028703,0.138708473816225,0.117014983503519,0.961755848232658,-0.0427785109639846,0.245818199261969,0.113000443811461,0.98293481878998,-0.0301097150028703,0.138708473816225,0.117014983503519,0.98293481878998,-0.0301097150028703,0.138708473816225,0.117014983503519,0.982939686441747,-0.0301031255990708,0.138674167361695,0.117016451636116,0.982939686441747,-0.0301031255990708,0.138674167361695,0.117016451636116,0.982935746020722,-0.0301084363257312,0.138701920469964,0.117015291798341,0.98293481878998,-0.0301097150028703,0.138708473816225,0.117014983503519,0.982939686441747,-0.0301031255990708,0.138674167361695,0.117016451636116,0.982939686441747,-0.0301031255990708,0.138674167361695,0.117016451636116,0.982935746020722,-0.0301084363257312,0.138701920469964,0.117015291798341,0.991873368689761,-0.0170237171468479,0.0359066319916951,0.120864086136215,0.955667235331481,-0.0434487346818548,0.0857349590639788,0.278319707463786,0.979527519209005,-0.0366445591587024,0.0143311206038995,0.197427542097227,0.979632145914962,-0.0338803350884282,0.000632926187437366,0.197920643159787,0.987797740665063,0.026867160634238,-0.0185283910657519,0.152284201219185,0.964920480376513,-0.0409982541738497,0.152591875286368,0.209674341065484,0.983322234948058,-0.089379477015817,0.0601572725212342,0.146525744863975,0.984323650592434,-0.0739447174144153,-0.0406013061959771,0.154889197770748
1080,1850,0.98285890692085,-0.0302894404965778,0.139269788594639,0.116939492326418,0.98285890692085,-0.0302894404965778,0.139269788594639,0.116939492326418,0.988666800674408,-0.0243071377823519,0.0891384438560328,0.118327757200016,0.988671396725609,-0.0243010349283696,0.0890874526826155,0.11832901069715,0.98285890692085,-0.0302894404965778,0.139269788594639,0.116939492326418,0.961618750326395,-0.0429488586692477,0.246367781882181,0.112905671293187,0.98285890692085,-0.0302894404965778,0.139269788594639,0.116939492326418,0.98285890692085,-0.0302894404965778,0.139269788594639,0.116939492326418,0.982862955279283,-0.0302801250402152,0.139240008860435,0.116943341408435,0.982862955279283,-0.0302801250402152,0.139240008860435,0.116943341408435,0.982859677096855,-0.030287630509767,0.139264110165971,0.116940250533556,0.98285890692085,-0.0302894404965778,0.139269788594639,0.116939492326418,0.982862955279283,-0.0302801250402152,0.139240008860435,0.116943341408435,0.982862955279283,-0.0302801250402152,0.139240008860435,0.116943341408435,0.982859677096855,-0.030287630509767,0.139264110165971,0.116940250533556,0.99185903219825,-0.0178526399309256,0.037113561463021,0.120497000169212,0.955679338561323,-0.0442004276085254,0.0860442765090745,0.278064212954931,0.979539846544373,-0.0367970796815211,0.0143263291203799,0.197338339540677,0.979644395415447,-0.0340370864296752,0.000642810503675823,0.197833066177367,0.988046277442234,0.0285261790995571,-0.0189708246717923,0.150302756294741,0.967641446076451,-0.0315715513868711,0.143711503414428,0.204988469832977,0.985293440938386,-0.0797480008442052,0.0520808448894833,0.141861471868679,0.985640505040844,-0.0654150104458741,-0.0450374731022327,0.149014419596767
1081,1851,0.982804275100475,-0.0305366216538704,0.139743110790393,0.116769578952835,0.982804275100475,-0.0305366216538704,0.139743110790393,0.116769578952835,0.988636294881472,-0.0245626349334437,0.0896139309046353,0.118170625774683,0.98864091545623,-0.0245565401832647,0.0895629413039393,0.118171892449438,0.982804275100475,-0.0305366216538704,0.139743110790393,0.116769578952834,0.961512467349851,-0.0431758842912109,0.246832241208374,0.112709639545719,0.982804275100475,-0.0305366216538704,0.139743110790393,0.116769578952834,0.982804275100475,-0.0305366216538704,0.139743110790393,0.116769578952834,0.982807217338408,-0.0305237970781129,0.139717956862462,0.116778268053812,0.982807217338408,-0.0305237970781129,0.139717956862462,0.116778268053812,0.982804830694921,-0.0305341317912148,0.139738321007759,0.116771285855799,0.982804275100475,-0.0305366216538704,0.139743110790393,0.116769578952834,0.982807217338408,-0.0305237970781129,0.139717956862462,0.116778268053812,0.982807217338408,-0.0305237970781129,0.139717956862462,0.116778268053812,0.982804830694921,-0.0305341317912148,0.139738321007759,0.116771285855799,0.991838436017022,-0.0186926396900019,0.0382828075356313,0.120172911706084,0.955679075572782,-0.0449817171028048,0.0863919184441296,0.277831938528276,0.979555191669546,-0.0369166713999255,0.014322561897506,0.197240082302459,0.979659704522899,-0.0341523092854642,0.000610442606453095,0.197737478653898,0.988284662944642,0.0300933783553587,-0.0193090753304711,0.148374435727447,0.970122785552235,-0.0222216603449352,0.134861900647709,0.200450109796861,0.987055749311067,-0.0700769495475412,0.0443411482998201,0.137273564321521,0.986861012739612,-0.0568856135465176,-0.0484822773302144,0.143243978201039
1082,1852,0.982769812302799,-0.0308685317720907,0.140132937577302,0.116504890792244,0.982769812302799,-0.0308685317720907,0.140132937577302,0.116504890792244,0.988621688599734,-0.0249075682437988,0.0900050054048898,0.117923148179048,0.988626329344402,-0.0249014862569593,0.0899540165570009,0.117924432644264,0.982769812302799,-0.0308685317720907,0.140132937577302,0.116504890792244,0.961435401104719,-0.0434767179214905,0.24721592519563,0.11241010110774,0.982769812302799,-0.0308685317720907,0.140132937577302,0.116504890792244,0.982769812302799,-0.0308685317720907,0.140132937577302,0.116504890792244,0.982771691125086,-0.0308512953055332,0.140112189762344,0.116518560672155,0.982771691125086,-0.0308512953055332,0.140112189762344,0.116518560672155,0.982770164139468,-0.0308651878240043,0.140128991647046,0.116507554938957,0.982769812302799,-0.0308685317720907,0.140132937577302,0.116504890792244,0.982771691125086,-0.0308512953055332,0.140112189762344,0.116518560672155,0.982771691125086,-0.0308512953055332,0.140112189762344,0.116518560672155,0.982770164139468,-0.0308651878240043,0.140128991647046,0.116507554938957,0.99181622301511,-0.0195449780464637,0.0394146947064141,0.119854309219174,0.95566762906054,-0.045803041755343,0.0867452242218109,0.277626962318993,0.979566223007336,-0.0370558053911967,0.0143541961492098,0.197156889514067,0.979671274618969,-0.0342581198427798,0.00047105243157141,0.197662219508155,0.98850962917213,0.0315142506840155,-0.0194819565578579,0.146546983614407,0.972360731078971,-0.0129956825494549,0.126036166293826,0.19611375697946,0.98860221652649,-0.0604835240448246,0.0371332106409494,0.132772457480935,0.987976371580955,-0.0484063883393841,-0.0511459387568923,0.137635764662911
1083,1853,0.982759631913531,-0.0312993917217446,0.140426512719604,0.11612169687204,0.982759631913531,-0.0312993917217446,0.140426512719604,0.11612169687204,0.988626441595127,-0.0253573462741329,0.0902987185532807,0.117562346848499,0.988631097488212,-0.0253512828952299,0.0902477294598628,0.117563654511755,0.98275963191353,-0.0312993917217446,0.140426512719604,0.11612169687204,0.961393041022308,-0.0438628882068292,0.247506606512404,0.111981906774034,0.98275963191353,-0.0312993917217446,0.140426512719604,0.11612169687204,0.98275963191353,-0.0312993917217446,0.140426512719604,0.11612169687204,0.982760245546282,-0.0312769872391219,0.140410798095486,0.11614154132456,0.982760245546282,-0.0312769872391219,0.140410798095486,0.11614154132456,0.982759739308382,-0.0312950497484676,0.140423537804819,0.116125555697877,0.98275963191353,-0.0312993917217446,0.140426512719604,0.11612169687204,0.982760245546282,-0.0312769872391219,0.140410798095486,0.11614154132456,0.982760245546282,-0.0312769872391219,0.140410798095486,0.11614154132456,0.982759739308382,-0.0312950497484676,0.140423537804819,0.116125555697877,0.991785169967895,-0.0204423952342899,0.0404950478106258,0.11960115472542,0.955629006317938,-0.0466593751595587,0.0871308596950228,0.27749651940577,0.979574996186195,-0.0371990962122821,0.0144739633320638,0.197077544315093,0.979681896839834,-0.0343283823644295,0.000223096453212206,0.197597807165261,0.988722067365324,0.0327672695692587,-0.0194107604808429,0.144838537438666,0.974367188887868,-0.00394230504011864,0.117200185025067,0.191982176463897,0.989924305683845,-0.0511310456115895,0.0304982125961681,0.128473126448546,0.988971075303762,-0.0401174726698969,-0.0530705583890125,0.132326552253804
1084,1854,0.982784191252901,-0.0318028035302081,0.140587653367264,0.115580823806053,0.982784191252901,-0.0318028035302081,0.140587653367264,0.115580823806053,0.988659158770275,-0.0258875960561068,0.0904584027914787,0.117047757409114,0.988663822899122,-0.0258815592167428,0.0904074120104414,0.117049092420989,0.982784191252901,-0.0318028035302081,0.140587653367264,0.115580823806053,0.961399754873721,-0.0443038547166633,0.247669469625716,0.111389019213349,0.982784191252901,-0.0318028035302081,0.140587653367264,0.115580823806053,0.982784191252901,-0.0318028035302081,0.140587653367264,0.115580823806053,0.982783008502855,-0.0317765131832964,0.140578812682055,0.115608861394325,0.982783008502855,-0.0317765131832964,0.140578812682055,0.115608861394325,0.982783949565118,-0.0317977260835313,0.140586012616554,0.115586271458522,0.982784191252901,-0.0318028035302081,0.140587653367264,0.115580823806053,0.982783008502855,-0.0317765131832964,0.140578812682055,0.115608861394325,0.982783008502855,-0.0317765131832964,0.140578812682055,0.115608861394325,0.982783949565118,-0.0317977260835313,0.140586012616554,0.115586271458522,0.991738915592437,-0.0213777330481805,0.0414946026785259,0.119478507597853,0.955567662732832,-0.0475079305435984,0.087574580599381,0.277424100084366,0.979586529591641,-0.0373244903650078,0.0146699708977584,0.196981992617232,0.979696368202466,-0.03435941029857,-5.59860280198097e-05,0.19752076832677,0.988940186895546,0.0338052992380193,-0.0191008459307032,0.143142118788157,0.976177262057885,0.00492839667920382,0.108267722105471,0.187967455420974,0.991023357781119,-0.0421117464181203,0.0243463541032599,0.12452533954073,0.989849637632891,-0.0321432107119191,-0.0540160670904099,0.127462831363686
1085,1855,0.982855465853936,-0.032295346051633,0.140562622609055,0.114866413671328,0.982855465853936,-0.032295346051633,0.140562622609055,0.114866413671328,0.988729069136983,-0.0264158101885669,0.0904297820256617,0.116359302758263,0.988733731789605,-0.0264098088559421,0.0903787876389954,0.116360665013999,0.982855465853936,-0.032295346051633,0.140562622609055,0.114866413671328,0.961473347297294,-0.0447149593423121,0.247652417857428,0.110624837976482,0.982855465853936,-0.032295346051633,0.140562622609055,0.114866413671328,0.982855465853936,-0.032295346051633,0.140562622609055,0.114866413671328,0.982851862265382,-0.0322694050381532,0.140563434870064,0.114903538315772,0.982851862265382,-0.0322694050381532,0.140563434870064,0.114903538315772,0.982854754444323,-0.0322903699746429,0.140562857045946,0.114873612688782,0.982855465853936,-0.032295346051633,0.140562622609055,0.114866413671328,0.982851862265382,-0.0322694050381532,0.140563434870064,0.114903538315772,0.982851862265382,-0.0322694050381532,0.140563434870064,0.114903538315772,0.982854754444323,-0.0322903699746429,0.140562857045946,0.114873612688782,0.991682388293281,-0.0223196967419752,0.0424155923213139,0.119452038133772,0.955506348610091,-0.048394186665888,0.0880596301082718,0.27732854524544,0.979594244348482,-0.0374769832125163,0.0149750282134492,0.196891697891561,0.97970859204041,-0.0343707853784682,-0.000457944172409702,0.197457626041134,0.989166273861033,0.0346823605390021,-0.0184894923497112,0.141440288447006,0.977782400165336,0.0135309979728925,0.0992878276064086,0.184120659650061,0.991905298901343,-0.0335205582728327,0.0183247756863036,0.121096873537533,0.990639710177521,-0.0246900251132353,-0.0533374541191316,0.123200987282552
1086,1856,0.982980069374189,-0.0327537251843521,0.140322809062512,0.113960019114026,0.982980069374189,-0.0327537251843521,0.140322809062512,0.113960019114026,0.98884132370342,-0.0269196622138073,0.0901839457250903,0.11547737551666,0.988845973676746,-0.0269137063664135,0.0901329455491576,0.115478763760025,0.982980069374189,-0.032753725184352,0.140322809062512,0.113960019114026,0.961623534130608,-0.0450710229422967,0.247427739221452,0.109673585520198,0.982980069374189,-0.032753725184352,0.140322809062512,0.113960019114026,0.982980069374189,-0.032753725184352,0.140322809062512,0.113960019114026,0.982973687012152,-0.0327295101050209,0.140334844351597,0.114007198329031,0.982973687012152,-0.0327295101050209,0.140334844351597,0.114007198329031,0.982978821687329,-0.0327490918134089,0.140325210322605,0.113969155684788,0.982980069374189,-0.032753725184352,0.140322809062512,0.113960019114026,0.982973687012152,-0.0327295101050209,0.140334844351597,0.114007198329031,0.982973687012152,-0.0327295101050209,0.140334844351597,0.114007198329031,0.982978821687329,-0.0327490918134089,0.140325210322605,0.113969155684788,0.991621950911429,-0.0232564745203022,0.0432512520487795,0.119475403576266,0.955473561959508,-0.0493461789116494,0.0885910347491753,0.277104412785688,0.979598063107174,-0.0376283161203462,0.0153665715715429,0.19681365059557,0.979718193959362,-0.0343614060982109,-0.000870166764369859,0.197410225180364,0.989402077401189,0.0354112565689676,-0.0175827960536559,0.139715487421239,0.979157778580217,0.0217001139807268,0.0904128746236322,0.180567610056096,0.992580728049458,-0.0253655396246116,0.0121098207777415,0.118293871122279,0.991365828087085,-0.0178482242536074,-0.0505662373097542,0.119659063328003
1087,1857,0.983158488080628,-0.0331941277574362,0.139884579458384,0.112826599821091,0.983158488080628,-0.0331941277574362,0.139884579458384,0.112826599821091,0.988997239906656,-0.0274170988796834,0.0897372147564856,0.114367803309267,0.989001866839369,-0.0274112002584483,0.0896862065396798,0.114369217209688,0.983158488080628,-0.0331941277574362,0.139884579458384,0.112826599821091,0.961849001257502,-0.0453842862056485,0.247011754852236,0.108498655799827,0.983158488080628,-0.0331941277574362,0.139884579458384,0.112826599821091,0.983158488080628,-0.0331941277574362,0.139884579458384,0.112826599821091,0.98314929114187,-0.0331708983234489,0.139907098844749,0.112885634712745,0.98314929114187,-0.0331708983234489,0.139907098844749,0.112885634712745,0.983156699835099,-0.0331896776809588,0.139888986966147,0.112838026349172,0.983158488080628,-0.0331941277574362,0.139884579458384,0.112826599821091,0.98314929114187,-0.0331708983234489,0.139907098844749,0.112885634712745,0.98314929114187,-0.0331708983234489,0.139907098844749,0.112885634712745,0.983156699835099,-0.0331896776809588,0.139888986966147,0.112838026349172,0.991569688638912,-0.0242277573210663,0.0440494701916624,0.119424505540344,0.95547884338308,-0.0503784598287534,0.089185898333897,0.276709353240888,0.979597958408365,-0.0377629606820254,0.0158648950141554,0.196748834275782,0.979725458018086,-0.0342956726737921,-0.00137183195039984,0.197382754627154,0.989648762821292,0.0359935267590851,-0.0165113763740489,0.137938996400449,0.980282990804504,0.0291671847994531,0.0818629235452347,0.177462658097071,0.99303529494513,-0.0179295403910447,0.00563967335674459,0.116308334434972,0.991985995307359,-0.0118596168877007,-0.0459857373149265,0.117083075484668
1088,1858,0.983397109131955,-0.0335318085530362,0.139255945209163,0.111416001050027,0.983397109131955,-0.0335318085530362,0.139255945209163,0.111416001050027,0.989203603811441,-0.0278260334749363,0.0890972655676964,0.112976189242994,0.989208197738135,-0.0278202066264474,0.0890462467084055,0.112977624236302,0.983397109131955,-0.0335318085530362,0.139255945209163,0.111416001050027,0.962155217365322,-0.0455650083846956,0.246413129158884,0.107059504415628,0.983397109131955,-0.0335318085530362,0.139255945209163,0.111416001050027,0.983397109131955,-0.0335318085530362,0.139255945209163,0.111416001050027,0.98338478305032,-0.0335137652435805,0.139288512085441,0.111489490111391,0.98338478305032,-0.0335137652435805,0.139288512085441,0.111489490111391,0.983394717683309,-0.0335283876740151,0.139262277420145,0.111430222741858,0.983397109131955,-0.0335318085530362,0.139255945209163,0.111416001050027,0.98338478305032,-0.0335137652435805,0.139288512085441,0.111489490111391,0.98338478305032,-0.0335137652435805,0.139288512085441,0.111489490111391,0.983394717683309,-0.0335283876740151,0.139262277420145,0.111430222741858,0.991536089039376,-0.025203950154334,0.0447850638967269,0.119227694269762,0.955512136436058,-0.0515261882818968,0.0898297221711252,0.276174274796184,0.979597385891414,-0.0378662014213117,0.0164993179650308,0.196679650323352,0.979734374011489,-0.0341548719807435,-0.00195507516984716,0.197357996497164,0.989904598935146,0.0364011749624632,-0.015303809552698,0.136123594139942,0.981126707149085,0.0355738043180374,0.0739484102671644,0.175090038506179,0.993257506914649,-0.0113451121781924,-0.00080080445725348,0.115369719162282,0.992440637162571,-0.00675013297003603,-0.0402827263033523,0.115729509524608
1089,1859,0.983690217292217,-0.0337616413525393,0.138431968339408,0.109773849884439,0.983690217292217,-0.0337616413525393,0.138431968339408,0.109773849884439,0.989454456607263,-0.0281390275221912,0.0882594570273182,0.11134784091025,0.989459007323169,-0.0281332846562813,0.0882084252312654,0.111349292048569,0.983690217292217,-0.0337616413525393,0.138431968339408,0.109773849884439,0.962537044091366,-0.0456131051669388,0.245626326371153,0.105402045436977,0.983690217292217,-0.0337616413525393,0.138431968339408,0.109773849884439,0.983690217292217,-0.0337616413525393,0.138431968339408,0.109773849884439,0.983675035091921,-0.0337492506117017,0.138474808152106,0.109859641940492,0.983675035091921,-0.0337492506117017,0.138474808152106,0.109859641940492,0.983687279700601,-0.0337593094117711,0.138440273884692,0.109790415565311,0.983690217292217,-0.0337616413525393,0.138431968339408,0.109773849884439,0.983675035091921,-0.0337492506117017,0.138474808152106,0.109859641940492,0.983675035091921,-0.0337492506117017,0.138474808152106,0.109859641940492,0.983687279700601,-0.0337593094117711,0.138440273884692,0.109790415565311,0.991524083545249,-0.0261724552716506,0.0454932556565346,0.118850149451216,0.95556521862889,-0.0527840613508313,0.0905335225050432,0.275522480238659,0.979598442353078,-0.037936183350694,0.0172699333490022,0.196594728144793,0.979747135157765,-0.0339356369204607,-0.00262868952324172,0.19732464034769,0.990154376219027,0.0367576328968553,-0.0139797578581924,0.1343419295989,0.981677806510856,0.041376853296848,0.0663140312156816,0.173778852220891,0.993269182553197,-0.00555731441544648,-0.00694555442345792,0.115486824011852,0.992722504238101,-0.00244730663048515,-0.0336740154329301,0.115594554171522
1090,1860,0.983993380153084,-0.0339413134126368,0.137549663263962,0.108097665075173,0.983993380153084,-0.0339413134126368,0.137549663263962,0.108097665075173,0.989712386723606,-0.0284036553282661,0.0873628846535243,0.109682953620297,0.989716891197936,-0.028397998329517,0.0873118395557709,0.109684418409161,0.983993380153084,-0.0339413134126368,0.137549663263962,0.108097665075173,0.962935270471372,-0.0456076069501472,0.244782652431391,0.103716267476033,0.983993380153084,-0.0339413134126368,0.137549663263962,0.108097665075173,0.983993380153084,-0.0339413134126368,0.137549663263962,0.108097665075173,0.983977558674923,-0.0339317135700259,0.137595933929509,0.108185774501118,0.983977558674923,-0.0339317135700259,0.137595933929509,0.108185774501118,0.983990337584512,-0.033939494007466,0.137558571953168,0.108114594616267,0.983993380153084,-0.0339413134126368,0.137549663263962,0.108097665075173,0.983977558674923,-0.0339317135700259,0.137595933929509,0.108185774501118,0.983977558674923,-0.0339317135700259,0.137595933929509,0.108185774501118,0.983990337584512,-0.033939494007466,0.137558571953168,0.108114594616267,0.991510321820653,-0.0269839036823856,0.0460724576366609,0.118560024091101,0.955723624363265,-0.0542829623450177,0.0913585044961072,0.274407247515856,0.979572626439524,-0.0381074712718706,0.0182107545748062,0.196605337113344,0.979735616082168,-0.0337405539907987,-0.00350494392356868,0.197401653905387,0.990387997895858,0.0370485109201422,-0.0125155364956786,0.132673971858312,0.981968431386085,0.0467157438161086,0.0587525146760144,0.173504412220854,0.993028681297599,-0.000439243767272614,-0.0128198743593554,0.117172932056324,0.992771332824756,0.00111474317463093,-0.0259883008216184,0.117168452620224
1091,1861,0.984348929687985,-0.0340183456500418,0.136534260649562,0.106105289454532,0.984348929687985,-0.0340183456500418,0.136534260649562,0.106105289454532,0.99001587146238,-0.0285818455668649,0.0863307243198409,0.107697067717685,0.990020322702049,-0.0285762909910783,0.0862796635710616,0.107698541699454,0.984348929687985,-0.0340183456500418,0.136534260649562,0.106105289454532,0.963400183804697,-0.045465364770485,0.24381243929316,0.101727483490365,0.984348929687985,-0.0340183456500418,0.136534260649562,0.106105289454532,0.984348929687985,-0.0340183456500418,0.136534260649562,0.106105289454532,0.984330492061713,-0.0340140185672515,0.136587362525273,0.106209327918236,0.984330492061713,-0.0340140185672515,0.136587362525273,0.106209327918236,0.984345369204909,-0.0340175580121541,0.13654450730032,0.106125385265987,0.984348929687985,-0.0340183456500418,0.136534260649562,0.106105289454532,0.984330492061713,-0.0340140185672515,0.136587362525273,0.106209327918236,0.984330492061713,-0.0340140185672515,0.136587362525273,0.106209327918236,0.984345369204909,-0.0340175580121541,0.13654450730032,0.106125385265987,0.991538555766592,-0.0279233867027646,0.0466788066654766,0.117867153658838,0.955846239830973,-0.055754002832718,0.0921473563042024,0.273419680519282,0.979564613532237,-0.0382985312508424,0.0191668805156952,0.196517228534203,0.979743153127368,-0.0336029744571619,-0.00418990373490136,0.197374361846637,0.990602712854663,0.0373147054246133,-0.01114208404873,0.131109618286029,0.982021350683189,0.0513799076824695,0.0513618786396117,0.17423010449264,0.992698931020966,0.00400216978527017,-0.0183734820553429,0.119143737325987,0.992698931020966,0.00400216978527017,-0.0183734820553429,0.119143737325987
1092,1862,0.984728727792836,-0.0339974980638347,0.135457030404641,0.103946600227513,0.984728727792836,-0.0339974980638347,0.135457030404641,0.103946600227513,0.990340431198704,-0.0286707349484706,0.0852355838820065,0.105540108636354,0.990344825955447,-0.0286652916189623,0.08518450639533,0.105541587205512,0.984728727792836,-0.0339974980638347,0.135457030404641,0.103946600227513,0.96389598912202,-0.045207569783439,0.242783435557338,0.0995841413465732,0.984728727792836,-0.0339974980638347,0.135457030404641,0.103946600227513,0.984728727792836,-0.0339974980638347,0.135457030404641,0.103946600227513,0.984708969322504,-0.0339983293838572,0.13551356816509,0.104059752921508,0.984708969322504,-0.0339983293838572,0.13551356816509,0.104059752921508,0.98472492382525,-0.0339976996862188,0.13546790925937,0.103968391226839,0.984728727792836,-0.0339974980638347,0.135457030404641,0.103946600227513,0.984708969322504,-0.0339983293838572,0.13551356816509,0.104059752921508,0.984708969322504,-0.0339983293838572,0.13551356816509,0.104059752921508,0.98472492382525,-0.0339976996862188,0.13546790925937,0.103968391226839,0.991581050602774,-0.0288615301034617,0.0472396562270288,0.117057451899221,0.955984438308496,-0.0573189254565697,0.0929580006599346,0.272336381355488,0.979567139998011,-0.0385007834060761,0.0201282396152827,0.196368943275725,0.979762381496166,-0.0335015844707747,-0.00475432422685945,0.197283339499447,0.990792744714892,0.0372792899875164,-0.010014623702931,0.129767865322841,0.981885671907609,0.0551161423783199,0.0443823824355829,0.175763882186352,0.992232855407571,0.00755701143111302,-0.0237677296808416,0.121868565486708,0.992232855407571,0.00755701143111302,-0.0237677296808416,0.121868565486708
1093,1863,0.985120009061754,-0.0339441510691771,0.13434074740818,0.101680509145923,0.985120009061754,-0.0339441510691771,0.13434074740818,0.101680509145923,0.990674474500162,-0.0287326253534942,0.0841008575571409,0.103274234793955,0.990678810732303,-0.0287272988876409,0.0840497628434996,0.10327571655816,0.985120009061754,-0.0339441510691771,0.13434074740818,0.101680509145923,0.964407497030024,-0.0449056767884946,0.241716876407716,0.0973376161827917,0.985120009061754,-0.0339441510691771,0.13434074740818,0.101680509145923,0.985120009061754,-0.0339441510691771,0.13434074740818,0.101680509145923,0.985099625697707,-0.0339468657992238,0.134399411514753,0.101799488884449,0.985099625697707,-0.0339468657992238,0.134399411514753,0.101799488884449,0.985116090700302,-0.0339446876756286,0.134352023470592,0.101703391346187,0.985120009061754,-0.0339441510691771,0.13434074740818,0.101680509145923,0.985099625697707,-0.0339468657992238,0.134399411514753,0.101799488884449,0.985099625697707,-0.0339468657992238,0.134399411514753,0.101799488884449,0.985116090700302,-0.0339446876756286,0.134352023470592,0.101703391346187,0.991644414021579,-0.0297389732826147,0.0478003593304235,0.116069269213595,0.956143152314158,-0.0589486989287018,0.0938229544115159,0.271132027622805,0.979555854157685,-0.0388072798074908,0.0211025537909259,0.196262594099978,0.97976846835302,-0.0334925120035887,-0.00536074736096394,0.197239099695266,0.990940117799455,0.0368638150522502,-0.00912837482591847,0.128823192199358,0.981549446931218,0.0579243534489491,0.0380374217114465,0.178209447157232,0.991588746716222,0.0080857184399197,-0.0294122777519294,0.125782735144796,0.991588746716222,0.0080857184399197,-0.0294122777519294,0.125782735144796
1094,1864,0.985526131133166,-0.0338012396445673,0.133184135299007,0.0992859867093021,0.985526131133166,-0.0338012396445673,0.133184135299007,0.0992859867093021,0.991021289798217,-0.028711594277729,0.0829250999898637,0.100875543678239,0.991025565389529,-0.0287063915257679,0.0828739873905891,0.100877024360944,0.985526131133166,-0.0338012396445673,0.133184135299007,0.0992859867093021,0.964938185031039,-0.0445006564200182,0.240611861949189,0.094973272748372,0.985526131133166,-0.0338012396445673,0.133184135299007,0.0992859867093021,0.985526131133166,-0.0338012396445673,0.133184135299007,0.0992859867093021,0.985504993029503,-0.033808527382382,0.133244924488343,0.0994116808441072,0.985504993029503,-0.033808527382382,0.133244924488343,0.0994116808441072,0.985522066806666,-0.0338026753642045,0.133195819071364,0.0993101644206078,0.985526131133166,-0.0338012396445673,0.133184135299007,0.0992859867093021,0.985504993029503,-0.033808527382382,0.133244924488343,0.0994116808441072,0.985504993029503,-0.033808527382382,0.133244924488343,0.0994116808441072,0.985522066806666,-0.0338026753642045,0.133195819071364,0.0993101644206078,0.99172756694699,-0.0306614799921037,0.0483773918757138,0.114873559000321,0.95633471411063,-0.0606947432610338,0.0946619561008649,0.269776160537906,0.979546405550593,-0.0391619859734523,0.022064666462437,0.196133446208005,0.979777160833193,-0.0335499470952338,-0.00589281281174619,0.197170968747228,0.991042788683827,0.0359553886737669,-0.00845832857130869,0.128334943413244,0.981004663119252,0.059405044426328,0.0330210311891341,0.18168792787138,0.991126020637443,0.00492071023824958,-0.0303314623968434,0.129325172395047,0.991126020637443,0.00492071023824958,-0.0303314623968434,0.129325172395047
1095,1865,0.985953420343353,-0.0335229045592627,0.131948384094564,0.0967558355758782,0.985953420343353,-0.0335229045592627,0.131948384094564,0.0967558355758782,0.991385222832514,-0.0285622075413304,0.0816692298313794,0.0983345165668789,0.991389433651121,-0.0285571358444924,0.081618098463721,0.0983359895482576,0.985953420343353,-0.0335229045592627,0.131948384094564,0.0967558355758782,0.965498603419133,-0.0439461364089665,0.239430511730706,0.0924889936305955,0.985953420343353,-0.0335229045592627,0.131948384094564,0.0967558355758782,0.985953420343353,-0.0335229045592627,0.131948384094564,0.0967558355758782,0.985931210094645,-0.0335371929010525,0.132013239469343,0.0968886487594733,0.985931210094645,-0.0335371929010525,0.132013239469343,0.0968886487594733,0.985949147529696,-0.0335257036559651,0.131960863912197,0.0967813828966332,0.985953420343353,-0.0335229045592627,0.131948384094564,0.0967558355758782,0.985931210094645,-0.0335371929010525,0.132013239469343,0.0968886487594733,0.985931210094645,-0.0335371929010525,0.132013239469343,0.0968886487594733,0.985949147529696,-0.0335257036559651,0.131960863912197,0.0967813828966332,0.991834895659497,-0.0315827918236576,0.049006562817133,0.113421443358777,0.956510426860211,-0.0625171009780951,0.0954603282849622,0.268452493221274,0.979541007251631,-0.0395396598389154,0.0230730505531242,0.19596853000024,0.979791338637571,-0.0336130062419116,-0.00647172930259504,0.197071599328805,0.991115546468914,0.0344643576652186,-0.00810962220511771,0.128204585042969,0.980426691615823,0.0595113826009363,0.0293311005018555,0.185368779063594,0.991047739771692,0.00424476059520344,-0.0300246758148292,0.130018761504351,0.991047739771692,0.00424476059520344,-0.0300246758148292,0.130018761504351
1096,1866,0.986380381784299,-0.0331688539604212,0.130677293866593,0.0942179092620809,0.986380381784299,-0.0331688539604212,0.130677293866593,0.0942179092620809,0.991747032502913,-0.0283375982927596,0.0803780829760202,0.095781876269802,0.991751176729403,-0.0283326582501015,0.0803269329495387,0.0957833376702254,0.986380381784299,-0.0331688539604212,0.130677293866593,0.0942179092620809,0.966062577054541,-0.0433155049817017,0.238214000251819,0.0900053016602113,0.986380381784299,-0.0331688539604212,0.130677293866593,0.0942179092620809,0.986380381784299,-0.0331688539604212,0.130677293866593,0.0942179092620809,0.986358139978852,-0.0331872782265457,0.130744119973329,0.0943514671522001,0.986358139978852,-0.0331872782265457,0.130744119973329,0.0943514671522001,0.986376111095117,-0.0331724238633278,0.130690135104419,0.0942435480141433,0.986380381784299,-0.0331688539604212,0.130677293866593,0.0942179092620809,0.986358139978852,-0.0331872782265457,0.130744119973329,0.0943514671522001,0.986358139978852,-0.0331872782265457,0.130744119973329,0.0943514671522001,0.986376111095117,-0.0331724238633278,0.130690135104419,0.0942435480141433,0.991957455766943,-0.0325054603963968,0.0496999570922124,0.111775289119836,0.9566492113793,-0.0643787656573262,0.096255915512036,0.267231097795041,0.979542116382048,-0.0399331564840015,0.0241027246831695,0.195759147704136,0.979813439863017,-0.0336950409841144,-0.00702297424006154,0.196928781821511,0.991156565512962,0.0327088399331729,-0.00811262650142967,0.128347106403,0.979887270186949,0.0583696715090383,0.0271540990168418,0.188882434546148,0.991042283828435,0.0018560752427662,-0.0301273552370792,0.130092617450926,0.991042283828435,0.0018560752427662,-0.0301273552370792,0.130092617450926
1097,1867,0.986800015364071,-0.0328017837320288,0.129399042029458,0.0916823897121189,0.986800015364071,-0.0328017837320288,0.129399042029458,0.0916823897121189,0.992101159810905,-0.0280998639220928,0.0790801561868113,0.0932309779359173,0.992105237095607,-0.0280950554437892,0.0790289878977379,0.0932324270784476,0.986800015364071,-0.0328017837320288,0.129399042029458,0.0916823897121189,0.966620053662416,-0.0426721969961689,0.236989565716173,0.0875254317489939,0.986800015364071,-0.0328017837320288,0.129399042029458,0.0916823897121189,0.986800015364071,-0.0328017837320288,0.129399042029458,0.0916823897121189,0.986778138983108,-0.0328210657137235,0.129466324540965,0.0918158639903993,0.986778138983108,-0.0328210657137235,0.129466324540965,0.0918158639903993,0.986795818047607,-0.0328054915258226,0.12941195845094,0.091708005208898,0.986800015364071,-0.0328017837320288,0.129399042029458,0.0916823897121189,0.986778138983108,-0.0328210657137235,0.129466324540965,0.0918158639903993,0.986778138983108,-0.0328210657137235,0.129466324540965,0.0918158639903993,0.986795818047607,-0.0328054915258226,0.12941195845094,0.091708005208898,0.992089523277227,-0.0334555045800277,0.0504090017440872,0.109991088548234,0.956773000133434,-0.0662843337455039,0.0970776845148495,0.266022060146933,0.979532773089105,-0.0404347526826008,0.0251470894035728,0.195571473161076,0.979826121255221,-0.0338788506594495,-0.00758958279831764,0.196813093611404,0.991172723979607,0.0309633587001053,-0.00858882996888769,0.128624001090854,0.979462106334998,0.0560822190424193,0.0266161113833731,0.191834172075561,0.991372477556639,0.000226293079884957,-0.0278338866780172,0.128085261787021,0.991372477556639,0.000226293079884957,-0.0278338866780172,0.128085261787021
1098,1868,0.987201283756787,-0.0324741722816344,0.128187629102335,0.0891458648995956,0.987201283756787,-0.0324741722816344,0.128187629102335,0.0891458648995956,0.992440342587001,-0.0279015884268497,0.0778499152968251,0.0906810810331069,0.992444356420876,-0.0278969114611988,0.0777987295158426,0.0906825199528567,0.987201283756787,-0.0324741722816344,0.128187629102335,0.0891458648995956,0.967151935728382,-0.0420679987084065,0.235829548875391,0.0850402291785701,0.987201283756787,-0.0324741722816344,0.128187629102335,0.0891458648995956,0.987201283756787,-0.0324741722816344,0.128187629102335,0.0891458648995956,0.987180338985985,-0.0324915239695932,0.128251591563598,0.0892793842443618,0.987180338985985,-0.0324915239695932,0.128251591563598,0.0892793842443618,0.987197269837608,-0.0324774868189465,0.128199877703363,0.089171490017497,0.987201283756787,-0.0324741722816344,0.128187629102335,0.0891458648995956,0.987180338985985,-0.0324915239695932,0.128251591563598,0.0892793842443618,0.987180338985985,-0.0324915239695932,0.128251591563598,0.0892793842443618,0.987197269837608,-0.0324774868189465,0.128199877703363,0.089171490017497,0.992228910832014,-0.0344079014363944,0.0511281292537069,0.108091624221652,0.956893159009162,-0.0682410383094851,0.0978935146643261,0.264793320758994,0.979522734801762,-0.0409664862445016,0.026230269739965,0.195368707731366,0.979840131186949,-0.0340908190123756,-0.00813218050080161,0.196685029971552,0.991190113780141,0.0291705696674661,-0.00965265743963158,0.128833467756404,0.979321020001679,0.0529369591019997,0.0275752749235374,0.193307067529347,0.991890146767077,-0.00275373294801362,-0.0245057874796354,0.124682878059673,0.991422539080713,-0.000919965197549134,-0.0390889482636784,0.12470989050764
1099,1869,0.987584185087488,-0.032212192965226,0.127007958165075,0.0866535085971221,0.987584185087488,-0.032212192965226,0.127007958165075,0.0866535085971221,0.992762795244739,-0.0277666154942456,0.0766523088369291,0.0881786311518566,0.992766747310948,-0.027762067594056,0.0766011064268595,0.0881800631136286,0.987584185087488,-0.032212192965226,0.127007958165075,0.0866535085971221,0.967662075834262,-0.0415338862708308,0.234699064898663,0.0825917200393729,0.987584185087488,-0.032212192965226,0.127007958165075,0.0866535085971221,0.987584185087488,-0.032212192965226,0.127007958165075,0.0866535085971221,0.987564196413577,-0.032226166178427,0.127070166116435,0.0867848204387607,0.987564196413577,-0.032226166178427,0.127070166116435,0.0867848204387607,0.987580354945283,-0.0322148471798646,0.12701988239388,0.0866786918681439,0.987584185087488,-0.032212192965226,0.127007958165075,0.0866535085971221,0.987564196413577,-0.032226166178427,0.127070166116435,0.0867848204387607,0.987564196413577,-0.032226166178427,0.127070166116435,0.0867848204387607,0.987580354945283,-0.0322148471798646,0.12701988239388,0.0866786918681439,0.99237330086806,-0.0353368048047089,0.0518573852235134,0.106100676473832,0.957004585208859,-0.0702309754447629,0.0986999187605894,0.263568131635732,0.979519041817017,-0.0414890599925109,0.0274166547962745,0.195113894068549,0.979863613312681,-0.0342607771073524,-0.00874788821150257,0.196512017214356,0.991226812113915,0.027242224293951,-0.0112415905620916,0.12884445973203,0.9796080943282,0.0493306534237566,0.029877115219349,0.192462531796784,0.99271816450009,-0.00507508595890558,-0.0194446657047619,0.118772026798038,0.991392042478201,-0.000833550561090774,-0.0548567886746719,0.118877483320712
1100,1870,0.987947004402378,-0.0320643354302012,0.125879417819354,0.0841841259101051,0.987947004402378,-0.0320643354302012,0.125879417819354,0.0841841259101051,0.993067790424154,-0.0277444492864961,0.0755067875111953,0.0857049251537969,0.993071683409041,-0.0277400289691355,0.0754555693723487,0.0857063559756242,0.987947004402378,-0.0320643354302012,0.125879417819354,0.0841841259101051,0.96814664008732,-0.0411157283405557,0.233617196768142,0.080153512367547,0.987947004402378,-0.0320643354302012,0.125879417819354,0.0841841259101051,0.987947004402378,-0.0320643354302012,0.125879417819354,0.0841841259101051,0.987928059998,-0.0320724333408356,0.125938980293027,0.0843141775203771,0.987928059998,-0.0320724333408356,0.125938980293027,0.0843141775203771,0.987943375463911,-0.0320658417686796,0.125890827265512,0.084209074802215,0.987947004402378,-0.0320643354302012,0.125879417819354,0.0841841259101051,0.987928059998,-0.0320724333408356,0.125938980293027,0.0843141775203771,0.987928059998,-0.0320724333408356,0.125938980293027,0.0843141775203771,0.987943375463911,-0.0320658417686796,0.125890827265512,0.084209074802215,0.992520785133337,-0.0362893567508719,0.0526017659344589,0.10401263329754,0.957117738035202,-0.0722700286250432,0.0994928049200027,0.262304899439686,0.97951718469421,-0.0420249869746559,0.0286784834173797,0.194826923055792,0.979892226993722,-0.0344318960835768,-0.00935916661233204,0.196311166288873,0.991310655151148,0.025125248716679,-0.0131842765364642,0.128444858647345,0.98036160624593,0.0457702204695711,0.0329013051489158,0.188980718689938,0.993510663963212,-0.00542399219843779,-0.0153339238955837,0.112570030105603,0.991797975449222,-0.000322455830800038,-0.0602938183023691,0.112700165889773
1101,1871,0.988293829300441,-0.031999567772076,0.124823162330952,0.0816732072026774,0.988293829300441,-0.031999567772076,0.124823162330952,0.0816732072026774,0.993360485554925,-0.0278073765438868,0.0744342705056802,0.0831939596492297,0.993364323223746,-0.0278030857309224,0.0743830372723415,0.0831953937199058,0.988293829300441,-0.031999567772076,0.124823162330952,0.0816732072026774,0.968607368138607,-0.0407755960846796,0.232605419703047,0.0776648947485943,0.988293829300441,-0.031999567772076,0.124823162330952,0.0816732072026774,0.988293829300441,-0.031999567772076,0.124823162330952,0.0816732072026774,0.988275737009413,-0.0320032174082418,0.124878978086913,0.0818052721161131,0.988275737009413,-0.0320032174082418,0.124878978086913,0.0818052721161131,0.988290362415407,-0.0320002317321998,0.124833843750241,0.0816985690232695,0.988293829300441,-0.031999567772076,0.124823162330952,0.0816732072026774,0.988275737009413,-0.0320032174082418,0.124878978086913,0.0818052721161131,0.988275737009413,-0.0320032174082418,0.124878978086913,0.0818052721161131,0.988290362415407,-0.0320002317321998,0.124833843750241,0.0816985690232695,0.992664062780561,-0.0373351683457715,0.0532511942359772,0.101923765535945,0.957300399545594,-0.0744056816212641,0.10033309153037,0.260716340715883,0.979498447409717,-0.042640965473967,0.0300586036260331,0.194579084008159,0.979907906173955,-0.0346404034991272,-0.010060991391008,0.196161449615932,0.991465723147276,0.0226871058873337,-0.015252001344542,0.127469178649165,0.981374944560157,0.0424628404623253,0.0359896008925694,0.183861018155057,0.994073866902302,0.00217090246004702,-0.0139338825426141,0.10778813126548,0.992682466405926,0.00655729454216727,-0.0543923416581042,0.107610389588936
1102,1872,0.988669740527686,-0.0318291224915242,0.12364236479847,0.0789405900242619,0.988669740527686,-0.0318291224915243,0.12364236479847,0.0789405900242619,0.993675899886105,-0.0277760300209512,0.0732358941611328,0.0804562113713682,0.993679675747562,-0.0277718804089594,0.0731846446617137,0.0804576438289707,0.988669740527686,-0.0318291224915242,0.12364236479847,0.0789405900242619,0.969110684148919,-0.0403060778638799,0.231473048272266,0.0749675254973105,0.988669740527686,-0.0318291224915242,0.12364236479847,0.0789405900242619,0.988669740527686,-0.0318291224915242,0.12364236479847,0.0789405900242619,0.98865027327759,-0.0318378347515514,0.123704224698484,0.0790838429657207,0.98865027327759,-0.0318378347515514,0.123704224698484,0.0790838429657207,0.988665991761296,-0.0318308350359407,0.123654285236493,0.0789681734512108,0.988669740527686,-0.0318291224915242,0.12364236479847,0.0789405900242619,0.98865027327759,-0.0318378347515514,0.123704224698484,0.0790838429657207,0.98865027327759,-0.0318378347515514,0.123704224698484,0.0790838429657207,0.988665991761296,-0.0318308350359407,0.123654285236493,0.0789681734512108,0.99280326533142,-0.0384571494543326,0.0538123025798754,0.0998346637905377,0.957546450670213,-0.0767012068638372,0.101089595424389,0.258848630229023,0.97947795405022,-0.0432299512434755,0.0316235989205739,0.194304031961235,0.979928693773983,-0.0347774082980427,-0.0108106242885914,0.195993411606046,0.991721495989404,0.0199403698007983,-0.0170544721683224,0.125698054972249,0.982647956344285,0.03915817469403,0.0389882648003559,0.177058031319932,0.99437002749575,0.00565343268013286,-0.0157406934849781,0.104635164670611,0.993207908194072,0.00931623959590282,-0.0505724442166066,0.104372825325879
1103,1873,0.989088121712179,-0.031302677999359,0.122249048483308,0.0760263111223219,0.989088121712179,-0.031302677999359,0.122249048483308,0.0760263111223219,0.994022928550546,-0.0273983768505142,0.0718231152415236,0.0775189433542334,0.994026631546661,-0.0273943787303001,0.071771847845782,0.0775203563380647,0.989088121712179,-0.0313026779993589,0.122249048483308,0.0760263111223219,0.96967955265134,-0.0394627631929192,0.230134107722208,0.0721286902278089,0.989088121712179,-0.0313026779993589,0.122249048483308,0.0760263111223219,0.989088121712179,-0.0313026779993589,0.122249048483308,0.0760263111223219,0.989066509825531,-0.031329444769857,0.122321842117418,0.0761792095847472,0.989066509825531,-0.031329444769857,0.122321842117418,0.0761792095847472,0.989083954683774,-0.0313079612973024,0.122263107585551,0.076055733972114,0.989088121712179,-0.0313026779993589,0.122249048483308,0.0760263111223219,0.989066509825531,-0.031329444769857,0.122321842117418,0.0761792095847472,0.989066509825531,-0.031329444769857,0.122321842117418,0.0761792095847472,0.989083954683774,-0.0313079612973024,0.122263107585551,0.076055733972114,0.992933934837652,-0.0395179024878699,0.0543632059257027,0.0978017293929687,0.957723648698797,-0.0790868734913403,0.101740484949606,0.25721499351058,0.979463779849413,-0.0437765149668821,0.0335634560437381,0.193927344948705,0.979966591960537,-0.0347378630170345,-0.0118861372931353,0.195748510222963,0.992068516651705,0.0174086678407647,-0.0179658531301692,0.123183702955386,0.984162667606778,0.035825899350313,0.0419065766999009,0.168476073832896,0.99329361897508,-0.00413833704339825,-0.0181249855984038,0.114114615921729,0.992150221935278,-0.000360712856855237,-0.0509771096996583,0.114189059400117
1104,1874,0.989515962358085,-0.030381998714732,0.120756832063099,0.0731633918208771,0.989515962358085,-0.030381998714732,0.120756832063099,0.0731633918208771,0.994374378099375,-0.0266243881326327,0.070311083271736,0.0746129325599798,0.994378003111111,-0.0266205398926143,0.0702597977517943,0.0746143056287659,0.989515962358085,-0.030381998714732,0.120756832063099,0.0731633918208771,0.97026868489255,-0.0382332388482526,0.228697904162333,0.0693841999003349,0.989515962358085,-0.030381998714732,0.120756832063099,0.0731633918208771,0.989515962358085,-0.030381998714732,0.120756832063099,0.0731633918208771,0.989493786833315,-0.0304293802407048,0.120835118993269,0.0733142049968237,0.989493786833315,-0.0304293802407048,0.120835118993269,0.0733142049968237,0.989511699475781,-0.0303912601149296,0.12077190182846,0.0731923195281777,0.989515962358085,-0.030381998714732,0.120756832063099,0.0731633918208771,0.989493786833315,-0.0304293802407048,0.120835118993269,0.0733142049968237,0.989493786833315,-0.0304293802407048,0.120835118993269,0.0733142049968237,0.989511699475781,-0.0303912601149296,0.12077190182846,0.0731923195281777,0.993052964386097,-0.0405105781862501,0.0548785827334679,0.0958803636630926,0.957809488422709,-0.0814867890841632,0.102391616319065,0.255884434852439,0.979453967185247,-0.0445027298843155,0.0357939619446187,0.193412061377341,0.980021049747282,-0.0348131879965588,-0.0130393097534587,0.195388741730185,0.992469513782184,0.016170919222552,-0.0179880551208371,0.120079954436295,0.985434153130259,0.0325575267100536,0.0448558064910748,0.160771558190521,0.992967309534812,-0.00607450156336809,-0.0231105940223659,0.115952244781582,0.992328375647096,-0.00381372227752086,-0.042456710264275,0.116048602583233
1105,1875,0.989905769491363,-0.0292164850122131,0.119409216002636,0.0705294524640578,0.989905769491363,-0.0292164850122131,0.119409216002636,0.0705294524640578,0.994695192240937,-0.02559424405838,0.0689453977537107,0.0719231626976229,0.994698746816235,-0.0255905345461485,0.0688940956894127,0.0719244826397176,0.989905769491363,-0.0292164850122131,0.119409216002636,0.0705294524640578,0.970804133248934,-0.0367855082879381,0.227401249348893,0.0668941928820933,0.989905769491363,-0.0292164850122131,0.119409216002636,0.0705294524640578,0.989905769491363,-0.0292164850122131,0.119409216002636,0.0705294524640578,0.989885439016057,-0.0292771378192919,0.119480543699674,0.070668709499536,0.989885439016057,-0.0292771378192919,0.119480543699674,0.070668709499536,0.989901880152255,-0.0292282342998581,0.119422849081053,0.0705560848411159,0.989905769491363,-0.0292164850122131,0.119409216002636,0.0705294524640578,0.989885439016057,-0.0292771378192919,0.119480543699674,0.070668709499536,0.989885439016057,-0.0292771378192919,0.119480543699674,0.070668709499536,0.989901880152255,-0.0292282342998581,0.119422849081053,0.0705560848411159,0.993160766914935,-0.0414987893342816,0.0552714903956822,0.0940989048510528,0.957859891235193,-0.0838975128105933,0.103138771288525,0.254613491323995,0.979399100805586,-0.0456021681786741,0.0382762805088598,0.192957948654675,0.980042731297165,-0.0351929889139459,-0.0142799558814479,0.19512503996904,0.992903789013498,0.0160817689123212,-0.0176805619130837,0.1164939492065,0.986173538097309,0.0292851378917656,0.0473621783957784,0.15607997153031,0.993690641753885,4.71275190179629e-05,-0.0134297179310205,0.111348771641377,0.992237772188775,0.00474789099964528,-0.0553683327797518,0.111247510974862
1106,1876,0.990208085400722,-0.0280873925238901,0.118508805711248,0.0682254274969289,0.990208085400722,-0.0280873925238901,0.118508805711248,0.0682254274969289,0.994951356347586,-0.0245837070505339,0.068030786605542,0.0695647318947131,0.994954863750952,-0.0245801191770619,0.0679794713306504,0.0695659997209212,0.990208085400722,-0.0280873925238901,0.118508805711248,0.0682254274969289,0.97120350616776,-0.0354102107901298,0.226539486693867,0.0647281047747295,0.990208085400722,-0.0280873925238901,0.118508805711248,0.0682254274969289,0.990208085400722,-0.0280873925238901,0.118508805711248,0.0682254274969289,0.990192151393414,-0.028146885497853,0.11855741641561,0.0683476054336102,0.990192151393414,-0.028146885497853,0.11855741641561,0.0683476054336102,0.99020506090343,-0.0280988020215875,0.118517950651718,0.0682487366879588,0.990208085400722,-0.0280873925238901,0.118508805711248,0.0682254274969289,0.990192151393414,-0.028146885497853,0.11855741641561,0.0683476054336102,0.990192151393414,-0.028146885497853,0.11855741641561,0.0683476054336102,0.99020506090343,-0.0280988020215875,0.118517950651718,0.0682487366879588,0.993259355699727,-0.0424935375996278,0.0555439385425087,0.0924392907178433,0.957914498618861,-0.08631810396276,0.10393592513803,0.253271241418665,0.979318043097456,-0.0468500484985923,0.041026634779449,0.19250469775598,0.980055456192984,-0.035686515615201,-0.0154375219488235,0.19488319143961,0.993407027645595,0.0167294667482817,-0.0171834477975798,0.112104110042631,0.986554518043049,0.0258496349880575,0.0491334332153412,0.153713646239706,0.99349226695455,-0.00230712327642375,-0.0156972547206416,0.112789134573924,0.99270195436707,0.000750401340284371,-0.0426159371603187,0.112810232663424
1107,1877,0.990406737376772,-0.0272554382719266,0.118139381166,0.0662927014159048,0.990406737376772,-0.0272554382719266,0.118139381166,0.0662927014159048,0.995130976519475,-0.0238510539424368,0.0676517434733386,0.0675922214625919,0.995134464373236,-0.0238475678032913,0.0676004189349382,0.0675934515044211,0.990406737376772,-0.0272554382719266,0.118139381166,0.0662927014159048,0.971441527805802,-0.0343710313097181,0.226194113269811,0.0628984370483041,0.990406737376772,-0.0272554382719266,0.118139381166,0.0662927014159048,0.990406737376772,-0.0272554382719266,0.118139381166,0.0662927014159048,0.990396131280015,-0.0273000140627566,0.118160297643836,0.0663954549534215,0.990396131280015,-0.0273000140627566,0.118160297643836,0.0663954549534215,0.990404743756827,-0.0272638725530341,0.118143169624821,0.0663122633333142,0.990406737376772,-0.0272554382719266,0.118139381166,0.0662927014159048,0.990396131280015,-0.0273000140627566,0.118160297643836,0.0663954549534215,0.990396131280015,-0.0273000140627566,0.118160297643836,0.0663954549534215,0.990404743756827,-0.0272638725530341,0.118143169624821,0.0663122633333142,0.993357404933018,-0.0434486820781339,0.0557209454042255,0.0908210016112607,0.957981682277344,-0.0887830866270779,0.104741144517109,0.251829213149079,0.979230710547644,-0.0480197849148602,0.0441010088658664,0.191980251052286,0.980081495528009,-0.0360294785916759,-0.0166717001596467,0.194587238044483,0.993886738508231,0.0174632343586072,-0.0166638436708694,0.107733480298931,0.986765587573006,0.022552265093197,0.0503881619932711,0.152466729655377,0.993376021285199,-0.00406756546870674,-0.0166198968193124,0.113627964324207,0.992654596400032,-0.00123809497671297,-0.0413399671091387,0.113694003738693
1108,1878,0.990520035511632,-0.0267747057481879,0.118228170012054,0.0646163616875289,0.990520035511632,-0.0267747057481879,0.118228170012054,0.0646163616875289,0.995248640712144,-0.02345613847843,0.0677346594809015,0.0658936160285373,0.995252132842189,-0.0234527399463551,0.0676833288737929,0.0658948257046351,0.990520035511632,-0.0267747057481879,0.118228170012054,0.0646163616875289,0.971544389571394,-0.0337091061694929,0.226294807776742,0.0612850326498196,0.990520035511632,-0.0267747057481879,0.118228170012054,0.0646163616875289,0.990520035511632,-0.0267747057481879,0.118228170012054,0.0646163616875289,0.99051392171794,-0.0268009733799295,0.118224786110131,0.0647053217135194,0.99051392171794,-0.0268009733799295,0.118224786110131,0.0647053217135194,0.990518897968961,-0.0267795978344067,0.11822732184295,0.0646333217158655,0.990520035511632,-0.0267747057481879,0.118228170012054,0.0646163616875289,0.99051392171794,-0.0268009733799295,0.118224786110131,0.0647053217135194,0.99051392171794,-0.0268009733799295,0.118224786110131,0.0647053217135194,0.990518897968961,-0.0267795978344067,0.11822732184295,0.0646333217158655,0.993456899106233,-0.0444394967014284,0.0557980410633433,0.0891913637335254,0.958068674154195,-0.0913285685803501,0.105520245761174,0.250257838838243,0.979125309030258,-0.0491168305188021,0.0474180154451286,0.191448943552674,0.980109061031267,-0.0362530479787654,-0.0179183553028991,0.194295850547296,0.994428785461899,0.0188592540626909,-0.0155802830026416,0.102532794570957,0.98688001402123,0.0195360949527782,0.0514111355273301,0.151799453435259,0.993578217238638,-0.00277362946163653,-0.0139997038651675,0.112243670200992,0.992756671874544,0.000476479111399789,-0.0427534317686944,0.112276923222165
1109,1879,0.990580195503053,-0.0265688473218326,0.118654661568326,0.0629765346556076,0.990580195503053,-0.0265688473218326,0.118654661568326,0.0629765346556076,0.995330398334515,-0.0233338862249586,0.0681575424000681,0.0642454458999273,0.995333912274879,-0.0233305726983619,0.068106207575701,0.0642466492729873,0.990580195503053,-0.0265688473218326,0.118654661568326,0.0629765346556076,0.971557347127152,-0.0333244023904736,0.226725326503265,0.0596777326191067,0.990580195503053,-0.0265688473218326,0.118654661568326,0.0629765346556076,0.990580195503053,-0.0265688473218326,0.118654661568326,0.0629765346556076,0.990576957843638,-0.0265804556702555,0.118633176891163,0.0630629788886864,0.990576957843638,-0.0265804556702555,0.118633176891163,0.0630629788886864,0.990579597118555,-0.0265709552193599,0.118650389916724,0.0629931034620643,0.990580195503053,-0.0265688473218326,0.118654661568326,0.0629765346556076,0.990576957843638,-0.0265804556702555,0.118633176891163,0.0630629788886864,0.990576957843638,-0.0265804556702555,0.118633176891163,0.0630629788886864,0.990579597118555,-0.0265709552193599,0.118650389916724,0.0629931034620643,0.99354309333978,-0.0453455590379497,0.0556557763524274,0.0878540637134433,0.958186719055542,-0.0940453352086837,0.10641135054575,0.248415601011878,0.978966771388288,-0.0503399897028172,0.0510751445652646,0.191000721364994,0.980103039413721,-0.0364536789926936,-0.0195612373524248,0.194130161008344,0.994952263539883,0.0201688527588848,-0.0141288816022146,0.097280960932371,0.986957714110292,0.0169201373010549,0.0522348133723652,0.151326480775359,0.993461336664642,-0.00443870086397574,-0.0152737459650472,0.113055664039173,0.992907014098699,-0.00201843073833865,-0.0365291132784326,0.113124759332574
1110,1880,0.990621004794122,-0.0264855954662386,0.119090720115053,0.0615299803019692,0.990621004794122,-0.0264855954662386,0.119090720115053,0.0615299803019692,0.995393316481994,-0.0233242594932996,0.068590963397632,0.0627965298583543,0.99539685277621,-0.023321020695388,0.068539625327649,0.0627977327368373,0.990621004794122,-0.0264855954662386,0.119090720115053,0.0615299803019692,0.97155002035702,-0.0330827893215073,0.227163229201191,0.0582490711846183,0.990621004794122,-0.0264855954662386,0.119090720115053,0.0615299803019692,0.990621004794122,-0.0264855954662386,0.119090720115053,0.0615299803019692,0.990618862919396,-0.0264903400953137,0.119067850214129,0.0616066340202366,0.990618862919396,-0.0264903400953137,0.119067850214129,0.0616066340202366,0.990620602209328,-0.0264864493713607,0.119086318192913,0.0615446122530895,0.990621004794122,-0.0264855954662386,0.119090720115053,0.0615299803019692,0.990618862919396,-0.0264903400953137,0.119067850214129,0.0616066340202366,0.990618862919396,-0.0264903400953137,0.119067850214129,0.0616066340202366,0.990620602209328,-0.0264864493713607,0.119086318192913,0.0615446122530895,0.993656415574678,-0.0464519973519122,0.0555659533068507,0.0860323460240462,0.958244687546386,-0.0967227563452647,0.107235204423642,0.246804453214126,0.978788063241121,-0.0515311543831059,0.0549403982955823,0.190525641370822,0.980101606567266,-0.0366059459760978,-0.0211035758213096,0.193947118078649,0.995421534609682,0.0205866289669075,-0.0125008356651677,0.092498044578015,0.987027436961023,0.0146407391516998,0.0528577592456949,0.150892493951058,0.993465209593433,-0.00539644581458131,-0.0154436691421795,0.112956844783633,0.992976842482087,-0.00319823620376366,-0.0347652108206066,0.113040442745455
1111,1881,0.990658317475409,-0.0263954728293798,0.119482853147045,0.0601932291437155,0.990658317475409,-0.0263954728293798,0.119482853147045,0.0601932291437155,0.995450510133004,-0.0233021903843841,0.0689806933518927,0.061456925923156,0.995454066527689,-0.0232990206773398,0.0689293523315962,0.0614581276651938,0.990658317475408,-0.0263954728293798,0.119482853147045,0.0601932291437155,0.971544042154772,-0.0328464059364543,0.227557088074472,0.056930303333919,0.990658317475408,-0.0263954728293798,0.119482853147045,0.0601932291437155,0.990658317475408,-0.0263954728293798,0.119482853147045,0.0601932291437155,0.990656396049945,-0.0264002175613338,0.119462109180515,0.0602639025303765,0.990656396049945,-0.0264002175613338,0.119462109180515,0.0602639025303765,0.990657950096677,-0.0263963828555254,0.119478888975031,0.0602067435731778,0.990658317475408,-0.0263954728293798,0.119482853147045,0.0601932291437155,0.990656396049945,-0.0264002175613338,0.119462109180515,0.0602639025303765,0.990656396049945,-0.0264002175613338,0.119462109180515,0.0602639025303765,0.990657950096677,-0.0263963828555254,0.119478888975031,0.0602067435731778,0.993765775244574,-0.0476764370204701,0.0554413202615013,0.0841593804233667,0.958233151749614,-0.0994220524584065,0.108107878072418,0.245391868389395,0.978580200858407,-0.0527473393015674,0.0590528647148399,0.190029649932575,0.980090481575509,-0.0366685070245697,-0.0230021361658973,0.193775566698902,0.995769382098806,0.0199337148073243,-0.0106338343156881,0.0890668639634743,0.987052351284373,0.012584532731267,0.0532962780820593,0.150760711402295,0.99348357722661,-0.00624507885663427,-0.0155575455267847,0.112735724365775,0.992831430059765,-0.00355886595632237,-0.0392097810154695,0.112852465774153
1112,1882,0.990697962910592,-0.0262101979305559,0.1198109379458,0.0589568567496,0.990697962910592,-0.026210197930556,0.1198109379458,0.0589568567496,0.995506778430678,-0.0231799904769525,0.0693063392859714,0.0602127351549502,0.995510351620663,-0.0231768849399202,0.0692549953631722,0.0602139305961127,0.990697962910592,-0.026210197930556,0.1198109379458,0.0589568567496,0.971547416558505,-0.0325264697358102,0.227887542321085,0.0557217569704797,0.990697962910592,-0.026210197930556,0.1198109379458,0.0589568567496,0.990697962910592,-0.026210197930556,0.1198109379458,0.0589568567496,0.990695928516548,-0.0262197000777897,0.119793501817208,0.0590222116743945,0.990695928516548,-0.0262197000777897,0.119793501817208,0.0590222116743945,0.990697571161922,-0.0262120600020286,0.119807618468539,0.0589693561200676,0.990697962910592,-0.026210197930556,0.1198109379458,0.0589568567496,0.990695928516548,-0.0262197000777897,0.119793501817208,0.0590222116743945,0.990695928516548,-0.0262197000777897,0.119793501817208,0.0590222116743945,0.990697571161922,-0.0262120600020286,0.119807618468539,0.0589693561200676,0.993863102097756,-0.0489673681893148,0.0553133921378777,0.082333224104483,0.958165590726062,-0.102191720278707,0.109051220018387,0.244097080006206,0.978340014069604,-0.0540272462805502,0.0633410543541625,0.189525154960841,0.980074555890049,-0.0367832521317109,-0.0248019594655957,0.193612293169119,0.995958969266022,0.0183814227135925,-0.00847494152055175,0.0874987440127613,0.987004393405525,0.0106807027214607,0.0536097041433313,0.151110057935372,0.993491322329496,-0.00710369348451492,-0.0157954313193235,0.112583455020288,0.992855045151041,-0.00448283130159361,-0.0389019602680581,0.11271823733961
1113,1883,0.990740396626246,-0.0259023970110565,0.120082493993808,0.0578163208633739,0.990740396626246,-0.0259023970110565,0.120082493993808,0.0578163208633739,0.995562958471963,-0.0229305522362924,0.069575387813927,0.0590580299640418,0.995566545538204,-0.0229275062541716,0.0695240409932522,0.0590592125418204,0.990740396626246,-0.0259023970110565,0.120082493993808,0.0578163208633739,0.971559770528041,-0.0320952736962969,0.228162115966707,0.0546219235788597,0.990740396626246,-0.0259023970110565,0.120082493993808,0.0578163208633739,0.990740396626246,-0.0259023970110565,0.120082493993808,0.0578163208633739,0.990738211817688,-0.0259182631778323,0.120068049059243,0.0578766176727916,0.990738211817688,-0.0259182631778323,0.120068049059243,0.0578766176727916,0.99073997574134,-0.0259054938344225,0.120079746131127,0.0578278516489081,0.990740396626246,-0.0259023970110565,0.120082493993808,0.0578163208633739,0.990738211817688,-0.0259182631778323,0.120068049059243,0.0578766176727916,0.990738211817688,-0.0259182631778323,0.120068049059243,0.0578766176727916,0.99073997574134,-0.0259054938344225,0.120079746131127,0.0578278516489081,0.99394250206467,-0.0503001095233054,0.0552249271684843,0.0806127098577058,0.958059031329736,-0.105019016208754,0.110020438230976,0.242877339193134,0.978044938125968,-0.0554652928251373,0.0678055690061176,0.189087559373296,0.98002842930511,-0.0369941804543744,-0.0267165479774505,0.193550857477918,0.995985393036353,0.0161925832778661,-0.00618277416058805,0.0878218105523325,0.986887178759757,0.00892501226845894,0.0538131215811925,0.151915070026984,0.993494888662478,-0.00800907908272846,-0.0160266064837831,0.112458475618296,0.992891956495138,-0.00550374741152351,-0.0381380209385948,0.112608893301437
1114,1884,0.990773470854519,-0.0255312236654596,0.120391074832312,0.0567633259222475,0.990773470854519,-0.0255312236654596,0.120391074832312,0.0567633259222475,0.995611672814281,-0.0226133744142399,0.0698818889580036,0.0579875318427369,0.995615275688429,-0.0226103836440928,0.0698305396244512,0.057988698063312,0.990773470854519,-0.0255312236654596,0.120391074832312,0.0567633259222475,0.971558755454381,-0.031610702559807,0.228472462560201,0.0536160613555904,0.990773470854519,-0.0255312236654596,0.120391074832312,0.0567633259222475,0.990773470854519,-0.0255312236654596,0.120391074832312,0.0567633259222475,0.990771743076356,-0.0255505765522886,0.120374927813729,0.0568189925388011,0.990771743076356,-0.0255505765522886,0.120374927813729,0.0568189925388011,0.990773142628817,-0.025534966541314,0.12038796236182,0.0567739715672642,0.990773470854519,-0.0255312236654596,0.120391074832312,0.0567633259222475,0.990771743076356,-0.0255505765522886,0.120374927813729,0.0568189925388011,0.990771743076356,-0.0255505765522886,0.120374927813729,0.0568189925388011,0.990773142628817,-0.025534966541314,0.12038796236182,0.0567739715672642,0.994001157830314,-0.0515934095792725,0.0552192576071593,0.0790610644331008,0.957903117522888,-0.10790099427849,0.11101396888499,0.241774464296888,0.977693415558167,-0.0570061222783909,0.0724012162861516,0.188743082197132,0.979952922713478,-0.0372771563445313,-0.0286115398191119,0.193608012926525,0.99586783532457,0.0135591237635326,-0.00403381432155842,0.089705814029747,0.986720957410054,0.0073055552834546,0.0539667298781322,0.153022786329513,0.993501407063183,-0.00884922538713649,-0.016213928667796,0.11231096959193,0.992927337474182,-0.00644502446388662,-0.0374598427092296,0.112474549744783
1115,1885,0.99078860429338,-0.025186129568704,0.12077182790271,0.0558369596661854,0.99078860429338,-0.025186129568704,0.12077182790271,0.0558369596661854,0.995646137526759,-0.0223158065499501,0.070261380861979,0.0570448241774831,0.995649759973373,-0.022312864400885,0.0702100297503846,0.0570459750520795,0.99078860429338,-0.025186129568704,0.12077182790271,0.0558369596661854,0.97153198194849,-0.0311659596522732,0.228852574518671,0.0527331977635307,0.99078860429338,-0.025186129568704,0.12077182790271,0.0558369596661854,0.99078860429338,-0.025186129568704,0.12077182790271,0.0558369596661854,0.99078779076462,-0.025204352672404,0.120751986493945,0.0558860629843839,0.99078779076462,-0.025204352672404,0.120751986493945,0.0558860629843839,0.990788455303383,-0.0251896180821289,0.120767989932429,0.0558463301040852,0.99078860429338,-0.025186129568704,0.12077182790271,0.0558369596661854,0.99078779076462,-0.025204352672404,0.120751986493945,0.0558860629843839,0.99078779076462,-0.025204352672404,0.120751986493945,0.0558860629843839,0.990788455303383,-0.0251896180821289,0.120767989932429,0.0558463301040852,0.994041123529894,-0.052823818965727,0.0553007320112418,0.0776770102432049,0.957697629088332,-0.110817540070077,0.111983825683634,0.24082015454829,0.977308768407002,-0.0585321631540157,0.0771464364259813,0.188387856344494,0.979871981514163,-0.037503622889481,-0.0305761557744764,0.193673634787303,0.995642023288702,0.0105541690904345,-0.00222028203691695,0.0926317511659298,0.986548160246042,0.00578471619793376,0.0541185266057909,0.154144249492735,0.993504359417986,-0.00969025596502868,-0.0164883266813973,0.112175406573985,0.992965931776192,-0.00741420485962472,-0.0366256116827084,0.112348798244602
1116,1886,0.990783304053681,-0.0249147793402726,0.121224794778126,0.0550658452209498,0.990783304053681,-0.0249147793402726,0.121224794778126,0.0550658452209498,0.995663865054658,-0.0220839969665694,0.0707140317401621,0.0562609155404765,0.995667510846976,-0.0220810952483483,0.0706626797136583,0.0562620544604038,0.990783304053681,-0.0249147793402726,0.121224794778126,0.0550658452209498,0.971476967634597,-0.0308115647526574,0.229302219387464,0.0519965481254754,0.990783304053681,-0.0249147793402726,0.121224794778126,0.0550658452209498,0.990783304053681,-0.0249147793402726,0.121224794778126,0.0550658452209498,0.990783551453931,-0.0249292585892353,0.121201157182084,0.0551068573976946,0.990783551453931,-0.0249292585892353,0.121201157182084,0.0551068573976946,0.990783359947709,-0.0249175278382806,0.121220227265079,0.0550736503144599,0.990783304053681,-0.0249147793402726,0.121224794778126,0.0550658452209498,0.990783551453931,-0.0249292585892353,0.121201157182084,0.0551068573976946,0.990783551453931,-0.0249292585892353,0.121201157182084,0.0551068573976946,0.990783359947709,-0.0249175278382806,0.121220227265079,0.0550736503144599,0.994062833049247,-0.0540042212594401,0.0554515086182125,0.0764706363791422,0.957429723343075,-0.11374075897761,0.112942345095636,0.240073720533295,0.976893812789369,-0.0600190466025553,0.081908291213877,0.188061756902334,0.979783732592066,-0.0376986273311428,-0.032470401655772,0.193773898814108,0.995355370879109,0.00728900444415612,-0.000805273921932359,0.0959891015180133,0.986407732069634,0.00435262432978581,0.0542767652953587,0.155031846804967,0.993501569445802,-0.0105023090425304,-0.0167889336605053,0.112082401473418,0.99300505001906,-0.00837656043167527,-0.0356118999966445,0.112261286517694
1117,1887,0.990753315650435,-0.0247528558076932,0.121745969062224,0.0545259816430058,0.990753315650435,-0.0247528558076932,0.121745969062224,0.0545259816430058,0.995660402795899,-0.021949719915163,0.0712360565973275,0.0557135202658722,0.995664075511952,-0.0219468464293444,0.0711847047486973,0.055714652261112,0.990753315650435,-0.0247528558076932,0.121745969062224,0.0545259816430058,0.971389923756415,-0.0305913312857223,0.229816947764382,0.0514777330011437,0.990753315650435,-0.0247528558076932,0.121745969062224,0.0545259816430058,0.990753315650435,-0.0247528558076932,0.121745969062224,0.0545259816430058,0.990754843118344,-0.0247616763394336,0.121718730391694,0.0545550262967702,0.990754843118344,-0.0247616763394336,0.121718730391694,0.0545550262967702,0.990753619057382,-0.0247545026022157,0.121740712007939,0.0545314584933922,0.990753315650435,-0.0247528558076932,0.121745969062224,0.0545259816430058,0.990754843118344,-0.0247616763394336,0.121718730391694,0.0545550262967702,0.990754843118344,-0.0247616763394336,0.121718730391694,0.0545550262967702,0.990753619057382,-0.0247545026022157,0.121740712007939,0.0545314584933922,0.994067700310128,-0.0551268360440751,0.0556415185280641,0.0754616496227969,0.957106459247323,-0.116640915718846,0.113919333217557,0.239508889118105,0.976431140767689,-0.0616084830361837,0.0867637145559263,0.187772947981195,0.979667878667678,-0.0379267673781334,-0.0345913620894534,0.193948048435176,0.995056648911696,0.00401240258542759,0.000343283101136841,0.099227255524033,0.986319103436337,0.00294155718596119,0.0544653659967587,0.155561876257333,0.993499736111751,-0.0111748028939091,-0.0170248826315978,0.111997997739009,0.993042967977919,-0.00919137252791258,-0.0346010987158114,0.112178190341607
1118,1888,0.990700247222419,-0.0247362975160331,0.122286380105793,0.0542879082232595,0.990700247222419,-0.0247362975160331,0.122286380105793,0.0542879082232595,0.995634867999265,-0.0219452825129167,0.0717784663393344,0.0554749129741275,0.995638568690445,-0.0219424213334113,0.0717271158069545,0.0554760447408231,0.990700247222419,-0.0247362975160331,0.122286380105793,0.0542879082232595,0.971277826823924,-0.030548727239709,0.230348261825734,0.0512429181262407,0.990700247222419,-0.0247362975160331,0.122286380105793,0.0542879082232595,0.990700247222419,-0.0247362975160331,0.122286380105793,0.0542879082232595,0.990702986363239,-0.0247375666906386,0.122257998771811,0.0543012646399459,0.990702986363239,-0.0247375666906386,0.122257998771811,0.0543012646399459,0.990700782707457,-0.0247364796110166,0.122280923642553,0.0542903438229154,0.990700247222419,-0.0247362975160331,0.122286380105793,0.0542879082232595,0.990702986363239,-0.0247375666906386,0.122257998771811,0.0543012646399459,0.990702986363239,-0.0247375666906386,0.122257998771811,0.0543012646399459,0.990700782707457,-0.0247364796110166,0.122280923642553,0.0542903438229154,0.99404979462698,-0.0562042132914682,0.0558347818907436,0.0747567344227833,0.956710828178483,-0.119535813485956,0.114937297480894,0.239175663870889,0.975912817901854,-0.0633685909737616,0.0915666516919559,0.187601017669918,0.979515295428603,-0.0383380283084966,-0.0366069101212824,0.19426763945188,0.994787963205534,0.000990178063470243,0.00141974532076284,0.101950537673975,0.986277703987399,0.00156426772423297,0.0547024961813323,0.155760972632306,0.99349939651829,-0.011723695041547,-0.0171724497288693,0.111922343893785,0.9930763442591,-0.0098605211989466,-0.0336944859713781,0.112101856406533
1119,1889,0.990623302797758,-0.0248867832920109,0.122835750365771,0.0543828870465338,0.990623302797758,-0.0248867832920109,0.122835750365771,0.0543828870465338,0.995585943390874,-0.0220907467530841,0.0723310371580792,0.0555774171227008,0.995589672581274,-0.0220878802866753,0.072279689148279,0.0555785563916613,0.990623302797758,-0.0248867832920109,0.122835750365771,0.0543828870465338,0.971141014389497,-0.0307087336025478,0.230885858779613,0.0513207956550492,0.990623302797758,-0.0248867832920109,0.122835750365771,0.0543828870465338,0.990623302797758,-0.0248867832920109,0.122835750365771,0.0543828870465338,0.990627295659598,-0.02487932267963,0.122806863861018,0.0543788064026479,0.990627295659598,-0.02487932267963,0.122806863861018,0.0543788064026479,0.990624079288594,-0.0248852802976139,0.122830202307987,0.0543819617071144,0.990623302797758,-0.0248867832920109,0.122835750365771,0.0543828870465338,0.990627295659598,-0.02487932267963,0.122806863861018,0.0543788064026479,0.990627295659598,-0.02487932267963,0.122806863861018,0.0543788064026479,0.990624079288594,-0.0248852802976139,0.122830202307987,0.0543819617071144,0.994008607108972,-0.0572570388051213,0.0560183530717955,0.0743670936616062,0.95625805332521,-0.122421411963957,0.116006516095947,0.239010505138815,0.975342887670328,-0.0652607046250255,0.0964372184446449,0.187475744568233,0.979333364344594,-0.0388346958346736,-0.0387304416697204,0.194674037223756,0.994574076134613,-0.00161551707856088,0.00257233835849138,0.103986442678454,0.98626396622619,0.00018668101720075,0.0549678125050734,0.155762298591125,0.993502539817627,-0.0121813393963444,-0.0171914557425941,0.111842622447295,0.993101946365932,-0.01039587649182,-0.0330358426382729,0.112022689564855
1120,1890,0.990523182063759,-0.0252019741347865,0.123380484003492,0.0548264759131802,0.990523182063759,-0.0252019741347865,0.123380484003492,0.0548264759131802,0.995513636779047,-0.0223829859708944,0.0728801552249172,0.0560364515326919,0.99551739429062,-0.0223800958291349,0.0728288109436415,0.0560376058734464,0.990523182063759,-0.0252019741347865,0.123380484003492,0.0548264759131803,0.970981675042541,-0.0310707341243168,0.23141630186794,0.0517270861573025,0.990523182063759,-0.0252019741347865,0.123380484003492,0.0548264759131803,0.990523182063759,-0.0252019741347865,0.123380484003492,0.0548264759131803,0.990528402903376,-0.025185841945999,0.123351804881548,0.0548040932743367,0.990528402903376,-0.025185841945999,0.123351804881548,0.0548040932743367,0.990524194031301,-0.0251988072722993,0.123374981559061,0.0548220309364539,0.990523182063759,-0.0252019741347865,0.123380484003492,0.0548264759131803,0.990528402903376,-0.025185841945999,0.123351804881548,0.0548040932743367,0.990528402903376,-0.025185841945999,0.123351804881548,0.0548040932743367,0.990524194031301,-0.0251988072722993,0.123374981559061,0.0548220309364539,0.993948168153648,-0.0582050007004179,0.0561507675592787,0.074339143255589,0.955752928999231,-0.125310881443928,0.117151532825928,0.238974977890307,0.974738786799295,-0.0671760567409954,0.101338314649019,0.187355866985442,0.979151030578819,-0.0393929907533075,-0.0406006874732557,0.195097503245546,0.994419660756184,-0.0036389092210036,0.0038461400365862,0.105363674233852,0.986268856154096,-0.00115404750178028,0.0553228989959659,0.155601376605536,0.993505468356515,-0.0126389811179629,-0.0172104580401283,0.111762876824347,0.993315209901936,-0.011653525485808,-0.0259655405820539,0.111869923677036
1121,1891,0.990399236691328,-0.0256932671500498,0.123929389079871,0.0555941949009224,0.990399236691328,-0.0256932671500498,0.123929389079871,0.0555941949009224,0.995417748320374,-0.0228346266749062,0.0734346501678295,0.056828147146843,0.995421534430469,-0.0228316957003926,0.0733833108313183,0.0568293247801718,0.990399236691328,-0.0256932671500498,0.123929389079871,0.0555941949009224,0.970798197048826,-0.0316433685155892,0.231948274671798,0.0524362061224131,0.990399236691328,-0.0256932671500498,0.123929389079871,0.0555941949009224,0.990399236691328,-0.0256932671500498,0.123929389079871,0.0555941949009224,0.990405723983007,-0.025667896636453,0.123900513490298,0.0555546914382254,0.990405723983007,-0.025667896636453,0.123900513490298,0.0555546914382254,0.990400491970031,-0.025688322698316,0.123923845717466,0.0555864735800231,0.990399236691328,-0.0256932671500498,0.123929389079871,0.0555941949009224,0.990405723983007,-0.025667896636453,0.123900513490298,0.0555546914382254,0.990405723983007,-0.025667896636453,0.123900513490298,0.0555546914382254,0.990400491970031,-0.025688322698316,0.123923845717466,0.0555864735800231,0.993869328979121,-0.0590324431788209,0.0562024484069289,0.0747008190048697,0.955201260574895,-0.128238657576132,0.118408448844777,0.239008028612801,0.974089104389244,-0.0692145203171051,0.10624252123032,0.18727598236309,0.978944037520322,-0.0400563961587324,-0.0424926818478477,0.195597618900543,0.994310496958535,-0.0051176621469421,0.00517572786667422,0.10627161903947,0.986282918148386,-0.00251882554401547,0.0557673216978052,0.155337267637991,0.993512715464481,-0.0130895781424013,-0.0171053251298753,0.111662684038369,0.993333439988562,-0.0121487836684213,-0.0254712570928806,0.111768954177699
1122,1892,0.990241491783528,-0.026387616587097,0.124564372776364,0.0566497897261438,0.990241491783528,-0.026387616587097,0.124564372776364,0.0566497897261438,0.995292478737844,-0.0234744308155139,0.0740768302690789,0.0579176664157974,0.995296297968911,-0.0234714436475709,0.0740254973925639,0.0579188770459411,0.990241491783528,-0.026387616587097,0.124564372776364,0.0566497897261438,0.970571670563918,-0.0324494464335797,0.232562093458072,0.0534091603689683,0.990241491783528,-0.026387616587097,0.124564372776364,0.0566497897261438,0.990241491783528,-0.026387616587097,0.124564372776364,0.0566497897261438,0.99024975478193,-0.0263516319457949,0.124531186263877,0.0565950377315199,0.99024975478193,-0.0263516319457949,0.124531186263877,0.0565950377315199,0.99024309185995,-0.0263806239142629,0.12455796877081,0.0566391571373554,0.990241491783528,-0.026387616587097,0.124564372776364,0.0566497897261438,0.99024975478193,-0.0263516319457949,0.124531186263877,0.0565950377315199,0.99024975478193,-0.0263516319457949,0.124531186263877,0.0565950377315199,0.99024309185995,-0.0263806239142629,0.12455796877081,0.0566391571373554,0.993772065965424,-0.0597139300764812,0.0561702569103823,0.0754733708022659,0.954599689150117,-0.13120735519668,0.119815038561067,0.239099184338639,0.973373182569875,-0.0715298451859486,0.111196939968804,0.187252154174641,0.978856441690128,-0.0416962670747184,-0.0407452888856218,0.196064553929065,0.994227944225948,-0.00622261460536839,0.00642073900765617,0.106915144382422,0.986288518674236,-0.00392950010201027,0.0563117918319556,0.15507578489566,0.993521432928385,-0.013536290460988,-0.0168893465721774,0.11156469479568,0.993521432928385,-0.013536290460988,-0.0168893465721774,0.11156469479568
1123,1893,0.990045150744351,-0.0272896900098208,0.125337211627387,0.0579349263245885,0.990045150744351,-0.0272896900098208,0.125337211627387,0.0579349263245885,0.995135669048043,-0.0243100246088703,0.0748586489274013,0.0592469878777287,0.995139528602062,-0.0243069688793023,0.0748073241373957,0.0592482416023314,0.990045150744351,-0.0272896900098208,0.125337211627387,0.0579349263245885,0.970291641756596,-0.0334872007929661,0.233308694797735,0.0545874550800748,0.990045150744351,-0.0272896900098208,0.125337211627387,0.0579349263245885,0.990045150744351,-0.0272896900098208,0.125337211627387,0.0579349263245885,0.990055460117357,-0.0272427892624885,0.125296920358793,0.0578679364899944,0.990055460117357,-0.0272427892624885,0.125296920358793,0.0578679364899944,0.990047145602748,-0.0272805997698508,0.125329421150178,0.0579219695297826,0.990045150744351,-0.0272896900098208,0.125337211627387,0.0579349263245885,0.990055460117357,-0.0272427892624885,0.125296920358793,0.0578679364899944,0.990055460117357,-0.0272427892624885,0.125296920358793,0.0578679364899944,0.990047145602748,-0.0272805997698508,0.125329421150178,0.0579219695297826,0.993656805912617,-0.0602361556870202,0.0560265172493317,0.0766732481149457,0.953941199027788,-0.134214100770247,0.121385810743107,0.23926606299703,0.972583890100026,-0.0741602451446329,0.116168842824313,0.187311597918684,0.978696441668803,-0.0435052555422324,-0.0395966967064412,0.196704523117715,0.994157793778329,-0.00721641692507149,0.00747335533482604,0.107435345006237,0.986271548593637,-0.00539282794410502,0.0569632519102313,0.154901703584193,0.993533381462505,-0.0139869778714314,-0.0165848884426445,0.111448310193798,0.993533381462505,-0.0139869778714314,-0.0165848884426445,0.111448310193798
1124,1894,0.989811120960727,-0.028340416403758,0.12624781636325,0.0594327728113197,0.989811120960727,-0.028340416403758,0.12624781636325,0.0594327728113198,0.994948220928376,-0.0252832688167515,0.0757799708727775,0.0607962992617168,0.99495212800035,-0.0252801331792698,0.0757286557492904,0.0607976031798847,0.989811120960727,-0.028340416403758,0.12624781636325,0.0594327728113198,0.969959022329018,-0.0346960693633575,0.234188089612932,0.0559608475339092,0.989811120960727,-0.028340416403758,0.12624781636325,0.0594327728113198,0.989811120960727,-0.028340416403758,0.12624781636325,0.0594327728113198,0.989823446473995,-0.0282855381124718,0.126200285371295,0.0593545374527919,0.989823446473995,-0.0282855381124718,0.126200285371295,0.0593545374527919,0.98981350230097,-0.0283298188337286,0.126238635094776,0.0594176660341333,0.989811120960727,-0.028340416403758,0.12624781636325,0.0594327728113198,0.989823446473995,-0.0282855381124718,0.126200285371295,0.0593545374527919,0.989823446473995,-0.0282855381124718,0.126200285371295,0.0593545374527919,0.98981350230097,-0.0283298188337286,0.126238635094776,0.0594176660341333,0.993524462708784,-0.0605457992688906,0.0557719696442674,0.0783124229743457,0.953205999664842,-0.137295351567687,0.123169813012765,0.239536021932517,0.971739413994457,-0.0770052278401538,0.12119546248108,0.187361591712376,0.978472449533638,-0.0453050500145046,-0.0394651028116431,0.19743764485754,0.994090186553686,-0.00829879487816871,0.00829076600905314,0.107921704027552,0.986218829757574,-0.00686710819474757,0.057715223620551,0.154900663714112,0.993544496733079,-0.0144809629819477,-0.0161837774066104,0.111345049604303,0.993544496733079,-0.0144809629819477,-0.0161837774066104,0.111345049604303
1125,1895,0.989554860006358,-0.0295289236373811,0.127214088110206,0.0610393110454505,0.989554860006358,-0.0295289236373811,0.127214088110206,0.0610393110454505,0.994741399505077,-0.0263885918217274,0.0767580177349286,0.0624611643003219,0.994745357020651,-0.0263853703164103,0.0767067132770737,0.0624625252239407,0.989554860006358,-0.0295289236373811,0.127214088110206,0.0610393110454505,0.969598192690818,-0.0360538222033282,0.235120373227448,0.0574271427864589,0.989554860006358,-0.0295289236373811,0.127214088110206,0.0610393110454505,0.989554860006358,-0.0295289236373811,0.127214088110206,0.0610393110454505,0.98956841823618,-0.0294667581507325,0.127163414497278,0.0609550802396688,0.98956841823618,-0.0294667581507325,0.127163414497278,0.0609550802396688,0.989557471344202,-0.0295169333225916,0.127204336774483,0.061023096118298,0.989554860006358,-0.0295289236373811,0.127214088110206,0.0610393110454505,0.98956841823618,-0.0294667581507325,0.127163414497278,0.0609550802396688,0.98956841823618,-0.0294667581507325,0.127163414497278,0.0609550802396688,0.989557471344202,-0.0295169333225916,0.127204336774483,0.061023096118298,0.993371661746637,-0.060711528744262,0.05540652467529,0.0803552670312655,0.952377129233219,-0.140422917534419,0.125167437836683,0.239984000404222,0.970812618464417,-0.0801480466359849,0.126353974447214,0.187440186705232,0.978197696459903,-0.0472946460500523,-0.0396450964040051,0.198294602616048,0.994016084647432,-0.00952182001938779,0.00891097815957826,0.108452537425127,0.986138996959277,-0.00838067346628824,0.0585465256215162,0.155022409109304,0.993559624014037,-0.0149948930955924,-0.0157350837062621,0.111206267138586,0.993559624014037,-0.0149948930955924,-0.0157350837062621,0.111206267138586
1126,1896,0.989291130133298,-0.0307556864474317,0.128174718084708,0.0626768636311277,0.989291130133298,-0.0307556864474317,0.128174718084708,0.0626768636311277,0.994526832086071,-0.0275305447379736,0.0777308097047549,0.0641589478554484,0.994530839774232,-0.0275272356669813,0.0776795163120433,0.064160367673683,0.989291130133298,-0.0307556864474317,0.128174718084708,0.0626768636311277,0.969230558907928,-0.0374530053042363,0.236046228937338,0.0589200634518376,0.989291130133298,-0.0307556864474317,0.128174718084708,0.0626768636311277,0.989291130133298,-0.0307556864474317,0.128174718084708,0.0626768636311277,0.989305129076146,-0.0306912441534325,0.128124170286494,0.0625907829024537,0.989305129076146,-0.0306912441534325,0.128124170286494,0.0625907829024537,0.989293819413847,-0.0307432997094202,0.128165017614332,0.0626603275801971,0.989291130133298,-0.0307556864474317,0.128174718084708,0.0626768636311277,0.989305129076146,-0.0306912441534325,0.128124170286494,0.0625907829024537,0.989305129076146,-0.0306912441534325,0.128124170286494,0.0625907829024537,0.989293819413847,-0.0307432997094202,0.128165017614332,0.0626603275801971,0.993206469918417,-0.0606906124774935,0.0549248708065544,0.082709227031731,0.951447470350394,-0.143733639519178,0.127471934915731,0.240497937295202,0.969800853137733,-0.0835710418086813,0.131671961172677,0.187522480959694,0.977872678465363,-0.0494390554209477,-0.0402022986495789,0.199260080531329,0.993927483786102,-0.0108455810613784,0.00939980593785592,0.109097085178295,0.98604826612666,-0.00988427433312985,0.0595059966715514,0.155145590815984,0.993575181322703,-0.015584911345764,-0.0152448307986428,0.111054332341553,0.993575181322703,-0.015584911345764,-0.0152448307986428,0.111054332341553
1127,1897,0.989022014552536,-0.0319861299800244,0.129134182363161,0.0643172229246787,0.989022014552536,-0.0319861299800244,0.129134182363161,0.0643172229246787,0.994306826675698,-0.0286760309761996,0.0787027112001967,0.0658597215549373,0.994310884490527,-0.028672634185309,0.0786514291530971,0.0658612004500168,0.989022014552536,-0.0319861299800244,0.129134182363161,0.0643172229246787,0.968857700014676,-0.0388561551044163,0.236970334528252,0.0604153696201834,0.989022014552536,-0.0319861299800244,0.129134182363161,0.0643172229246787,0.989022014552536,-0.0319861299800244,0.129134182363161,0.0643172229246787,0.989036305534299,-0.0319213900006071,0.129083699369209,0.0642309096358826,0.989036305534299,-0.0319213900006071,0.129083699369209,0.0642309096358826,0.989024758565682,-0.0319737025059804,0.129124494096919,0.0643006556449377,0.989022014552536,-0.0319861299800244,0.129134182363161,0.0643172229246787,0.989036305534299,-0.0319213900006071,0.129083699369209,0.0642309096358826,0.989036305534299,-0.0319213900006071,0.129083699369209,0.0642309096358826,0.989024758565682,-0.0319737025059804,0.129124494096919,0.0643006556449377,0.993021314971035,-0.0604947736158091,0.054248311964773,0.0854761430303256,0.950491379544025,-0.147047614438968,0.129793812785872,0.241032575936969,0.968709974779153,-0.0871780548072861,0.137112409484553,0.187619718283376,0.977511424118194,-0.0517011370608149,-0.0408686161951385,0.20032015464085,0.993815897418016,-0.0122118206335235,0.00983246138487587,0.10992795904206,0.985955774830866,-0.0114143744241166,0.06053818993358,0.155229023361412,0.993585960124494,-0.0162370489038976,-0.0147675393189017,0.110928886539296,0.993585960124494,-0.0162370489038976,-0.0147675393189017,0.110928886539296
1128,1898,0.988776330508358,-0.0331261002509951,0.129952398632853,0.0658513765851211,0.988776330508358,-0.0331261002509951,0.129952398632853,0.0658513765851211,0.994103043941597,-0.029736558509252,0.0795323563718423,0.0674498287916303,0.99410714454612,-0.029733079706262,0.0794810848338502,0.067451362381908,0.988776330508358,-0.0331261002509951,0.129952398632853,0.0658513765851211,0.968523643190158,-0.0401577150899278,0.237756619814611,0.0618150486107598,0.988776330508358,-0.0331261002509951,0.129952398632853,0.0658513765851211,0.988776330508358,-0.0331261002509951,0.129952398632853,0.0658513765851211,0.988789444326629,-0.0330658685440441,0.129908978755865,0.0657703608342868,0.988789444326629,-0.0330658685440441,0.129908978755865,0.0657703608342868,0.988778836717409,-0.0331145769995297,0.129944122463074,0.06583587082443,0.988776330508358,-0.0331261002509951,0.129952398632853,0.0658513765851211,0.988789444326629,-0.0330658685440441,0.129908978755865,0.0657703608342868,0.988789444326629,-0.0330658685440441,0.129908978755865,0.0657703608342868,0.988778836717409,-0.0331145769995297,0.129944122463074,0.06583587082443,0.992813081547726,-0.0601480825892772,0.0532465492712169,0.0887085016176604,0.949514901530421,-0.150539316844473,0.13228499843094,0.241371176915972,0.967532498026812,-0.090975438075152,0.142691264179693,0.187732623845281,0.977104945288601,-0.0540524532941648,-0.041783459691134,0.201490448115243,0.993680403986267,-0.0134727159097896,0.0102396595677934,0.110963462597556,0.985867454731432,-0.0129498762777454,0.0615661643704925,0.155265159680031,0.993591812781443,-0.0169161733013819,-0.0143284049452861,0.110832528917514,0.993586571808967,-0.016876133919773,-0.0146873392924526,0.110838632657281
1129,1899,0.988565217204653,-0.0341542517586293,0.130572116263603,0.0672548947985974,0.988565217204653,-0.0341542517586293,0.130572116263603,0.0672548947985974,0.993923699071169,-0.0306920510048973,0.0801620024520455,0.0689037864901126,0.993927832150287,-0.0306884972119378,0.0801107401630301,0.0689053693585277,0.988565217204653,-0.0341542517586293,0.130572116263603,0.0672548947985974,0.968245747689182,-0.041333785921408,0.238349403805118,0.0630971626062967,0.988565217204653,-0.0341542517586293,0.130572116263603,0.0672548947985974,0.988565217204653,-0.0341542517586293,0.130572116263603,0.0672548947985974,0.988576519627893,-0.0340998357088686,0.130538971394253,0.0671806742475851,0.988576519627893,-0.0340998357088686,0.130538971394253,0.0671806742475851,0.988567370697067,-0.0341438556024802,0.130565838606401,0.0672407057271951,0.988565217204653,-0.0341542517586293,0.130572116263603,0.0672548947985974,0.988576519627893,-0.0340998357088686,0.130538971394253,0.0671806742475851,0.988576519627893,-0.0340998357088686,0.130538971394253,0.0671806742475851,0.988567370697067,-0.0341438556024802,0.130565838606401,0.0672407057271951,0.992595524341967,-0.059641776361862,0.0519346793898613,0.0921942115610833,0.948512869548942,-0.154153700514164,0.134887222633941,0.241589341834287,0.966228568796804,-0.0951275342989203,0.148268929603739,0.188067619683055,0.976700617568606,-0.0571537554643248,-0.0404626529785207,0.202859866881961,0.993520111950819,-0.0145557807294367,0.0106264291458836,0.112218516298322,0.985773712111545,-0.0144287992399059,0.0626135218696617,0.15531112368854,0.993597511079685,-0.017539685599736,-0.0138521977836248,0.110745031590069,0.993597511079685,-0.017539685599736,-0.0138521977836248,0.110745031590069
1130,1900,0.988401019566922,-0.0350802270860762,0.131013528764274,0.0683246475833673,0.988401019566922,-0.0350802270860762,0.131013528764274,0.0683246475833673,0.993782147321589,-0.0315624621627482,0.0806111894533885,0.0700192172337502,0.993786303567971,-0.0315588508396534,0.080559934464388,0.0700208449926343,0.988401019566922,-0.0350802270860762,0.131013528764274,0.0683246475833673,0.968034066055272,-0.0423716435326424,0.238770113617043,0.0640587513470618,0.988401019566922,-0.0350802270860762,0.131013528764274,0.0683246475833673,0.988401019566922,-0.0350802270860762,0.131013528764274,0.0683246475833673,0.988409853866742,-0.0350312096010555,0.130989808745166,0.0682674529912794,0.988409853866742,-0.0350312096010555,0.130989808745166,0.0682674529912794,0.988402694233076,-0.0350708637635671,0.131009053339497,0.068313808931739,0.988401019566922,-0.0350802270860762,0.131013528764274,0.0683246475833673,0.988409853866742,-0.0350312096010555,0.130989808745166,0.0682674529912794,0.988409853866742,-0.0350312096010555,0.130989808745166,0.0682674529912794,0.988402694233076,-0.0350708637635671,0.131009053339497,0.068313808931739,0.992353519497165,-0.0589494875542733,0.0501338185449077,0.0961563856266673,0.94747451716199,-0.157876866554243,0.1377360245848,0.241652067790125,0.964758262380577,-0.0996350899795882,0.154201196936434,0.188510834904893,0.976191589175834,-0.060346374963087,-0.0398308321602659,0.204503792289031,0.993330018957636,-0.0155053371658285,0.0110228468084966,0.113725787775829,0.985678563128148,-0.0158881732573692,0.0637154813482089,0.155324413975202,0.993574396440381,-0.0180881808186582,-0.0134581588248111,0.110912643165022,0.993574396440381,-0.0180881808186582,-0.0134581588248111,0.110912643165022
1131,1901,0.988259496769674,-0.0359977551226,0.131201022926163,0.0695242422023662,0.988259496769674,-0.0359977551226,0.131201022926163,0.0695242422023662,0.99365033633995,-0.0324178380568824,0.0808056338619037,0.0712638927044945,0.993654502615089,-0.0324141625378017,0.0807543856708712,0.0712655645782233,0.988259496769674,-0.0359977551226,0.131201022926163,0.0695242422023662,0.967872808153152,-0.0434153645555351,0.238940931215338,0.0651503242370284,0.988259496769674,-0.0359977551226,0.131201022926163,0.0695242422023662,0.988259496769674,-0.0359977551226,0.131201022926163,0.0695242422023662,0.988267075205632,-0.0359494300323603,0.131190470254882,0.0694614069765138,0.988267075205632,-0.0359494300323603,0.131190470254882,0.0694614069765138,0.98826094039556,-0.0359884866297117,0.131199104776275,0.0695121386844836,0.988259496769674,-0.0359977551226,0.131201022926163,0.0695242422023662,0.988267075205632,-0.0359494300323603,0.131190470254882,0.0694614069765138,0.988267075205632,-0.0359494300323603,0.131190470254882,0.0694614069765138,0.98826094039556,-0.0359884866297117,0.131199104776275,0.0695121386844836,0.992145789472403,-0.0583960589677202,0.0481432076029494,0.0995934952239388,0.946328502219932,-0.161648256129773,0.140670792431072,0.241958540525432,0.963182630909424,-0.104194469397961,0.160400697730404,0.188929479512539,0.975660634950731,-0.0635201377586615,-0.0391853253850845,0.206194150695702,0.993135336426144,-0.0164344150967576,0.011350989832284,0.115253063178315,0.985570470290137,-0.0172859259267497,0.064784283464242,0.155418922506104,0.993574876192767,-0.018648984394282,-0.0130718056910942,0.110861664589548,0.993574876192767,-0.018648984394282,-0.0130718056910942,0.110861664589548
1132,1902,0.988138167685057,-0.0369512242036866,0.131219650806659,0.0707034075278202,0.988138167685057,-0.0369512242036866,0.131219650806659,0.0707034075278202,0.993530110764654,-0.0333101468171736,0.0808304039194371,0.0724899918969128,0.993534278317482,-0.0333064080601401,0.0807791619290743,0.0724917097903448,0.988138167685057,-0.0369512242036866,0.131219650806659,0.0707034075278202,0.967750167199562,-0.0444925656175784,0.238946121707435,0.0662176442571134,0.988138167685057,-0.0369512242036866,0.131219650806659,0.0707034075278202,0.988138167685057,-0.0369512242036866,0.131219650806659,0.0707034075278202,0.988144673227746,-0.0369011367235891,0.131218199767906,0.0706413117786448,0.988144673227746,-0.0369011367235891,0.131218199767906,0.0706413117786448,0.988139406963321,-0.0369415972560932,0.131219446880145,0.0706914956611743,0.988138167685057,-0.0369512242036866,0.131219650806659,0.0707034075278202,0.988144673227746,-0.0369011367235891,0.131218199767906,0.0706413117786448,0.988144673227746,-0.0369011367235891,0.131218199767906,0.0706413117786448,0.988139406963321,-0.0369415972560932,0.131219446880145,0.0706914956611743,0.991965952377806,-0.0578788028752698,0.045830446084262,0.102728592478604,0.945104241981294,-0.165491685160942,0.143754994257112,0.242332365889687,0.961442616792967,-0.108980985671528,0.16705111452728,0.189328192595685,0.975081102391374,-0.0667735719815526,-0.038662953970655,0.207998340941247,0.992937861249215,-0.01745732899627,0.0116508367898788,0.116764306893183,0.985462789576044,-0.0186226421951198,0.0658201135337387,0.155512058095439,0.993570221220943,-0.0191656907002299,-0.0127361175283033,0.110854332857387,0.993570221220943,-0.0191656907002299,-0.0127361175283033,0.110854332857387
1133,1903,0.988036329624311,-0.0379732681951879,0.131124343288559,0.0717540858923074,0.988036329624311,-0.0379732681951879,0.131124343288559,0.0717540858923074,0.993423560540913,-0.0342774718997195,0.0807403952340574,0.0735912553217313,0.993427723451634,-0.0342736763431094,0.080689158739203,0.0735930231040422,0.988036329624311,-0.0379732681951879,0.131124343288559,0.0717540858923074,0.967659412087509,-0.0456238159819029,0.238840206537325,0.0671497234165098,0.988036329624311,-0.0379732681951879,0.131124343288559,0.0717540858923074,0.988036329624311,-0.0379732681951879,0.131124343288559,0.0717540858923074,0.988041803319031,-0.0379196637720893,0.13112904361428,0.071698451268442,0.988041803319031,-0.0379196637720893,0.13112904361428,0.071698451268442,0.988037371221931,-0.0379629518979858,0.131125295761281,0.0717434607721367,0.988036329624311,-0.0379732681951879,0.131124343288559,0.0717540858923074,0.988041803319031,-0.0379196637720893,0.13112904361428,0.071698451268442,0.988041803319031,-0.0379196637720893,0.13112904361428,0.071698451268442,0.988037371221931,-0.0379629518979858,0.131125295761281,0.0717434607721367,0.99182583951195,-0.0573419450601873,0.043166683294309,0.105499018320068,0.94384869374398,-0.169411300358729,0.147046386880755,0.242542397806779,0.959549223410557,-0.114071029679805,0.173924787582452,0.189745240531576,0.974453882662029,-0.0703297597053003,-0.0377382358927891,0.209926608643095,0.99274008987653,-0.0186601567450656,0.0119771559800666,0.118217850753675,0.985353084322624,-0.019910707539743,0.06687890251986,0.155595871856864,0.993565717192567,-0.0195851857550074,-0.0124065792125383,0.110858752071298,0.993565717192567,-0.0195851857550074,-0.0124065792125383,0.110858752071298
1134,1904,0.987950314846976,-0.0390756180045952,0.130949001492539,0.0726610657740922,0.987950314846976,-0.0390756180045952,0.130949001492539,0.0726610657740922,0.993328745608472,-0.0353323021400362,0.080569651519861,0.0745530873093341,0.993332899713115,-0.0353284569749892,0.0805184199153681,0.0745549094938377,0.987950314846976,-0.0390756180045952,0.130949001492539,0.0726610657740922,0.967593174142789,-0.0468191050243699,0.23865647896174,0.0679301538831248,0.987950314846976,-0.0390756180045952,0.130949001492539,0.0726610657740922,0.987950314846976,-0.0390756180045952,0.130949001492539,0.0726610657740922,0.987954943324597,-0.0390178224087211,0.130958010766493,0.0726129390057741,0.987954943324597,-0.0390178224087211,0.130958010766493,0.0726129390057741,0.987951195772148,-0.0390644917494055,0.130950765809175,0.0726518904828647,0.987950314846976,-0.0390756180045952,0.130949001492539,0.0726610657740922,0.987954943324597,-0.0390178224087211,0.130958010766493,0.0726129390057741,0.987954943324597,-0.0390178224087211,0.130958010766493,0.0726129390057741,0.987951195772148,-0.0390644917494055,0.130950765809175,0.0726518904828647,0.991738479891332,-0.0567184217422735,0.0401355153917276,0.10782832903341,0.942610485625831,-0.173526704192206,0.150679628307973,0.242218093736609,0.957459215290732,-0.119695744498521,0.18094593521346,0.190271774926102,0.973706111902212,-0.0742868999324664,-0.0369592756922145,0.212160024705428,0.992547147449428,-0.0200060270354714,0.0123566062203985,0.119571038529293,0.985242579120139,-0.0211397359045067,0.0679404037957939,0.15567361172225,0.993559217258667,-0.0199197605063533,-0.0121228081452379,0.110888784213685,0.993559217258667,-0.0199197605063533,-0.0121228081452379,0.110888784213685
1135,1905,0.987876566571663,-0.040279900393237,0.130748528379097,0.0733637592384343,0.987876566571663,-0.040279900393237,0.130748528379097,0.0733637592384343,0.993244904089178,-0.0364993155827313,0.0803731855508808,0.0753160773492369,0.993249048061087,-0.036495431064485,0.0803219582708234,0.0753179597221106,0.987876566571662,-0.040279900393237,0.130748528379097,0.0733637592384343,0.967541888496204,-0.0480932747472302,0.238449119226547,0.0684963390946661,0.987876566571662,-0.040279900393237,0.130748528379097,0.0733637592384343,0.987876566571662,-0.040279900393237,0.130748528379097,0.0733637592384343,0.987880537182112,-0.0402167985817989,0.13075900935441,0.073326222057783,0.987880537182112,-0.0402167985817989,0.13075900935441,0.073326222057783,0.987877322792776,-0.0402677467075274,0.130750552068197,0.0733566412858273,0.987876566571662,-0.040279900393237,0.130748528379097,0.0733637592384343,0.987880537182112,-0.0402167985817989,0.13075900935441,0.073326222057783,0.987880537182112,-0.0402167985817989,0.13075900935441,0.073326222057783,0.987877322792776,-0.0402677467075274,0.130750552068197,0.0733566412858273,0.991700328226241,-0.0560009108455787,0.0367455305960245,0.109745719559568,0.941348816896535,-0.1776480445326,0.154323664434093,0.241842477238532,0.955133795830012,-0.12576842724561,0.188342601265269,0.190863300087136,0.972851597126758,-0.0785308425338113,-0.0362391136195318,0.214661136172611,0.992356745464779,-0.021424292138123,0.0128180366275867,0.120850268406596,0.985124887804147,-0.0223465610693524,0.0690198761686212,0.15577497658773,0.993549709778209,-0.0202358857217234,-0.0118996817081813,0.110940888332207,0.993549709778209,-0.0202358857217234,-0.0118996817081813,0.110940888332207
1136,1906,0.987806492605599,-0.0415355289744379,0.130607226869499,0.0738571952385027,0.987806492605599,-0.0415355289744379,0.130607226869499,0.0738571952385027,0.993167739380848,-0.037728243855008,0.0802356279806671,0.0758726898910387,0.99317187625825,-0.0377243306275176,0.0801844046806065,0.0758746356458496,0.987806492605599,-0.0415355289744379,0.130607226869499,0.0738571952385027,0.967487756536656,-0.0493954988174225,0.2383009766996,0.0688488936168381,0.987806492605599,-0.0415355289744379,0.130607226869499,0.0738571952385027,0.987806492605599,-0.0415355289744379,0.130607226869499,0.0738571952385027,0.987810242917869,-0.0414695944541108,0.13061482235373,0.0738306501654723,0.987810242917869,-0.0414695944541108,0.13061482235373,0.0738306501654723,0.987807210116775,-0.0415228515350154,0.130608661339555,0.0738521903859578,0.987806492605599,-0.0415355289744379,0.130607226869499,0.0738571952385027,0.987810242917869,-0.0414695944541108,0.13061482235373,0.0738306501654723,0.987810242917869,-0.0414695944541108,0.13061482235373,0.0738306501654723,0.987807210116775,-0.0415228515350154,0.130608661339555,0.0738521903859578,0.991718866105001,-0.0551650122316487,0.032951055938432,0.111196852246075,0.940144436609468,-0.18195689538357,0.158204931778317,0.240813882688802,0.952597531257909,-0.132201451837693,0.195988263824457,0.191492349759512,0.971909390257251,-0.0830665436623306,-0.0352929631139939,0.217362584656162,0.992169021980027,-0.0228341723074463,0.0133690211375386,0.122067611068843,0.985007028384056,-0.0235089341464383,0.0700978615891613,0.15586780889567,0.993540263756095,-0.0204256550383762,-0.0116522486809007,0.111016944708463,0.993540263756095,-0.0204256550383762,-0.0116522486809007,0.111016944708463
1137,1907,0.987749519405553,-0.0427075443214009,0.130479207614638,0.0741763368763371,0.987749519405553,-0.0427075443214009,0.130479207614638,0.0741763368763371,0.993104333546082,-0.0388825250250869,0.0801106696865995,0.0762509838758148,0.993108463978773,-0.0388785922853329,0.0800594496568972,0.076252989162833,0.987749519405553,-0.0427075443214009,0.130479207614638,0.0741763368763371,0.967445187403148,-0.0505954739037257,0.238167474849384,0.0690373907010809,0.987749519405553,-0.0427075443214009,0.130479207614638,0.0741763368763371,0.987749519405553,-0.0427075443214009,0.130479207614638,0.0741763368763371,0.987752594854772,-0.0426456485088541,0.130485993541312,0.0741590554852223,0.987752594854772,-0.0426456485088541,0.130485993541312,0.0741590554852223,0.987750103786956,-0.0426956977136803,0.130480503139532,0.0741730959718881,0.987749519405553,-0.0427075443214009,0.130479207614638,0.0741763368763371,0.987752594854772,-0.0426456485088541,0.130485993541312,0.0741590554852223,0.987752594854772,-0.0426456485088541,0.130485993541312,0.0741590554852223,0.987750103786956,-0.0426956977136803,0.130480503139532,0.0741730959718881,0.991787995459334,-0.0541885164050822,0.0287880032912325,0.112211530686812,0.938969931763094,-0.186454984838629,0.162177665942836,0.239308191550082,0.94979257430322,-0.139162438546715,0.203788563186843,0.192348909563943,0.970809420108713,-0.0880211936387091,-0.0341289102591746,0.220491625199514,0.991976444927734,-0.0242326381892035,0.0139794915258784,0.123288627908675,0.984903856454918,-0.0246448251604963,0.0711191355093469,0.155881668894844,0.993530591046438,-0.0205627972231328,-0.0113526005800875,0.111109200723188,0.993530591046438,-0.0205627972231328,-0.0113526005800875,0.111109200723188
1138,1908,0.987718075075679,-0.0436854351075448,0.130314920537351,0.0743142544442423,0.987718075075679,-0.0436854351075448,0.130314920537351,0.0743142544442423,0.993064580368417,-0.0398521427653038,0.0799481929974708,0.0764384220870168,0.993068702421333,-0.0398482003570274,0.0798969750182775,0.0764404773823744,0.987718075075679,-0.0436854351075448,0.130314920537351,0.0743142544442423,0.967431975757376,-0.051582596103047,0.238000728209056,0.0690670792303325,0.987718075075679,-0.0436854351075448,0.130314920537351,0.0743142544442423,0.987718075075679,-0.0436854351075448,0.130314920537351,0.0743142544442423,0.987719827706572,-0.0436334469461167,0.130323477704134,0.0743064964992965,0.987719827706572,-0.0436334469461167,0.130323477704134,0.0743064964992965,0.987718400388702,-0.0436755379541975,0.130316577026744,0.0743128432374139,0.987718075075679,-0.0436854351075448,0.130314920537351,0.0743142544442423,0.987719827706572,-0.0436334469461167,0.130323477704134,0.0743064964992965,0.987719827706572,-0.0436334469461167,0.130323477704134,0.0743064964992965,0.987718400388702,-0.0436755379541975,0.130316577026744,0.0743128432374139,0.991896759039565,-0.0530403428028292,0.0243443500433267,0.112848987869339,0.937809152104142,-0.191121375341892,0.166182296316219,0.237423795160053,0.946761254982577,-0.146381595502734,0.211795095733791,0.193283191160031,0.96960964459162,-0.0931567964224096,-0.0327287889782355,0.223847659731445,0.991770027802375,-0.0255970909529976,0.0146525222351893,0.124588540724129,0.984827293971993,-0.0257515142863283,0.0720607971719552,0.155753979309374,0.99352513236153,-0.0206072691588583,-0.0109456648033338,0.111190576245617,0.99352513236153,-0.0206072691588583,-0.0109456648033338,0.111190576245617
1139,1909,0.987727139692767,-0.0443802275547713,0.130051785405897,0.0742430200710506,0.987727139692767,-0.0443802275547713,0.130051785405897,0.0742430200710506,0.993060260080816,-0.0405496576431028,0.0796849372286771,0.0764025908730251,0.993064368556171,-0.040545717081914,0.0796337194726552,0.0764046821431585,0.987727139692767,-0.0443802275547713,0.130051785405897,0.0742430200710506,0.967469883806549,-0.0522653627046982,0.237740180239392,0.0689199716223828,0.987727139692767,-0.0443802275547713,0.130051785405897,0.0742430200710506,0.987727139692767,-0.0443802275547713,0.130051785405897,0.0742430200710506,0.987726789003203,-0.0443428891903146,0.130065371985382,0.0742461950134998,0.987726789003203,-0.0443428891903146,0.130065371985382,0.0742461950134998,0.987727055094676,-0.0443731807836763,0.130054433690364,0.0742437185128652,0.987727139692767,-0.0443802275547713,0.130051785405897,0.0742430200710506,0.987726789003203,-0.0443428891903146,0.130065371985382,0.0742461950134998,0.987726789003203,-0.0443428891903146,0.130065371985382,0.0742461950134998,0.987727055094676,-0.0443731807836763,0.130054433690364,0.0742437185128652,0.992028080690124,-0.0517185167787826,0.0196329674833939,0.113225565718469,0.936689581120454,-0.195908461589617,0.170103269639306,0.235153951606169,0.94343044733775,-0.153894259846222,0.220055205020549,0.194502582414324,0.968250339267497,-0.0983965776422565,-0.0312503236610312,0.227668204384689,0.991552948832824,-0.0268659823842639,0.0153803806484574,0.125954009632759,0.984774496524406,-0.0268251808769212,0.0729238960766173,0.155504681752768,0.993520434632973,-0.020608415701299,-0.0105453084638333,0.111271000886995,0.993520434632973,-0.020608415701299,-0.0105453084638333,0.111271000886995
1140,1910,0.987783369170682,-0.0447796474550321,0.129664738984683,0.0739314157016676,0.987783369170682,-0.0447796474550321,0.129664738984683,0.0739314157016676,0.99309674621892,-0.0409643978926163,0.0792955332635105,0.0761116887156314,0.993100834610494,-0.0409604723343208,0.0792443136262131,0.0761138013766169,0.987783369170682,-0.0447796474550321,0.129664738984683,0.0739314157016676,0.967568279721189,-0.0526281452879659,0.237361650279755,0.0685663866438833,0.987783369170682,-0.0447796474550321,0.129664738984683,0.0739314157016676,0.987783369170682,-0.0447796474550321,0.129664738984683,0.0739314157016676,0.987780550802358,-0.0447578100225096,0.129684772032959,0.0739471554648248,0.987780550802358,-0.0447578100225096,0.129684772032959,0.0739471554648248,0.987782808072637,-0.0447755828806407,0.12966863620016,0.0739345388828886,0.987783369170682,-0.0447796474550321,0.129664738984683,0.0739314157016676,0.987780550802358,-0.0447578100225096,0.129684772032959,0.0739471554648248,0.987780550802358,-0.0447578100225096,0.129684772032959,0.0739471554648248,0.987782808072637,-0.0447755828806407,0.12966863620016,0.0739345388828886,0.992146454889136,-0.0503049227738836,0.014640560817184,0.11358028338841,0.935648525732303,-0.200900128188358,0.173836897947114,0.232339638677937,0.939892708942904,-0.161308117931503,0.228611310639056,0.195750492753555,0.966848942271099,-0.103482843048587,-0.0294033757482663,0.231581228769615,0.991343172552939,-0.0280305183993249,0.0160843692721188,0.127256816462058,0.984728535996191,-0.0278270377864111,0.0737109356236339,0.155248395586943,0.993512152910926,-0.0205956581294745,-0.0102015678216732,0.111379301930348,0.993512152910926,-0.0205956581294745,-0.0102015678216732,0.111379301930348
1141,1911,0.987869174769453,-0.0449150633611963,0.129236662845676,0.0734507699081031,0.987869174769453,-0.0449150633611963,0.129236662845676,0.0734507699081031,0.993160685023024,-0.0411240664313748,0.0788636494702311,0.0756385462378888,0.993164751139861,-0.0411201652754604,0.0788124265358278,0.0756406671344998,0.987869174769453,-0.0449150633611963,0.129236662845676,0.0734507699081031,0.967700578858267,-0.0527099561731291,0.23694558691932,0.0680737764271984,0.987869174769453,-0.0449150633611963,0.129236662845676,0.0734507699081031,0.987869174769453,-0.0449150633611963,0.129236662845676,0.0734507699081031,0.98786475482737,-0.0449072012054354,0.12925906977946,0.0734755900248796,0.98786475482737,-0.0449072012054354,0.12925906977946,0.0734755900248796,0.987868313290906,-0.0449136686557897,0.129240982865849,0.0734556077609316,0.987869174769453,-0.0449150633611963,0.129236662845676,0.0734507699081031,0.98786475482737,-0.0449072012054354,0.12925906977946,0.0734755900248796,0.98786475482737,-0.0449072012054354,0.12925906977946,0.0734755900248796,0.987868313290906,-0.0449136686557897,0.129240982865849,0.0734556077609316,0.992242209064083,-0.0488647284535456,0.00933395435325553,0.113932059407882,0.934666723783656,-0.20611545764113,0.17741245882064,0.228996403963315,0.936079063028657,-0.168825228173605,0.237325889527397,0.197308013652643,0.965309558794725,-0.108533275173452,-0.0272955267418102,0.235908749518845,0.991154164301045,-0.0290668442437605,0.0167932398913745,0.128399876356472,0.984674573123479,-0.0287921770973204,0.0744369628013176,0.155068159694393,0.993504852721825,-0.0206009291405869,-0.00991027694405191,0.111469707757865,0.993504852721825,-0.0206009291405869,-0.00991027694405191,0.111469707757865
1142,1912,0.987962649821948,-0.0449240279862046,0.128872854863811,0.0728245943726546,0.987962649821948,-0.0449240279862046,0.128872854863811,0.0728245943726546,0.993235549639328,-0.041164843290101,0.0784955609994349,0.0750136355134745,0.993239596771691,-0.0411609743642599,0.0784443342043359,0.0750157585140063,0.987962649821948,-0.0449240279862046,0.128872854863811,0.0728245943726546,0.967833442942666,-0.0526500981614179,0.236594245250593,0.0674504039990868,0.987962649821948,-0.0449240279862046,0.128872854863811,0.0728245943726546,0.987962649821948,-0.0449240279862046,0.128872854863811,0.0728245943726546,0.987957768747191,-0.044923187268926,0.128892167395332,0.0728571451664628,0.987957768747191,-0.044923187268926,0.128892167395332,0.0728571451664628,0.987961709110594,-0.044923924513574,0.128876536490366,0.0728309047027426,0.987962649821948,-0.0449240279862046,0.128872854863811,0.0728245943726546,0.987957768747191,-0.044923187268926,0.128892167395332,0.0728571451664628,0.987957768747191,-0.044923187268926,0.128892167395332,0.0728571451664628,0.987961709110594,-0.044923924513574,0.128876536490366,0.0728309047027426,0.992318383377111,-0.0474177547465629,0.0038133568553153,0.114198252421503,0.933721129853509,-0.211539711680417,0.180839983453442,0.225194809957539,0.932004309271415,-0.17644256409083,0.246105628239266,0.199168292721314,0.963683193666223,-0.114119963745153,-0.0226873311960516,0.240367679032091,0.990994284099042,-0.02998653058723,0.0174887943578986,0.129326249996957,0.984615509436122,-0.0296983734574966,0.0750906355436282,0.154957096144316,0.993499914606515,-0.0206172864689133,-0.0096911041844878,0.111529949678071,0.993499914606515,-0.0206172864689133,-0.0096911041844878,0.111529949678071
1143,1913,0.988050325786911,-0.04484293412116,0.128626695313045,0.0721168373171588,0.988050325786911,-0.04484293412116,0.128626695313045,0.0721168373171588,0.993310601852003,-0.0411198242197343,0.0782452636469949,0.074302671697338,0.993314636075038,-0.0411159919623179,0.078194032981368,0.0743047923769311,0.988050325786911,-0.04484293412116,0.128626695313045,0.0721168373171588,0.967947622525707,-0.0524917668891541,0.236359203505189,0.066755834007815,0.988050325786911,-0.04484293412116,0.128626695313045,0.0721168373171588,0.988050325786911,-0.04484293412116,0.128626695313045,0.0721168373171588,0.988045712801178,-0.044846947453702,0.128639970853944,0.0721538537986316,0.988045712801178,-0.044846947453702,0.128639970853944,0.0721538537986316,0.988049442489646,-0.0448437441554002,0.128629194098631,0.072123978201161,0.988050325786911,-0.04484293412116,0.128626695313045,0.0721168373171588,0.988045712801178,-0.044846947453702,0.128639970853944,0.0721538537986316,0.988045712801178,-0.044846947453702,0.128639970853944,0.0721538537986316,0.988049442489646,-0.0448437441554002,0.128629194098631,0.072123978201161,0.992375079877676,-0.0460625569345964,-0.00180821354427153,0.114309544877942,0.932781685116151,-0.217051333255444,0.18407921189726,0.221182934222311,0.927693025592678,-0.184046645236007,0.254945754024392,0.201283742883049,0.961968220867896,-0.120294547942617,-0.015127103774889,0.244780584415757,0.990871206586776,-0.030842380609942,0.0181599212977676,0.129973908050951,0.984570292084884,-0.030553359498687,0.0756727926438156,0.154794898561668,0.993493517991043,-0.0207221126088885,-0.00956015911895255,0.111578793309607,0.993493517991043,-0.0207221126088885,-0.00956015911895255,0.111578793309607
1144,1914,0.988114760326487,-0.0447500048414689,0.128545077537522,0.0714340292332042,0.988114760326487,-0.0447500048414689,0.128545077537522,0.0714340292332042,0.993370805101837,-0.041061717060013,0.0781604766203873,0.0736160231056066,0.993374834951853,-0.0410579202169671,0.0781092428498562,0.0736181407892031,0.988114760326487,-0.0447500048414688,0.128545077537522,0.0714340292332042,0.968020630812346,-0.0523244117609651,0.236285155809387,0.0660873618755563,0.988114760326487,-0.0447500048414688,0.128545077537522,0.0714340292332042,0.988114760326487,-0.0447500048414688,0.128545077537522,0.0714340292332042,0.988111320653404,-0.0447548525478359,0.128549823856384,0.0714700213830914,0.988111320653404,-0.0447548525478359,0.128549823856384,0.0714700213830914,0.98811410957486,-0.044750942344591,0.128545919018908,0.0714409288988952,0.988114760326487,-0.0447500048414688,0.128545077537522,0.0714340292332042,0.988111320653404,-0.0447548525478359,0.128549823856384,0.0714700213830914,0.988111320653404,-0.0447548525478359,0.128549823856384,0.0714700213830914,0.98811410957486,-0.044750942344591,0.128545919018908,0.0714409288988952,0.992407734872283,-0.0448113390411258,-0.00750781900354529,0.11429113838271,0.931821414149936,-0.222544594050599,0.187080206508123,0.217218213148312,0.923160509059354,-0.191608924641578,0.263803050952414,0.203638515068177,0.96010655362896,-0.127356093728067,-0.00357503248198105,0.248923783941595,0.990784808848044,-0.0316468178294347,0.0188530578095084,0.130339954305836,0.984554750248765,-0.0313844757161845,0.0761460791413688,0.154495090789348,0.993488820483256,-0.0208580544318478,-0.00947315900774115,0.111602707845834,0.993488820483256,-0.0208580544318478,-0.00947315900774115,0.111602707845834
1145,1915,0.988153057168367,-0.0446338532765235,0.128611524136267,0.0708549970704016,0.988153057168367,-0.0446338532765235,0.128611524136267,0.0708549970704016,0.993412429436332,-0.0409751434713481,0.0782248910082255,0.0730318361104203,0.9934164626085,-0.0409713767581953,0.0781736550908099,0.0730339493297115,0.988153057168367,-0.0446338532765235,0.128611524136267,0.0708549970704016,0.968051398645237,-0.0521453717874271,0.236355406354166,0.0655245882803383,0.988153057168367,-0.0446338532765235,0.128611524136267,0.0708549970704016,0.988153057168367,-0.0446338532765235,0.128611524136267,0.0708549970704016,0.988150979693432,-0.0446399036628627,0.128608440339127,0.0708857489585782,0.988150979693432,-0.0446399036628627,0.128608440339127,0.0708857489585782,0.988152669467222,-0.0446350242474415,0.128610868316052,0.070860856516303,0.988153057168367,-0.0446338532765235,0.128611524136267,0.0708549970704016,0.988150979693432,-0.0446399036628627,0.128608440339127,0.0708857489585782,0.988150979693432,-0.0446399036628627,0.128608440339127,0.0708857489585782,0.988152669467222,-0.0446350242474415,0.128610868316052,0.070860856516303,0.992416289899574,-0.0436395283204107,-0.0132144012804619,0.114152874290298,0.930830786381188,-0.227815739548486,0.189785809394477,0.213624395824631,0.918366179556338,-0.199164779154009,0.272765355100149,0.206242604834018,0.957947222564237,-0.135270585615822,0.0115973047420081,0.252793374065339,0.990725580477041,-0.0324233183609041,0.0196249033716408,0.13048530868474,0.98456130264286,-0.0322035319271796,0.0765352418152775,0.15409195511086,0.99348517206484,-0.0210208328068629,-0.00943233636026514,0.111608102332181,0.99348517206484,-0.0210208328068629,-0.00943233636026514,0.111608102332181
1146,1916,0.988176877964761,-0.0444609990477979,0.128725741492288,0.0704227299722866,0.988176877964762,-0.0444609990477979,0.128725741492288,0.0704227299722866,0.993442024262993,-0.0408244815252745,0.0783377501283363,0.0725913427432666,0.993446063255896,-0.040820737531019,0.0782865126844005,0.0725934481926677,0.988176877964761,-0.0444609990477979,0.128725741492288,0.0704227299722866,0.968062531672811,-0.0519260902993581,0.236471548897854,0.0651139192438973,0.988176877964761,-0.0444609990477979,0.128725741492288,0.0704227299722866,0.988176877964761,-0.0444609990477979,0.128725741492288,0.0704227299722866,0.988175589172463,-0.0444699445543555,0.128719877231775,0.0704458813588431,0.988175589172463,-0.0444699445543555,0.128719877231775,0.0704458813588431,0.98817663703427,-0.0444627393518069,0.128724592910871,0.0704271113201744,0.988176877964761,-0.0444609990477979,0.128725741492288,0.0704227299722866,0.988175589172463,-0.0444699445543555,0.128719877231775,0.0704458813588431,0.988175589172463,-0.0444699445543555,0.128719877231775,0.0704458813588431,0.98817663703427,-0.0444627393518069,0.128724592910871,0.0704271113201744,0.992417803089882,-0.0424065564996527,-0.0188924555264467,0.113805374215259,0.929838157672072,-0.232717140222298,0.192109286962366,0.210565322516729,0.913381973345255,-0.20650275485697,0.281839750266888,0.208940992086065,0.955440762944076,-0.14352214969382,0.0288655948737347,0.256322294162431,0.990685496295767,-0.0331891020542303,0.020459953865806,0.130468851538799,0.984583142843767,-0.032994349301848,0.076865397439615,0.15362004562715,0.993482563173598,-0.021217250172232,-0.00941993374431285,0.111595205154172,0.993482563173598,-0.021217250172232,-0.00941993374431285,0.111595205154172
1147,1917,0.988183338326938,-0.0442849471912868,0.128879386370794,0.0701615070674802,0.988183338326938,-0.0442849471912868,0.128879386370794,0.0701615070674802,0.993456284896365,-0.040661933186766,0.0784908681197892,0.0723215100176297,0.993460331786397,-0.0406582031095037,0.0784396299401494,0.0723236070838663,0.988183338326938,-0.0442849471912868,0.128879386370794,0.0701615070674802,0.968052079231721,-0.0517224150942044,0.23662497390053,0.0648736109565203,0.988183338326938,-0.0442849471912868,0.128879386370794,0.0701615070674802,0.988183338326938,-0.0442849471912868,0.128879386370794,0.0701615070674802,0.988182954168903,-0.0442941972075307,0.128871411344005,0.0701757260166608,0.988182954168903,-0.0442941972075307,0.128871411344005,0.0701757260166608,0.988183271931131,-0.0442867251405853,0.128877838516647,0.0701641631538789,0.988183338326938,-0.0442849471912868,0.128879386370794,0.0701615070674802,0.988182954168903,-0.0442941972075307,0.128871411344005,0.0701757260166608,0.988182954168903,-0.0442941972075307,0.128871411344005,0.0701757260166608,0.988183271931131,-0.0442867251405853,0.128877838516647,0.0701641631538789,0.992433937235267,-0.0408972564326449,-0.0245319033117547,0.113139207880782,0.928854540126143,-0.23709681718654,0.193979811653121,0.208293483426831,0.908268614788428,-0.213446043052048,0.29093319810046,0.211770593659208,0.952598226134323,-0.151480617448504,0.0463747984619892,0.259729898492203,0.990660785883072,-0.0339745211794506,0.0213124173310683,0.13031776583286,0.984614141963303,-0.0337557524098499,0.0771437041601352,0.153115608393028,0.993478211456433,-0.0214582603941705,-0.00943721389618826,0.111586403365569,0.993478211456433,-0.0214582603941705,-0.00943721389618826,0.111586403365569
1148,1918,0.988168553904539,-0.0441497824501839,0.129101212957663,0.0700470027672389,0.988168553904539,-0.0441497824501839,0.129101212957663,0.0700470027672389,0.99345279336602,-0.0405327625160554,0.0787131594219209,0.0722002842784514,0.993456851720857,-0.0405290386912515,0.0786619214220632,0.0722023746827981,0.988168553904539,-0.0441497824501839,0.129101212957663,0.0700470027672389,0.968013022599389,-0.0515754927474852,0.236843835028322,0.0647746434565736,0.988168553904539,-0.0441497824501839,0.129101212957663,0.0700470027672389,0.988168553904539,-0.0441497824501839,0.129101212957663,0.0700470027672389,0.988169276040339,-0.0441570032829929,0.129089723154115,0.0700534390802666,0.988169276040339,-0.0441570032829929,0.129089723154115,0.0700534390802666,0.988168701488803,-0.0441511518951567,0.129098979266003,0.0700481743997589,0.988168553904539,-0.0441497824501839,0.129101212957663,0.0700470027672389,0.988169276040339,-0.0441570032829929,0.129089723154115,0.0700534390802666,0.988169276040339,-0.0441570032829929,0.129089723154115,0.0700534390802666,0.988168701488803,-0.0441511518951567,0.129098979266003,0.0700481743997589,0.992463500106114,-0.0389862224862338,-0.0301049780629844,0.112205016417282,0.92785977753786,-0.240963254035679,0.195464403128985,0.206897584667777,0.903499368218348,-0.219560169524916,0.299115751947273,0.214504057127728,0.949623519707067,-0.158817074670141,0.0632179741299607,0.262670507212523,0.990640950290073,-0.0347912687166272,0.0221658508918776,0.130110531025386,0.984651322269936,-0.0344639624569888,0.0773869914333877,0.152595092977197,0.993476447129989,-0.0217076113567835,-0.00945187271698749,0.11155263649642,0.993476447129989,-0.0217076113567835,-0.00945187271698749,0.11155263649642
1149,1919,0.988134840270272,-0.044118507655387,0.129363738608885,0.0700579607142325,0.988134840270272,-0.044118507655387,0.129363738608885,0.0700579607142325,0.993432465515028,-0.0405009712271729,0.0789770592232838,0.0722096386006127,0.993436537480675,-0.0404972469199569,0.0789258222714955,0.0722117273652932,0.988134840270272,-0.044118507655387,0.129363738608885,0.0700579607142325,0.967950681565599,-0.0515456105620408,0.237101070177925,0.0647889698093882,0.988134840270272,-0.044118507655387,0.129363738608885,0.0700579607142325,0.988134840270272,-0.044118507655387,0.129363738608885,0.0700579607142325,0.988136563883982,-0.0441204325182835,0.129350038074918,0.0700577347619354,0.988136563883982,-0.0441204325182835,0.129350038074918,0.0700577347619354,0.988135179236617,-0.044118834113601,0.12936109106179,0.0700578628761959,0.988134840270272,-0.044118507655387,0.129363738608885,0.0700579607142325,0.988136563883982,-0.0441204325182835,0.129350038074918,0.0700577347619354,0.988136563883982,-0.0441204325182835,0.129350038074918,0.0700577347619354,0.988135179236617,-0.044118834113601,0.12936109106179,0.0700578628761959,0.992484517539615,-0.0366020866345757,-0.0355544184131423,0.111223437410722,0.926823464588037,-0.244286417051346,0.196641168293119,0.206530053177644,0.899550883132886,-0.224420776076629,0.305790248254766,0.216646827791912,0.946872006550297,-0.165126837134037,0.0783126457494539,0.264638735609971,0.990619956334834,-0.0356140527153805,0.0229420339391869,0.129913064928404,0.984690917124805,-0.0351082203939775,0.0776239324256768,0.152071482229417,0.99347390072305,-0.0219564681598858,-0.00949152704517872,0.11152323974143,0.99347390072305,-0.0219564681598858,-0.00949152704517872,0.11152323974143
1150,1920,0.988108578342142,-0.0441779693930251,0.129703103815504,0.0697628073374668,0.988108578342142,-0.0441779693930251,0.129703103815504,0.0697628073374668,0.993423484920181,-0.0405753565608541,0.0793173205658555,0.0719178886456988,0.993427574435014,-0.0405716473007097,0.079266084076794,0.0719199812472333,0.988108578342142,-0.0441779693930251,0.129703103815504,0.0697628073374668,0.967887308421287,-0.0515722980269739,0.237435498461586,0.0644890715045004,0.988108578342142,-0.0441779693930251,0.129703103815504,0.0697628073374668,0.988108578342142,-0.0441779693930251,0.129703103815504,0.0697628073374668,0.988109982681975,-0.0441750927755359,0.129685451192391,0.0697775540666571,0.988109982681975,-0.0441750927755359,0.129685451192391,0.0697775540666571,0.988108845369603,-0.0441773780857474,0.129699683821542,0.0697657579648655,0.988108578342142,-0.0441779693930251,0.129703103815504,0.0697628073374668,0.988109982681975,-0.0441750927755359,0.129685451192391,0.0697775540666571,0.988109982681975,-0.0441750927755359,0.129685451192391,0.0697775540666571,0.988108845369603,-0.0441773780857474,0.129699683821542,0.0697657579648655,0.992453543238211,-0.0335863534900265,-0.0409947460171764,0.11057735831603,0.925804935994732,-0.246887506451693,0.197741570703886,0.206954224072415,0.896169787217438,-0.22841365888877,0.311322085078348,0.218598884384542,0.944408530363101,-0.1701348043632,0.0901901100802457,0.266481556895439,0.990601393839898,-0.0364704507860492,0.0237181426061837,0.129677424609018,0.984743319022651,-0.0357104578840639,0.0778899094775124,0.151454682461617,0.993473786487565,-0.0222085967708563,-0.0095585009955911,0.111468600288371,0.993473786487565,-0.0222085967708563,-0.0095585009955911,0.111468600288371
1151,1921,0.988068496362479,-0.0441780460621404,0.129947110087324,0.0698762858348478,0.98806849636248,-0.0441780460621404,0.129947110087324,0.0698762858348478,0.993395855752071,-0.0405696658676831,0.0795630485757576,0.0720312243914158,0.993399957940503,-0.0405659507621904,0.0795118135113594,0.0720333166992989,0.988068496362479,-0.0441780460621404,0.129947110087324,0.0698762858348478,0.967820671415024,-0.0515848367696435,0.237673626862196,0.064601855169888,0.988068496362479,-0.0441780460621404,0.129947110087324,0.0698762858348478,0.988068496362479,-0.0441780460621404,0.129947110087324,0.0698762858348478,0.988070572554478,-0.0441778984816869,0.129934027389127,0.0698713493790433,0.988070572554478,-0.0441778984816869,0.129934027389127,0.0698713493790433,0.988068900219693,-0.0441780393987916,0.129944635872919,0.0698751805820981,0.988068496362479,-0.0441780460621404,0.129947110087324,0.0698762858348478,0.988070572554478,-0.0441778984816869,0.129934027389127,0.0698713493790433,0.988070572554478,-0.0441778984816869,0.129934027389127,0.0698713493790433,0.988068900219693,-0.0441780393987916,0.129944635872919,0.0698751805820981,0.992365850734706,-0.0303840054079479,-0.0460826205861665,0.110287001005852,0.924589192631079,-0.249362503315858,0.198545995266135,0.208644804808647,0.893564279604391,-0.230516528632619,0.315799978126264,0.220624980584032,0.94261228652344,-0.172601957848928,0.0983301849104075,0.268368806267149,0.990564230383299,-0.0372659098281552,0.0243993449342687,0.129608755169556,0.984766148191591,-0.0362509942750025,0.0781122606294653,0.151062813191484,0.993467716366703,-0.0224572537037935,-0.00961933457124747,0.111467648650274,0.993467716366703,-0.0224572537037935,-0.00961933457124747,0.111467648650274
1152,1922,0.988043919855454,-0.0441248527054684,0.130059081578049,0.0700488765753238,0.988043919855454,-0.0441248527054684,0.130059081578049,0.0700488765753238,0.993377001678579,-0.0405077697563823,0.0796761244058252,0.0722008886725652,0.993381109698986,-0.0405040459004398,0.0796248903136862,0.0722029777878953,0.988043919855454,-0.0441248527054684,0.130059081578049,0.0700488765753238,0.967783946533598,-0.0515509195855521,0.237782221993381,0.0647792437870972,0.988043919855454,-0.0441248527054684,0.130059081578049,0.0700488765753238,0.988043919855454,-0.0441248527054684,0.130059081578049,0.0700488765753238,0.988045253679644,-0.0441275050474112,0.130052829025091,0.0700400002997471,0.988045253679644,-0.0441275050474112,0.130052829025091,0.0700400002997471,0.988044169887602,-0.0441253845826105,0.130057937151067,0.0700471396315781,0.988043919855454,-0.0441248527054684,0.130059081578049,0.0700488765753238,0.988045253679644,-0.0441275050474112,0.130052829025091,0.0700400002997471,0.988045253679644,-0.0441275050474112,0.130052829025091,0.0700400002997471,0.988044169887602,-0.0441253845826105,0.130057937151067,0.0700471396315781,0.992201263527411,-0.0269736283098566,-0.0509229772736739,0.110525682155757,0.923372035624222,-0.251259422677811,0.199072332366425,0.211241550905559,0.892583228184264,-0.228579776104047,0.317851477181472,0.223644595673443,0.941708082947882,-0.171146600922405,0.104500082741168,0.27013785408643,0.990508205279477,-0.038023983964009,0.0250146617405754,0.129699416404003,0.984779123572876,-0.0367145419905057,0.0783168510306214,0.150760044528096,0.993461135684193,-0.0226803370830101,-0.00967227951603367,0.111476550017661,0.993461135684193,-0.0226803370830101,-0.00967227951603367,0.111476550017661
1153,1923,0.988039733576237,-0.0439753747502578,0.130030878958131,0.0702539807238584,0.988039733576237,-0.0439753747502578,0.130030878958131,0.0702539807238584,0.993371387481072,-0.0403480610617287,0.0796481709893923,0.0723981309187805,0.993375494059774,-0.0403443270331171,0.0795969371868459,0.0724002117967812,0.988039733576237,-0.0439753747502578,0.130030878958131,0.0702539807238584,0.967782882869885,-0.0514248709286052,0.237753730216964,0.0649995233978694,0.988039733576237,-0.0439753747502578,0.130030878958131,0.0702539807238584,0.988039733576237,-0.0439753747502578,0.130030878958131,0.0702539807238584,0.988040011210969,-0.0439829813377311,0.130031976675949,0.070243281818398,0.988040011210969,-0.0439829813377311,0.130031976675949,0.070243281818398,0.98803977826233,-0.0439768748629728,0.130031149582568,0.070251912335878,0.988039733576237,-0.0439753747502578,0.130030878958131,0.0702539807238584,0.988040011210969,-0.0439829813377311,0.130031976675949,0.070243281818398,0.988040011210969,-0.0439829813377311,0.130031976675949,0.070243281818398,0.98803977826233,-0.0439768748629728,0.130031149582568,0.070251912335878,0.991962390421665,-0.0234751375330512,-0.055530853142124,0.111246834813624,0.922396867918036,-0.252254810019912,0.198971028236995,0.214387636768373,0.892641628722499,-0.227847187309957,0.314318067393167,0.229086739941032,0.939502205713346,-0.172889579396833,0.113756451587983,0.27295470048683,0.990426667200856,-0.0387318608436897,0.0255638643229866,0.13000518718061,0.984771604763203,-0.037123247476159,0.0785158384433816,0.150605491475119,0.993456044245507,-0.0228819607291255,-0.00971699400890323,0.111476831910009,0.993456044245507,-0.0228819607291255,-0.00971699400890323,0.111476831910009
1154,1924,0.988048520955961,-0.0438208659020611,0.129892721194365,0.0704821461723062,0.988048520955961,-0.0438208659020611,0.129892721194365,0.0704821461723062,0.993373141979154,-0.0401821559421316,0.0795097451700251,0.072618148980148,0.993377241418463,-0.0401784105661835,0.0794585112771737,0.0726202213012048,0.988048520955961,-0.0438208659020611,0.129892721194365,0.0704821461723062,0.967806789982095,-0.0512963544684428,0.237617373201314,0.0652432773219481,0.988048520955961,-0.0438208659020611,0.129892721194365,0.0704821461723062,0.988048520955961,-0.0438208659020611,0.129892721194365,0.0704821461723062,0.988048097881074,-0.043828971780974,0.129899684285703,0.0704702031264923,0.988048097881074,-0.043828971780974,0.129899684285703,0.0704702031264923,0.988048434001407,-0.043822426012646,0.129894105540371,0.0704798438676022,0.988048520955961,-0.0438208659020611,0.129892721194365,0.0704821461723062,0.988048097881074,-0.043828971780974,0.129899684285703,0.0704702031264923,0.988048097881074,-0.043828971780974,0.129899684285703,0.0704702031264923,0.988048434001407,-0.043822426012646,0.129894105540371,0.0704798438676022,0.991648735186455,-0.0201029430432863,-0.0599314478928444,0.11241387475561,0.921807498639147,-0.252179077621463,0.198058479697997,0.217829031312048,0.895431423243161,-0.224105268731199,0.306179749438197,0.232880561296146,0.938402439977907,-0.173390821083851,0.122247017717491,0.272749244667256,0.990318063993907,-0.0394036806297064,0.0260781061015219,0.130527447160936,0.9847361567549,-0.0374689808458006,0.0787481292872262,0.150630372726512,0.993448788381737,-0.0230919883188391,-0.00977847238866215,0.111492808808858,0.993448788381737,-0.0230919883188391,-0.00977847238866215,0.111492808808858
1155,1925,0.988060844224154,-0.0437403927706747,0.129696068643801,0.0707211137473279,0.988060844224154,-0.0437403927706747,0.129696068643801,0.0707211137473279,0.993375454943805,-0.0400896418717462,0.0793127204538679,0.0728527178902099,0.993379544221448,-0.0400858843978957,0.079261486441986,0.0728547854394886,0.988060844224154,-0.0437403927706747,0.129696068643801,0.0707211137473279,0.967840635661728,-0.0512426122165693,0.237423263545314,0.0654896372154991,0.988060844224154,-0.0437403927706747,0.129696068643801,0.0707211137473279,0.988060844224154,-0.0437403927706747,0.129696068643801,0.0707211137473279,0.988060209545184,-0.0437448218380626,0.129706249772385,0.0707085684048823,0.988060209545184,-0.0437448218380626,0.129706249772385,0.0707085684048823,0.98806072063211,-0.0437412131256941,0.12969804907977,0.0707187010850056,0.988060844224154,-0.0437403927706747,0.129696068643801,0.0707211137473279,0.988060209545184,-0.0437448218380626,0.129706249772385,0.0707085684048823,0.988060209545184,-0.0437448218380626,0.129706249772385,0.0707085684048823,0.98806072063211,-0.0437412131256941,0.12969804907977,0.0707187010850056,0.99125914052394,-0.0169955885755047,-0.0641959607650729,0.113997126797833,0.921655030802378,-0.250944729223584,0.196377335665853,0.22139261303926,0.899647462698758,-0.217388895640185,0.298768568559947,0.232623845193628,0.940020640409075,-0.169241341395398,0.122431247255694,0.26968343231095,0.990179854810666,-0.0400973459613767,0.0265193939001828,0.13127368251538,0.984681279313391,-0.0377609488412645,0.0789820739926344,0.150793636802661,0.993444301846691,-0.0233026951974634,-0.00979172010593398,0.111487782928197,0.993444301846691,-0.0233026951974634,-0.00979172010593398,0.111487782928197
1156,1926,0.988070777468543,-0.0437892993512732,0.1294602342185,0.0709836863731775,0.988070777468543,-0.0437892993512732,0.1294602342185,0.0709836863731775,0.993373389651664,-0.0401251406478672,0.0790766859647147,0.073117436749314,0.993377466755696,-0.040121369520943,0.0790254520596653,0.0731195061291103,0.988070777468542,-0.0437892993512732,0.1294602342185,0.0709836863731775,0.967876408841389,-0.0513200594560539,0.237189946539679,0.0657452505222099,0.988070777468542,-0.0437892993512732,0.1294602342185,0.0709836863731775,0.988070777468542,-0.0437892993512732,0.1294602342185,0.0709836863731775,0.988070252317886,-0.0437870756193966,0.129472535421716,0.0709699307076072,0.988070252317886,-0.0437870756193966,0.129472535421716,0.0709699307076072,0.988070677532021,-0.0437888185170092,0.12946261244995,0.070981036565631,0.988070777468542,-0.0437892993512732,0.1294602342185,0.0709836863731775,0.988070252317886,-0.0437870756193966,0.129472535421716,0.0709699307076072,0.988070252317886,-0.0437870756193966,0.129472535421716,0.0709699307076072,0.988070677532021,-0.0437888185170092,0.12946261244995,0.070981036565631,0.990799814513821,-0.0142406786031153,-0.068365265261693,0.115927223455061,0.921999570405232,-0.248485166867373,0.193882795248249,0.224903036276053,0.903058449388273,-0.213760810227152,0.2895018676086,0.234479043094714,0.940959263240384,-0.166850368673676,0.117989657523579,0.269879714156214,0.990007254523932,-0.040857348121576,0.0269165904783464,0.132256607590998,0.984611513055958,-0.0380312208768096,0.0792237866946828,0.151054249255135,0.993437302646922,-0.0234924673100439,-0.0097910936572179,0.111510376980316,0.993437302646922,-0.0234924673100439,-0.0097910936572179,0.111510376980316
1157,1927,0.988061654762565,-0.043992351844963,0.129269641798778,0.0713316134419194,0.988061654762565,-0.0439923518449631,0.129269641798778,0.0713316134419194,0.993354592347882,-0.0403102482065413,0.0788868034863486,0.0734752338315807,0.993358659658642,-0.0403064586257821,0.0788355705510334,0.0734773127579292,0.988061654762564,-0.0439923518449631,0.129269641798778,0.0713316134419194,0.967888272728746,-0.0515600940786151,0.23699950509882,0.0660687732267127,0.988061654762564,-0.0439923518449631,0.129269641798778,0.0713316134419194,0.988061654762564,-0.0439923518449631,0.129269641798778,0.0713316134419194,0.988062089666686,-0.0439820882571115,0.12927978713789,0.0713135296674288,0.988062089666686,-0.0439820882571115,0.12927978713789,0.0713135296674288,0.988061745976509,-0.0439903165555267,0.129271571634386,0.0713281077442392,0.988061654762564,-0.0439923518449631,0.129269641798778,0.0713316134419194,0.988062089666686,-0.0439820882571115,0.12927978713789,0.0713135296674288,0.988062089666686,-0.0439820882571115,0.12927978713789,0.0713135296674288,0.988061745976509,-0.0439903165555267,0.129271571634386,0.0713281077442392,0.990284248652685,-0.0118332260567577,-0.0725014643550988,0.118070399753041,0.922841270644911,-0.244878207009224,0.1904865036558,0.228283912817839,0.906336023881092,-0.211170840112812,0.279168427961555,0.236699972393189,0.941920529905105,-0.164779164880535,0.110298298710355,0.271049492650624,0.989805440278841,-0.0416807326307667,0.0273148369183394,0.133423411011327,0.984534144593685,-0.0382121986028387,0.0794389176398043,0.151399486033917,0.993434105256172,-0.0236398270506723,-0.0097490212247191,0.111511406035645,0.993434105256172,-0.0236398270506723,-0.0097490212247191,0.111511406035645
1158,1928,0.988026061824971,-0.0443694991635451,0.129185848922241,0.0717416555207275,0.988026061824971,-0.0443694991635451,0.129185848922241,0.0717416555207275,0.99331478684187,-0.0406660687661454,0.0788049278180714,0.0739039135904567,0.993318849929899,-0.0406622570755095,0.0787536969358568,0.0739060108678836,0.988026061824971,-0.0443694991635451,0.129185848922241,0.0717416555207275,0.967862097463165,-0.0519799921066735,0.236912310151509,0.0664349156202423,0.988026061824971,-0.0443694991635451,0.129185848922241,0.0717416555207275,0.988026061824971,-0.0443694991635451,0.129185848922241,0.0717416555207275,0.988027871277632,-0.0443501289790906,0.129190546887211,0.0717202498121198,0.988027871277632,-0.0443501289790906,0.129190546887211,0.0717202498121198,0.98802642024828,-0.0443657074082936,0.129186706356228,0.0717375201575941,0.988026061824971,-0.0443694991635451,0.129185848922241,0.0717416555207275,0.988027871277632,-0.0443501289790906,0.129190546887211,0.0717202498121198,0.988027871277632,-0.0443501289790906,0.129190546887211,0.0717202498121198,0.98802642024828,-0.0443657074082936,0.129186706356228,0.0717375201575941,0.989745089892213,-0.00974068423303064,-0.0765847448262636,0.120185493986686,0.924132013425297,-0.240291966661629,0.186218672576105,0.231435516946699,0.911459906390264,-0.204569509024806,0.268422168961388,0.235248154573986,0.944773317518064,-0.159191230293941,0.101059389730964,0.268045761859086,0.989573296152026,-0.0425275516937235,0.0277361496202905,0.134784290234406,0.984447254893317,-0.0383938768403955,0.0796511123696668,0.1518064980574,0.993429037347725,-0.023758866931233,-0.00973778735242489,0.111532235223718,0.993429037347725,-0.023758866931233,-0.00973778735242489,0.111532235223718
1159,1929,0.987961738351099,-0.0448929487058898,0.129288090499686,0.0721166857648791,0.987961738351099,-0.0448929487058898,0.129288090499686,0.0721166857648791,0.993255742667796,-0.0411697818729206,0.0789103063498378,0.0743050622081438,0.993259811190861,-0.0411659494921458,0.0788590785127201,0.0743071854643283,0.987961738351099,-0.0448929487058898,0.129288090499686,0.0721166857648791,0.967786934604741,-0.052541462300328,0.23700686909695,0.0667501906256693,0.987961738351099,-0.0448929487058898,0.129288090499686,0.0721166857648791,0.987961738351099,-0.0448929487058898,0.129288090499686,0.0721166857648791,0.987965055924981,-0.0448658082139847,0.129283214748669,0.0720968647633494,0.987965055924981,-0.0448658082139847,0.129283214748669,0.0720968647633494,0.987962387303376,-0.0448876763894658,0.129287076937343,0.0721128942642487,0.987961738351099,-0.0448929487058898,0.129288090499686,0.0721166857648791,0.987965055924981,-0.0448658082139847,0.129283214748669,0.0720968647633494,0.987965055924981,-0.0448658082139847,0.129283214748669,0.0720968647633494,0.987962387303376,-0.0448876763894658,0.129287076937343,0.0721128942642487,0.989210347115628,-0.00779831725909189,-0.0805398223785903,0.122128671566225,0.925885018411909,-0.234822595217412,0.18105245952027,0.234126650250243,0.917425200156588,-0.195978716139024,0.256780192947974,0.232351624585984,0.948385917779429,-0.151769839728237,0.0903837171753007,0.263364481994273,0.98933592620547,-0.0433637176165719,0.0281906334032881,0.136159102897886,0.984351444424871,-0.038523965031896,0.0798755231214087,0.152276192436545,0.993424776692863,-0.0238560435968735,-0.00974339985019649,0.111548950671899,0.993424776692863,-0.0238560435968735,-0.00974339985019649,0.111548950671899
1160,1930,0.987872055655912,-0.0454496588044507,0.129600281651392,0.0724354689679149,0.987872055655912,-0.0454496588044507,0.129600281651392,0.0724354689679149,0.993182042210555,-0.0417095711696928,0.0792266519577125,0.074651726858011,0.993186127049423,-0.0417057209087728,0.0791754279213173,0.0746538779536756,0.987872055655912,-0.0454496588044507,0.129600281651392,0.0724354689679149,0.967663508648145,-0.0531298146498036,0.237307322644537,0.0670059060480512,0.987872055655912,-0.0454496588044507,0.129600281651392,0.0724354689679149,0.987872055655912,-0.0454496588044507,0.129600281651392,0.0724354689679149,0.98787671891912,-0.0454204668817565,0.129584430042963,0.0724185397276,0.98787671891912,-0.0454204668817565,0.129584430042963,0.0724185397276,0.987872961545252,-0.0454440390981759,0.129597149941504,0.0724322434092443,0.987872055655912,-0.0454496588044507,0.129600281651392,0.0724354689679149,0.98787671891912,-0.0454204668817565,0.129584430042963,0.0724185397276,0.98787671891912,-0.0454204668817565,0.129584430042963,0.0724185397276,0.987872961545252,-0.0454440390981759,0.129597149941504,0.0724322434092443,0.98870220660155,-0.00584510792929509,-0.0842655913586185,0.123826860928896,0.928086166717228,-0.228519505166353,0.174978245392433,0.236257310037239,0.922997282365925,-0.188329782189236,0.243572985493907,0.230824848366154,0.951346498492772,-0.14513781774542,0.0786868624539037,0.260160011037054,0.989108858165631,-0.0441429771116056,0.0286480877928601,0.137456725320439,0.984261888041741,-0.0386561951707314,0.0801053569175178,0.152700249235382,0.993422214997047,-0.0239192701335341,-0.00972438143797397,0.111559883794721,0.993422214997047,-0.0239192701335341,-0.00972438143797397,0.111559883794721
1161,1931,0.987767729616055,-0.0459308190699686,0.130060916743755,0.0727284684595993,0.987767729616055,-0.0459308190699686,0.130060916743755,0.0727284684595993,0.993101261627377,-0.0421752186596044,0.0796919938839239,0.0749688014838952,0.993105370466628,-0.0421713520447602,0.0796407740132145,0.0749709765951733,0.987767729616055,-0.0459308190699686,0.130060916743755,0.0727284684595993,0.967509225378377,-0.0536402425123473,0.237753714046312,0.0672442908218512,0.987767729616055,-0.0459308190699686,0.130060916743755,0.0727284684595993,0.987767729616055,-0.0459308190699686,0.130060916743755,0.0727284684595993,0.98777319305031,-0.0459053021075647,0.130037094245619,0.0727129730499583,0.98777319305031,-0.0459053021075647,0.130037094245619,0.0727129730499583,0.987768784628834,-0.0459259513950454,0.13005627942995,0.0727255064071358,0.987767729616055,-0.0459308190699686,0.130060916743755,0.0727284684595993,0.98777319305031,-0.0459053021075647,0.130037094245619,0.0727129730499583,0.98777319305031,-0.0459053021075647,0.130037094245619,0.0727129730499583,0.987768784628834,-0.0459259513950454,0.13005627942995,0.0727255064071358,0.988227052243194,-0.00379186651609101,-0.0876949582868537,0.125309653475375,0.93069841045648,-0.221337658941303,0.168103412080262,0.237805282437415,0.928224475233569,-0.181347396991572,0.229263750979817,0.230109925184493,0.953835247428358,-0.1390237999375,0.0660368434985527,0.257895015684618,0.98889990874249,-0.0448906044409376,0.0291090764066586,0.138616253710642,0.984191947474422,-0.038784757780745,0.0803455483812168,0.15299198000456,0.993419696603357,-0.0239805740057273,-0.00969395256994375,0.111571796411207,0.993419696603357,-0.0239805740057273,-0.00969395256994375,0.111571796411207
1162,1932,0.987660246451923,-0.0462833399512087,0.130559236561342,0.0730710323589817,0.987660246451923,-0.0462833399512087,0.130559236561342,0.0730710323589817,0.993019243232575,-0.04250987401772,0.0801951322884269,0.0753288386877435,0.993023378021586,-0.0425059888333062,0.0801439166471938,0.075331031058584,0.987660246451923,-0.0462833399512087,0.130559236561342,0.0730710323589817,0.967347665435546,-0.0540282524150211,0.238237215500337,0.0675460677465778,0.987660246451923,-0.0462833399512087,0.130559236561342,0.0730710323589817,0.987660246451923,-0.0462833399512087,0.130559236561342,0.0730710323589817,0.98766590683635,-0.0462644386690084,0.130533131168752,0.0730531303576599,0.98766590683635,-0.0462644386690084,0.130533131168752,0.0730531303576599,0.987661334336232,-0.0462797661826109,0.130554207320399,0.0730675772843095,0.987660246451923,-0.0462833399512087,0.130559236561342,0.0730710323589817,0.98766590683635,-0.0462644386690084,0.130533131168752,0.0730531303576599,0.98766590683635,-0.0462644386690084,0.130533131168752,0.0730531303576599,0.987661334336232,-0.0462797661826109,0.130554207320399,0.0730675772843095,0.987780981879987,-0.00163359049064913,-0.0907932843747075,0.126659554439338,0.93363158223048,-0.213250420284022,0.160509447063514,0.238941508143443,0.93354021286837,-0.173599881417705,0.214534803731083,0.228780615694391,0.956433228313461,-0.132128646036454,0.0525165767367451,0.254989234757703,0.988723979993554,-0.0455730230778671,0.0295511568880742,0.139551854447824,0.984141068767019,-0.0389524724488698,0.0806350948432655,0.153124273503081,0.993418028810817,-0.024024899351129,-0.00965120473875258,0.111580815967141,0.993418028810817,-0.024024899351129,-0.00965120473875258,0.111580815967141
1163,1933,0.987558893394372,-0.0465053345209942,0.130967035462969,0.0735684821157538,0.987558893394372,-0.0465053345209942,0.130967035462969,0.0735684821157538,0.992938746521356,-0.04270630005385,0.0806075552096208,0.0758369279140188,0.992942902581422,-0.0427023886641829,0.080556343719503,0.0758391304149686,0.987558893394372,-0.0465053345209942,0.130967035462969,0.0735684821157537,0.967202139788548,-0.0543035355510526,0.23863141680996,0.068016128428345,0.987558893394372,-0.0465053345209942,0.130967035462969,0.0735684821157537,0.987558893394372,-0.0465053345209942,0.130967035462969,0.0735684821157537,0.9875642563417,-0.0464932903053803,0.130945341874212,0.0735427154400191,0.9875642563417,-0.0464932903053803,0.130945341874212,0.0735427154400191,0.98755992016355,-0.046503078948549,0.130962907494144,0.0735634732428212,0.987558893394372,-0.0465053345209942,0.130967035462969,0.0735684821157537,0.9875642563417,-0.0464932903053803,0.130945341874212,0.0735427154400191,0.9875642563417,-0.0464932903053803,0.130945341874212,0.0735427154400191,0.98755992016355,-0.046503078948549,0.130962907494144,0.0735634732428212,0.987355983140406,0.000538572542227787,-0.0935148042276294,0.127995522916733,0.936766598810087,-0.204278431907556,0.152249904152895,0.239913793468833,0.938733358171594,-0.165320583759714,0.199706490169603,0.227081713542436,0.95898295278686,-0.124553340151553,0.0381404801251129,0.251760730649387,0.988590560479914,-0.0461722749475944,0.0299254500813794,0.140218729824516,0.984105170759829,-0.0391673330435812,0.080960884693836,0.153128273207835,0.993419149115064,-0.0240582493101555,-0.00960718003659864,0.111567454498966,0.993419149115064,-0.0240582493101555,-0.00960718003659864,0.111567454498966
1164,1934,0.987478099772407,-0.0465992283319775,0.131142803897742,0.0742770447350979,0.987478099772407,-0.0465992283319775,0.131142803897742,0.0742770447350979,0.99286699030373,-0.0427640615880095,0.0807872026344416,0.0765493467784829,0.992871155629309,-0.0427601134548559,0.0807359948449528,0.0765515522575693,0.987478099772407,-0.0465992283319775,0.131142803897742,0.0742770447350979,0.967102531474664,-0.0544746778139329,0.238797249062005,0.068710093383605,0.987478099772407,-0.0465992283319775,0.131142803897742,0.0742770447350979,0.987478099772407,-0.0465992283319775,0.131142803897742,0.0742770447350979,0.987482421599611,-0.0465939320907043,0.131132932654643,0.0742403293196386,0.987482421599611,-0.0465939320907043,0.131132932654643,0.0742403293196386,0.987478920701396,-0.0465982669666471,0.131141005295435,0.0742699092244839,0.987478099772407,-0.0465992283319775,0.131142803897742,0.0742770447350979,0.987482421599611,-0.0465939320907043,0.131132932654643,0.0742403293196386,0.987482421599611,-0.0465939320907043,0.131132932654643,0.0742403293196386,0.987478920701396,-0.0465982669666471,0.131141005295435,0.0742699092244839,0.986957582814793,0.00266781972238963,-0.0958152265767354,0.129333115706531,0.939967403288856,-0.194424298068555,0.143411329915656,0.241026271445204,0.94372252105803,-0.156642148469934,0.18480762056947,0.225160351638676,0.96135916554801,-0.116566786783184,0.0235501207959765,0.248286388765821,0.988510831468821,-0.046650699639358,0.0301922277843734,0.140564852197819,0.98408420829604,-0.0394472058757372,0.0813243224818747,0.152998508175134,0.993416135482455,-0.0241027340951227,-0.0095625351312496,0.111588520440552,0.993416135482455,-0.0241027340951227,-0.0095625351312496,0.111588520440552
1165,1935,0.987441131683734,-0.046526863594453,0.130994208405567,0.0750718308515854,0.987441131683734,-0.046526863594453,0.130994208405567,0.0750718308515854,0.992822517991513,-0.0426513973340543,0.0806406779835427,0.0773394280351135,0.99282667576006,-0.0426474084521585,0.0805894724879336,0.0773416277024258,0.987441131683734,-0.046526863594453,0.130994208405567,0.0750718308515854,0.967082106187029,-0.0544900365119847,0.238645492455888,0.0695080192802849,0.987441131683734,-0.046526863594453,0.130994208405567,0.0750718308515854,0.987441131683734,-0.046526863594453,0.130994208405567,0.0750718308515854,0.987443212990965,-0.0465302178117853,0.131001146849024,0.0750302570481317,0.987443212990965,-0.0465302178117853,0.131001146849024,0.0750302570481317,0.987441512854443,-0.0465275777828269,0.13099567680982,0.075063811883822,0.987441131683734,-0.046526863594453,0.130994208405567,0.0750718308515854,0.987443212990965,-0.0465302178117853,0.131001146849024,0.0750302570481317,0.987443212990965,-0.0465302178117853,0.131001146849024,0.0750302570481317,0.987441512854443,-0.0465275777828269,0.13099567680982,0.075063811883822,0.986594784900449,0.00467094193803948,-0.0976442997418232,0.130669443392776,0.943118629271692,-0.183714011316125,0.134141146178428,0.242451162234295,0.948607403099763,-0.147171536014761,0.169898553498141,0.22275326101007,0.963656188705534,-0.107981063458103,0.00939540664150208,0.244169134490872,0.988488926508319,-0.046960151932076,0.0303739403404153,0.140576705215143,0.984083232323394,-0.0397587216252906,0.0817129285235451,0.152716840023521,0.99341499354059,-0.0240939546015195,-0.00949459708385127,0.111606382374072,0.99341499354059,-0.0240939546015195,-0.00949459708385127,0.111606382374072
1166,1936,0.987444369504542,-0.0463225663057323,0.130544494142723,0.0759339978774317,0.987444369504542,-0.0463225663057323,0.130544494142723,0.0759339978774317,0.992802896015954,-0.0424035465576293,0.0801913803319089,0.078190097980075,0.992807030611743,-0.0423995138022749,0.080140175848912,0.0781922848632106,0.987444369504542,-0.0463225663057323,0.130544494142723,0.0759339978774317,0.967134713345915,-0.0543816606628743,0.238198854024355,0.07038740772572,0.987444369504542,-0.0463225663057323,0.130544494142723,0.0759339978774317,0.987444369504542,-0.0463225663057323,0.130544494142723,0.0759339978774317,0.987444336734757,-0.0463329500582909,0.130567330094595,0.0758888127547275,0.987444336734757,-0.0463329500582909,0.130567330094595,0.0758888127547275,0.987444345839706,-0.0463246166507909,0.13054900661817,0.0759252963929774,0.987444369504542,-0.0463225663057323,0.130544494142723,0.0759339978774317,0.987444336734757,-0.0463329500582909,0.130567330094595,0.0758888127547275,0.987444336734757,-0.0463329500582909,0.130567330094595,0.0758888127547275,0.987444345839706,-0.0463246166507909,0.13054900661817,0.0759252963929774,0.986278777311643,0.00652654445308082,-0.0989774506640299,0.13196606344891,0.946134163727594,-0.172134583862689,0.12443132120153,0.244369956357051,0.953318320700363,-0.136918699000919,0.154877462632187,0.220114563011068,0.965810803831235,-0.0989786960274918,-0.00351286452997538,0.239583740513322,0.988517430110041,-0.047059853375296,0.0304922912280778,0.140317072177973,0.984099558419537,-0.0401251922360048,0.082086492406768,0.152314923204685,0.993415550564021,-0.0240512238821824,-0.0094020251204489,0.111618477193473,0.993415550564021,-0.0240512238821824,-0.0094020251204489,0.111618477193473
1167,1937,0.987477246865153,-0.0460249854953058,0.129886303008194,0.0768110403824766,0.987477246865153,-0.0460249854953058,0.129886303008194,0.0768110403824766,0.992802279957053,-0.0420617768003876,0.0795323688669977,0.079050883277013,0.992806380563951,-0.0420576996499945,0.079481164416651,0.0790530525320333,0.987477246865153,-0.0460249854953058,0.129886303008194,0.0768110403824766,0.967239676294086,-0.0541821992163004,0.237548254862102,0.0712918263377135,0.987477246865153,-0.0460249854953058,0.129886303008194,0.0768110403824766,0.987477246865153,-0.0460249854953058,0.129886303008194,0.0768110403824766,0.987475634431722,-0.0460403852685753,0.129920358720766,0.0767649315629027,0.987475634431722,-0.0460403852685753,0.129920358720766,0.0767649315629027,0.98747692428051,-0.0460279821070095,0.129892930890938,0.0768021834404638,0.987477246865153,-0.0460249854953058,0.129886303008194,0.0768110403824766,0.987475634431722,-0.0460403852685753,0.129920358720766,0.0767649315629027,0.987475634431722,-0.0460403852685753,0.129920358720766,0.0767649315629027,0.98747692428051,-0.0460279821070095,0.129892930890938,0.0768021834404638,0.986017385343967,0.00828408646295045,-0.0998366298862215,0.133168078171473,0.948925213426094,-0.159687297306664,0.114427494216667,0.246874978421121,0.9577024587325,-0.125778336350461,0.139698780056844,0.217876252706131,0.967726308432287,-0.089456188719752,-0.0146813003396415,0.235133667704333,0.988574932479868,-0.0470293532175054,0.0305997114634104,0.139898178925689,0.984101492406552,-0.0405240027473398,0.0824547553552294,0.151997602493727,0.993411880854655,-0.0240234634084598,-0.00933164480444196,0.111663013518022,0.993411880854655,-0.0240234634084598,-0.00933164480444196,0.111663013518022
1168,1938,0.987519827185626,-0.0456687306232723,0.129165441630015,0.0776868498978731,0.987519827185626,-0.0456687306232723,0.129165441630015,0.0776868498978731,0.992808169259172,-0.0416614714696283,0.0788102750182753,0.0799074552140225,0.992812232623659,-0.0416573501415808,0.0787590702651448,0.0799096038219275,0.987519827185626,-0.0456687306232723,0.129165441630015,0.0776868498978731,0.967361166138283,-0.0539242832069605,0.236836430144914,0.0722014631736172,0.987519827185626,-0.0456687306232723,0.129165441630015,0.0776868498978731,0.987519827185626,-0.0456687306232723,0.129165441630015,0.0776868498978731,0.987517654132946,-0.0456873150522896,0.129203192279657,0.077640756847309,0.987517654132946,-0.0456873150522896,0.129203192279657,0.077640756847309,0.987519405209092,-0.0456723234651282,0.129172717446841,0.077678003785992,0.987519827185626,-0.0456687306232723,0.129165441630015,0.0776868498978731,0.987517654132946,-0.0456873150522896,0.129203192279657,0.077640756847309,0.987517654132946,-0.0456873150522896,0.129203192279657,0.077640756847309,0.987519405209092,-0.0456723234651282,0.129172717446841,0.077678003785992,0.985813661010567,0.00989460862409442,-0.100308296522608,0.134207928729461,0.951528325094239,-0.146557272622422,0.103941059946302,0.249621850890637,0.961586505977864,-0.113846648893796,0.12454402770945,0.216515859046965,0.969318201308818,-0.0793600723489073,-0.0241256694880393,0.231391779456333,0.988635184419329,-0.0469363346975189,0.0307513131606321,0.139469743500941,0.984076898766415,-0.0408956543728553,0.0828516536617895,0.151841385179398,0.993406920907599,-0.0239755291424206,-0.00931271303114895,0.11171900854925,0.993406920907599,-0.0239755291424206,-0.00931271303114895,0.11171900854925
1169,1939,0.98754958259721,-0.0453361410110067,0.128522245068242,0.0785651879201275,0.98754958259721,-0.0453361410110067,0.128522245068242,0.0785651879201275,0.992805197347711,-0.041284672310948,0.0781663974139609,0.0807677551184411,0.992809227503847,-0.0412805066129428,0.0781151928149649,0.08076988429157,0.98754958259721,-0.0453361410110066,0.128522245068242,0.0785651879201275,0.967461379274144,-0.0536901669982385,0.236200391994332,0.0731110142344919,0.98754958259721,-0.0453361410110066,0.128522245068242,0.0785651879201275,0.98754958259721,-0.0453361410110066,0.128522245068242,0.0785651879201275,0.987548020008906,-0.0453537012705827,0.12855629684039,0.078518969047191,0.987548020008906,-0.0453537012705827,0.12855629684039,0.078518969047191,0.987549287296147,-0.045339503133445,0.128528750635861,0.0785563165917832,0.98754958259721,-0.0453361410110066,0.128522245068242,0.0785651879201275,0.987548020008906,-0.0453537012705827,0.12855629684039,0.078518969047191,0.987548020008906,-0.0453537012705827,0.12855629684039,0.078518969047191,0.987549287296147,-0.045339503133445,0.128528750635861,0.0785563165917832,0.98565921710053,0.0112618878598247,-0.100523127101658,0.135071012968388,0.953953139815888,-0.132857601824699,0.0929322129421121,0.252360592150361,0.964809250525996,-0.101338064404677,0.109768757914924,0.216389756199311,0.970501231564975,-0.0686881946921347,-0.0321470005690101,0.228857732653321,0.988669733055328,-0.0468722750738673,0.0309840831989662,0.139194595290281,0.984027930639356,-0.0412229784863642,0.0832749164643529,0.151838684313961,0.993402700714331,-0.0239212337039014,-0.00928649649344948,0.111770343895137,0.993402700714331,-0.0239212337039014,-0.00928649649344948,0.111770343895137
1170,1940,0.987592798866839,-0.0450719508207642,0.127974984564542,0.0790657081248142,0.987592798866839,-0.0450719508207642,0.127974984564542,0.0790657081248142,0.992820544611072,-0.0409953858353697,0.0776176477748928,0.0812542016899856,0.992824546465111,-0.0409911950489895,0.0775664423850826,0.0812563159423524,0.987592798866839,-0.0450719508207642,0.127974984564542,0.0790657081248141,0.967564435869818,-0.0534825434279593,0.235661187911486,0.073637521010312,0.987592798866839,-0.0450719508207642,0.127974984564542,0.0790657081248141,0.987592798866839,-0.0450719508207642,0.127974984564542,0.0790657081248141,0.98759057677014,-0.0450860391137795,0.128004052364817,0.0790383725163802,0.98759057677014,-0.0450860391137795,0.128004052364817,0.0790383725163802,0.987592366877894,-0.045074626486878,0.127980522631026,0.07906061445927,0.987592798866839,-0.0450719508207642,0.127974984564542,0.0790657081248141,0.98759057677014,-0.0450860391137795,0.128004052364817,0.0790383725163802,0.98759057677014,-0.0450860391137795,0.128004052364817,0.0790383725163802,0.987592366877894,-0.045074626486878,0.127980522631026,0.07906061445927,0.985542481792365,0.0124739562557384,-0.100711694330746,0.135674506164228,0.95623582492949,-0.11841490122439,0.0818360916655426,0.25474263952143,0.967149868323923,-0.0888799079210343,0.0956095414868913,0.21812911255867,0.971089276086184,-0.0579204067040339,-0.0388029649991739,0.228309382778991,0.98868306530338,-0.0469028650395839,0.0313160356343839,0.139015191779667,0.983987989722076,-0.0415285186044328,0.0837356737577125,0.15176084859268,0.993408577330027,-0.0239005300977248,-0.00926408376674076,0.111724392592408,0.993408577330027,-0.0239005300977248,-0.00926408376674076,0.111724392592408
1171,1941,0.987613431485613,-0.0447605659332476,0.127372489146681,0.0799528029222633,0.987613431485613,-0.0447605659332476,0.127372489146681,0.0799528029222633,0.992810530230881,-0.0406393189572049,0.0770148823597512,0.082124324730773,0.992814500996963,-0.0406350832942055,0.0769636774872401,0.0821264206176299,0.987613431485613,-0.0447605659332476,0.127372489146681,0.0799528029222633,0.967651111477549,-0.0532704653746619,0.235064602819042,0.0745534471138513,0.987613431485613,-0.0447605659332476,0.127372489146681,0.0799528029222633,0.987613431485613,-0.0447605659332476,0.127372489146681,0.0799528029222633,0.987612320215812,-0.0447768410220144,0.127404071372829,0.0799070839391383,0.987612320215812,-0.0447768410220144,0.127404071372829,0.0799070839391383,0.987613227022619,-0.0447637068196772,0.127378570280244,0.0799438815363114,0.987613431485613,-0.0447605659332476,0.127372489146681,0.0799528029222633,0.987612320215812,-0.0447768410220144,0.127404071372829,0.0799070839391383,0.987612320215812,-0.0447768410220144,0.127404071372829,0.0799070839391383,0.987613227022619,-0.0447637068196772,0.127378570280244,0.0799438815363114,0.985466693051323,0.0133085457915549,-0.100491872040356,0.136307238066175,0.957969059660095,-0.103833406468574,0.0704607396560397,0.257971294143765,0.968725372000239,-0.0770942893842468,0.0823301045663109,0.221018954095427,0.97123328157229,-0.0478408939968974,-0.0437379153735369,0.229137854547598,0.98862664914144,-0.0470412859329348,0.0317091684930851,0.139280273759857,0.983916897202977,-0.0417907367760192,0.08417757609904,0.151905264557466,0.993403791076877,-0.0238264889551757,-0.00926426164993616,0.111782734598142,0.993403791076877,-0.0238264889551757,-0.00926426164993616,0.111782734598142
1172,1942,0.987639527711827,-0.044334925988027,0.126710153513652,0.0809142424752406,0.987639527711827,-0.044334925988027,0.126710153513652,0.0809142424752406,0.99280293116698,-0.0401653662852387,0.0763520763866105,0.0830628897214543,0.992806867748476,-0.0401610822158442,0.076300871906907,0.0830649611626832,0.987639527711827,-0.044334925988027,0.126710153513652,0.0809142424752406,0.967749789470073,-0.0529529881293277,0.234409139503826,0.0755558160956597,0.987639527711827,-0.044334925988027,0.126710153513652,0.0809142424752406,0.987639527711827,-0.044334925988027,0.126710153513652,0.0809142424752406,0.98763820702306,-0.0443570235274562,0.126744854507976,0.0808638877856558,0.98763820702306,-0.0443570235274562,0.126744854507976,0.0808638877856558,0.987639272394614,-0.0443392141426586,0.126716838669633,0.0809045394933049,0.987639527711827,-0.044334925988027,0.126710153513652,0.0809142424752406,0.98763820702306,-0.0443570235274562,0.126744854507976,0.0808638877856558,0.98763820702306,-0.0443570235274562,0.126744854507976,0.0808638877856558,0.987639272394614,-0.0443392141426586,0.126716838669633,0.0809045394933049,0.985431131263531,0.0138443726434752,-0.100042192035796,0.136840705550138,0.959183090056987,-0.089334658029344,0.0592566713764301,0.261678744877943,0.96966030591124,-0.0665006329847379,0.0696192951668347,0.224699155969097,0.971069611305259,-0.0393628895930829,-0.0459539456288448,0.231003480067894,0.988525415320624,-0.0472890459354212,0.0321624315087871,0.139809968883297,0.983836636493007,-0.042045647281779,0.084616444638947,0.152110793619145,0.993397407939051,-0.0237757787281323,-0.00928403248817417,0.111848598500854,0.993397407939051,-0.0237757787281323,-0.00928403248817417,0.111848598500854
1173,1943,0.987676745408093,-0.0437448917714617,0.125966797388734,0.0819353219289764,0.987676745408093,-0.0437448917714617,0.125966797388734,0.0819353219289764,0.992802321535291,-0.0395242007384766,0.0756077894031709,0.0840526626091435,0.992806219729762,-0.039519865621833,0.0755565849558995,0.0840547009805767,0.987676745408093,-0.0437448917714617,0.125966797388734,0.0819353219289764,0.967868419565908,-0.0524786608320716,0.23367436716784,0.0766355184817999,0.987676745408093,-0.0437448917714617,0.125966797388734,0.0819353219289764,0.987676745408093,-0.0437448917714617,0.125966797388734,0.0819353219289764,0.987674868441356,-0.0437755005825591,0.126005706629424,0.0818817543468428,0.987674868441356,-0.0437755005825591,0.126005706629424,0.0818817543468428,0.98767638035658,-0.0437508354258128,0.12597429903843,0.0819250149041447,0.987676745408093,-0.0437448917714617,0.125966797388734,0.0819353219289764,0.987674868441356,-0.0437755005825591,0.126005706629424,0.0818817543468428,0.987674868441356,-0.0437755005825591,0.126005706629424,0.0818817543468428,0.98767638035658,-0.0437508354258128,0.12597429903843,0.0819250149041447,0.985447684099806,0.014006591766129,-0.099287095215489,0.137254326026893,0.959895442443072,-0.0751835596682357,0.0482842502376954,0.265738222902947,0.970288941054652,-0.0569406993107245,0.057145289937475,0.228104238161,0.970980441776921,-0.0329619243562094,-0.0438542470200036,0.232781653589238,0.988402118942293,-0.0475833964709505,0.0326490350697285,0.140467477231169,0.983763256399936,-0.0422767870833436,0.0850576598320712,0.152275156001215,0.993391260394742,-0.0237019071581009,-0.009282320991155,0.111918996981891,0.993391260394742,-0.0237019071581009,-0.009282320991155,0.111918996981891
1174,1944,0.987733282279729,-0.042962008814305,0.125115994896813,0.0829651535075582,0.987733282279729,-0.042962008814305,0.125115994896813,0.0829651535075582,0.992815545417676,-0.0386899908643734,0.0747552130564155,0.0850413752523313,0.992819399640017,-0.0386856047554201,0.0747040079282487,0.0850433705975988,0.987733282279729,-0.042962008814305,0.125115994896813,0.0829651535075582,0.968018052050014,-0.0518136124868864,0.232834920077302,0.0777450992600298,0.987733282279729,-0.042962008814305,0.125115994896813,0.0829651535075582,0.987733282279729,-0.042962008814305,0.125115994896813,0.0829651535075582,0.987730423295091,-0.0430026861045537,0.12516048831951,0.0829109887090738,0.987730423295091,-0.0430026861045537,0.12516048831951,0.0829109887090738,0.987732725209962,-0.0429698976033916,0.125124579455391,0.0829547531210083,0.987733282279729,-0.042962008814305,0.125115994896813,0.0829651535075582,0.987730423295091,-0.0430026861045537,0.12516048831951,0.0829109887090738,0.987730423295091,-0.0430026861045537,0.12516048831951,0.0829109887090738,0.987732725209962,-0.0429698976033916,0.125124579455391,0.0829547531210083,0.985526621537768,0.0138411707587076,-0.0981327372085766,0.137534236175336,0.960223443936151,-0.0613960974164829,0.0374055291128862,0.269818982522003,0.971123860749912,-0.0464170536833646,0.0451230866767475,0.229625371547452,0.971527649634497,-0.0272595194981423,-0.0353789748964189,0.232678474998613,0.988273335254714,-0.0479186951510914,0.0331211653589235,0.141147447319486,0.983685662819234,-0.0425106801122816,0.085518053109547,0.152453341821778,0.993385219843234,-0.023610634076346,-0.00929335093311866,0.11199096652836,0.993385219843234,-0.023610634076346,-0.00929335093311866,0.11199096652836
1175,1945,0.987807764068304,-0.041941189875103,0.124164039486812,0.0840240985465268,0.987807764068304,-0.041941189875103,0.124164039486812,0.0840240985465268,0.992841550180589,-0.0376166728733018,0.0738007025055227,0.0860470712263869,0.992845355173469,-0.0376122348964318,0.073749496037415,0.0860490112133285,0.987807764068304,-0.041941189875103,0.124164039486812,0.0840240985465268,0.968196629811822,-0.0509152647181623,0.231896902688099,0.0789097482151309,0.987807764068304,-0.041941189875103,0.124164039486812,0.0840240985465268,0.987807764068304,-0.041941189875103,0.124164039486812,0.0840240985465268,0.987803975964371,-0.0419942680678347,0.124213871878412,0.0839684497379872,0.987803975964371,-0.0419942680678347,0.124213871878412,0.0839684497379872,0.987807028983971,-0.0419514776075695,0.124173646815249,0.0840134063885248,0.987807764068304,-0.041941189875103,0.124164039486812,0.0840240985465268,0.987803975964371,-0.0419942680678347,0.124213871878412,0.0839684497379872,0.987803975964371,-0.0419942680678347,0.124213871878412,0.0839684497379872,0.987807028983971,-0.0419514776075695,0.124173646815249,0.0840134063885248,0.985681626089536,0.0134582666574097,-0.0965018096911447,0.137615434361124,0.960363235484443,-0.0481472627758199,0.02688131052852,0.273242917861228,0.971562521485363,-0.0413915876103518,0.0273082828723705,0.231532418910749,0.971859542778251,-0.0317603201217551,-0.0129809313718391,0.233048936057068,0.988151571996766,-0.0482425164130485,0.0336009535169457,0.141774843654325,0.98360471027652,-0.0428077958795246,0.0860064364569676,0.15261769039582,0.993377214727025,-0.0235133511804632,-0.00929332918460875,0.112082405443987,0.993377214727025,-0.0235133511804632,-0.00929332918460875,0.112082405443987
1176,1946,0.987897477156044,-0.0407516307454216,0.123110638720011,0.0850978839587894,0.987897477156044,-0.0407516307454216,0.123110638720011,0.0850978839587894,0.992877610850593,-0.03637407852941,0.0727441036025856,0.0870590125938211,0.992881361348733,-0.0363695883627388,0.0726928952760335,0.0870608884919039,0.987897477156044,-0.0407516307454216,0.123110638720011,0.0850978839587894,0.968401487764236,-0.0498508272522175,0.230859726313058,0.0801076793131867,0.987897477156044,-0.0407516307454216,0.123110638720011,0.0850978839587894,0.987897477156044,-0.0407516307454216,0.123110638720011,0.0850978839587894,0.987892897014357,-0.040813766568907,0.123165812243982,0.0850414203863036,0.987892897014357,-0.040813766568907,0.123165812243982,0.0850414203863036,0.987896591030644,-0.0407636299787867,0.123121271095227,0.085087040757572,0.987897477156044,-0.0407516307454216,0.123110638720011,0.0850978839587894,0.987892897014357,-0.040813766568907,0.123165812243982,0.0850414203863036,0.987892897014357,-0.040813766568907,0.123165812243982,0.0850414203863036,0.987896591030644,-0.0407636299787867,0.123121271095227,0.085087040757572,0.985945357249377,0.0130270780285322,-0.0943843886132757,0.137235691212364,0.960489355135263,-0.035951033519027,0.017339566680732,0.275439759817068,0.972734158047972,-0.0342818013071312,0.0120852077396992,0.22905668211107,0.972771806294493,-0.0334450625870379,0.00853272277510669,0.229180351053799,0.988041224521482,-0.0485083661228533,0.0340290850586512,0.14234991546275,0.983520203368171,-0.0431192030829028,0.0865143890486514,0.152787448370819,0.993368788715822,-0.0234653171199424,-0.00929566578611751,0.112166925139787,0.993368788715822,-0.0234653171199424,-0.00929566578611751,0.112166925139787
1177,1947,0.987974523345636,-0.0395374596859779,0.122097934532534,0.0862277500833281,0.987974523345636,-0.0395374596859779,0.122097934532534,0.0862277500833281,0.99290308929459,-0.035104053898612,0.0717287924504973,0.0881257113601732,0.992906787427443,-0.0350995087180319,0.0716775828112303,0.0881275217545916,0.987974523345636,-0.0395374596859779,0.122097934532534,0.0862277500833281,0.968589286022162,-0.0487680856761321,0.229861609235265,0.0813640548543315,0.987974523345636,-0.0395374596859779,0.122097934532534,0.0862277500833281,0.987974523345636,-0.0395374596859779,0.122097934532534,0.0862277500833281,0.987970540186387,-0.0396012790027491,0.122151340586275,0.0861684421243765,0.987970540186387,-0.0396012790027491,0.122151340586275,0.0861684421243765,0.987973762889457,-0.0395497221518413,0.12210817023646,0.0862163446294386,0.987974523345636,-0.0395374596859779,0.122097934532534,0.0862277500833281,0.987970540186387,-0.0396012790027491,0.122151340586275,0.0861684421243765,0.987970540186387,-0.0396012790027491,0.122151340586275,0.0861684421243765,0.987973762889457,-0.0395497221518413,0.12210817023646,0.0862163446294386,0.986345494523649,0.0126025584381933,-0.0917997387006385,0.136148995325731,0.960732327055514,-0.0251957254988042,0.00896330672911684,0.276185137723894,0.975159711846674,-0.0211014935794682,0.00172690254873022,0.220488732518047,0.975159711846674,-0.0211014935794682,0.00172690254873022,0.220488732518047,0.98794651562679,-0.0486807088169362,0.0343934327941172,0.142859940608283,0.983433340223805,-0.0434506006910061,0.0870631262942813,0.152940912367187,0.99336298147995,-0.0234323962368068,-0.00927760652491266,0.112226716289106,0.99336298147995,-0.0234323962368068,-0.00927760652491266,0.112226716289106
1178,1948,0.988019662074683,-0.0384458339790126,0.121211795206246,0.0874457883855298,0.988019662074683,-0.0384458339790126,0.121211795206246,0.0874457883855298,0.992903133857224,-0.0339519351227545,0.0708415042174703,0.0892866964229774,0.99290678622768,-0.0339473300652391,0.0707902945770851,0.0892884473946679,0.988019662074683,-0.0384458339790126,0.121211795206246,0.0874457883855298,0.968731470102605,-0.0478168315206771,0.228985787279772,0.0826946109491534,0.988019662074683,-0.0384458339790126,0.121211795206246,0.0874457883855298,0.988019662074683,-0.0384458339790126,0.121211795206246,0.0874457883855298,0.988017296363631,-0.0385036097842546,0.121258783593896,0.0873819290311938,0.988017296363631,-0.0385036097842546,0.121258783593896,0.0873819290311938,0.988019220374589,-0.0384568735401129,0.121220761083243,0.0874334954711752,0.988019662074683,-0.0384458339790126,0.121211795206246,0.0874457883855298,0.988017296363631,-0.0385036097842546,0.121258783593896,0.0873819290311938,0.988017296363631,-0.0385036097842546,0.121258783593896,0.0873819290311938,0.988019220374589,-0.0384568735401129,0.121220761083243,0.0874334954711752,0.986889587693211,0.0121715926885591,-0.0887484306400594,0.134255391299841,0.961234262659197,-0.0161265635994221,0.00226059639166908,0.275251731948152,0.977833755550491,-0.0153477407671324,-0.00233823063876839,0.208806431981512,0.977833755550491,-0.0153477407671324,-0.00233823063876839,0.208806431981512,0.987853598899957,-0.0488203002459124,0.0347334369930908,0.143371663096123,0.983353858293018,-0.0437811243743566,0.0876268268287006,0.153035753171228,0.993356904836486,-0.023436184035379,-0.00924546050580716,0.112282351024426,0.993356904836486,-0.023436184035379,-0.00924546050580716,0.112282351024426
1179,1949,0.988035210014922,-0.0375757738005086,0.120413825450317,0.0887411721495904,0.988035210014922,-0.0375757738005086,0.120413825450317,0.0887411721495904,0.992878106870962,-0.0330171646550981,0.0700437754917855,0.0905361875126646,0.992881718098137,-0.0330124951556095,0.0699925671432424,0.0905378902713725,0.988035210014922,-0.0375757738005086,0.120413825450317,0.0887411721495904,0.968834559346216,-0.0470942969844801,0.228194351825881,0.0840777116882222,0.988035210014922,-0.0375757738005086,0.120413825450317,0.0887411721495904,0.988035210014922,-0.0375757738005086,0.120413825450317,0.0887411721495904,0.988034394648333,-0.0376221686805945,0.120456083169866,0.0886732171686878,0.988034394648333,-0.0376221686805945,0.120456083169866,0.0886732171686878,0.988035065464498,-0.0375845853861351,0.120421896681121,0.0887280967542873,0.988035210014922,-0.0375757738005086,0.120413825450317,0.0887411721495904,0.988034394648333,-0.0376221686805945,0.120456083169866,0.0886732171686878,0.988034394648333,-0.0376221686805945,0.120456083169866,0.0886732171686878,0.988035065464498,-0.0375845853861351,0.120421896681121,0.0887280967542873,0.987518822589903,0.0115984834880485,-0.0853709885463996,0.131847808195816,0.962181766650015,-0.0106106174351136,-0.000617914059068568,0.272200809892473,0.980264277085756,-0.0113917947715583,0.00100201372831283,0.197360507827456,0.980264277085756,-0.0113917947715583,0.00100201372831283,0.197360507827456,0.987759773259983,-0.0489592475524061,0.0350822886320458,0.143884868672235,0.983277721715641,-0.0440991179795401,0.0882070691890017,0.153100302795948,0.993350954925922,-0.0235108718063116,-0.00920067852719253,0.112323046474477,0.993350954925922,-0.0235108718063116,-0.00920067852719253,0.112323046474477
1180,1950,0.988017673154439,-0.0369870190724859,0.11968787484274,0.0901545926187285,0.988017673154439,-0.0369870190724859,0.11968787484274,0.0901545926187285,0.992823698034053,-0.0323573371842803,0.0693196542971064,0.0919178594205725,0.992827271914336,-0.0323525964251515,0.0692684487556932,0.0919195281464641,0.988017673154439,-0.0369870190724859,0.11968787484274,0.0901545926187285,0.968896854561889,-0.0466643294632248,0.227470866420208,0.085547241369111,0.988017673154439,-0.0369870190724859,0.11968787484274,0.0901545926187285,0.988017673154439,-0.0369870190724859,0.11968787484274,0.0901545926187285,0.988018584044694,-0.0370187793704723,0.119726294342515,0.0900805306336923,0.988018584044694,-0.0370187793704723,0.119726294342515,0.0900805306336923,0.988017861412562,-0.036992995275178,0.119695216801235,0.0901403289611499,0.988017673154439,-0.0369870190724859,0.11968787484274,0.0901545926187285,0.988018584044694,-0.0370187793704723,0.119726294342515,0.0900805306336923,0.988018584044694,-0.0370187793704723,0.119726294342515,0.0900805306336923,0.988017861412562,-0.036992995275178,0.119695216801235,0.0901403289611499,0.988127051951186,0.0109042922040009,-0.0820527403967018,0.129434823008257,0.963609662333486,-0.00808492962094327,0.000352553605605643,0.267190808742599,0.981604859274291,-0.0184559405447044,-0.0039147405670779,0.189989350527873,0.981604859274291,-0.0184559405447044,-0.0039147405670779,0.189989350527873,0.987669600500415,-0.0491623204564264,0.0354432150194684,0.144345436380146,0.983225130546696,-0.0443673929080635,0.0887782174654678,0.153030406166971,0.993342004843417,-0.0236293812747877,-0.00912024345548246,0.112383873013636,0.993342004843417,-0.0236293812747877,-0.00912024345548246,0.112383873013636
1181,1951,0.987972653439853,-0.0366173406693868,0.118987530493016,0.0917124528321678,0.987972653439853,-0.0366173406693868,0.118987530493016,0.0917124528321678,0.992743143233666,-0.0319089621344081,0.068622503017235,0.0934549184243153,0.992746681158081,-0.0319041421011798,0.0685713016314089,0.0934565640229634,0.987972653439853,-0.0366173406693868,0.118987530493016,0.0917124528321678,0.968929021009116,-0.046467975902915,0.226769814137875,0.0871362775064246,0.987972653439853,-0.0366173406693868,0.118987530493016,0.0917124528321678,0.987972653439853,-0.0366173406693868,0.118987530493016,0.0917124528321678,0.987975029098022,-0.0366374155483735,0.1190244782359,0.0916308640217408,0.987975029098022,-0.0366374155483735,0.1190244782359,0.0916308640217408,0.987973120756327,-0.0366210977821077,0.118994609194798,0.0916967329996842,0.987972653439853,-0.0366173406693868,0.118987530493016,0.0917124528321678,0.987975029098022,-0.0366374155483735,0.1190244782359,0.0916308640217408,0.987975029098022,-0.0366374155483735,0.1190244782359,0.0916308640217408,0.987973120756327,-0.0366210977821077,0.118994609194798,0.0916967329996842,0.988521820076464,0.0107007891198262,-0.0796163355728993,0.127950550818946,0.965158939306382,-0.00613769498469643,0.0028186618954811,0.261577150612155,0.982962142550608,-0.0188971105381494,-0.00454925636903933,0.182777541815501,0.982962142550608,-0.0188971105381494,-0.00454925636903933,0.182777541815501,0.987579948866926,-0.0495311909401304,0.0358276777962319,0.144737290370454,0.98321088600429,-0.0445898593533835,0.0892863803966968,0.15276138373673,0.993335931056381,-0.023737885084877,-0.00898648559832613,0.112425459574968,0.993335931056381,-0.023737885084877,-0.00898648559832613,0.112425459574968
1182,1952,0.987912372627246,-0.0363894447234439,0.118285781961951,0.0933457342805454,0.987912372627246,-0.0363894447234439,0.118285781961951,0.0933457342805454,0.992647275693131,-0.0315983532190995,0.0679247249781059,0.0950745069379578,0.992650777629372,-0.0315934496550818,0.067873528537631,0.0950761365146195,0.987912372627246,-0.0363894447234439,0.118285781961951,0.0933457342805454,0.968946172881349,-0.0464208301604987,0.22606569014986,0.0887847077083937,0.987912372627246,-0.0363894447234439,0.118285781961951,0.0933457342805454,0.987912372627246,-0.0363894447234439,0.118285781961951,0.0933457342805454,0.987915588789866,-0.0364018463417126,0.118322726775681,0.093259998591331,0.987915588789866,-0.0364018463417126,0.118322726775681,0.093259998591331,0.987912996143707,-0.0363917618459346,0.118292872158054,0.0933292457738236,0.987912372627246,-0.0363894447234439,0.118285781961951,0.0933457342805454,0.987915588789866,-0.0364018463417126,0.118322726775681,0.093259998591331,0.987915588789866,-0.0364018463417126,0.118322726775681,0.093259998591331,0.987912996143707,-0.0363917618459346,0.118292872158054,0.0933292457738236,0.988691491459313,0.012499443104702,-0.0787136822876153,0.127031708084069,0.966690376244988,-0.00541235180855293,0.00603040490183873,0.255820361073828,0.984186611669076,-0.0144364984149155,-0.00344601996391841,0.176511829267247,0.984186611669076,-0.0144364984149155,-0.00344601996391841,0.176511829267247,0.987486715550839,-0.0500254988743475,0.0362154067193525,0.145106445029643,0.983215794972301,-0.0447945162685746,0.0897151956720609,0.152418291208023,0.993330076566719,-0.0238115846455514,-0.00887820832509423,0.112470195347756,0.993330076566719,-0.0238115846455514,-0.00887820832509423,0.112470195347756
1183,1953,0.98786077702131,-0.0361598447526379,0.117479345360122,0.0949850212616452,0.98786077702131,-0.0361598447526379,0.117479345360122,0.0949850212616452,0.992554761623805,-0.0312857372647309,0.0671219527524407,0.096700006620539,0.992558222156734,-0.0312807498650545,0.0670707610844994,0.0967016200716924,0.98786077702131,-0.0361598447526379,0.117479345360122,0.0949850212616452,0.968983454572124,-0.0463726502455741,0.225258465165822,0.0904392942575942,0.98786077702131,-0.0361598447526379,0.117479345360122,0.0949850212616452,0.98786077702131,-0.0361598447526379,0.117479345360122,0.0949850212616452,0.987863605559174,-0.0361719480588878,0.117521524916185,0.0948987785307484,0.987863605559174,-0.0361719480588878,0.117521524916185,0.0948987785307484,0.987861316131598,-0.0361621645442057,0.117487482644821,0.0949684651239966,0.98786077702131,-0.0361598447526379,0.117479345360122,0.0949850212616452,0.987863605559174,-0.0361719480588878,0.117521524916185,0.0948987785307484,0.987863605559174,-0.0361719480588878,0.117521524916185,0.0948987785307484,0.987861316131598,-0.0361621645442057,0.117487482644821,0.0949684651239966,0.988822293761847,0.0167013005585548,-0.079227203691441,0.12519819533223,0.968402997786176,-0.00639937393301545,0.00943111017808376,0.249129958160038,0.984196845505565,-0.0165980151889753,-0.00433128932839002,0.176245042827983,0.984196845505565,-0.0165980151889753,-0.00433128932839002,0.176245042827983,0.987394695708331,-0.0506398665217375,0.0366384564387616,0.145413006005304,0.983210493191145,-0.0449666992353241,0.0900767049789304,0.152188400539737,0.993320014897168,-0.023881896812276,-0.00885692071605299,0.112545803852339,0.993320014897168,-0.023881896812276,-0.00885692071605299,0.112545803852339
1184,1954,0.987844060907648,-0.0357625882822644,0.116474934329945,0.0965336121859958,0.987844060907648,-0.0357625882822644,0.116474934329945,0.0965336121859958,0.992487020412659,-0.0308102908753315,0.0661196892769464,0.0982264067270123,0.992490429253366,-0.0308052247513303,0.0660685011041298,0.0982279956547165,0.987844060907648,-0.0357625882822644,0.116474934329945,0.0965336121859958,0.96907714690033,-0.0461478674528097,0.224258293833683,0.0920221458773968,0.987844060907648,-0.0357625882822644,0.116474934329945,0.0965336121859958,0.987844060907648,-0.0357625882822644,0.116474934329945,0.0965336121859958,0.987845130484362,-0.0357830596275698,0.116527274781556,0.096451879473691,0.987845130484362,-0.0357830596275698,0.116527274781556,0.096451879473691,0.987844251234031,-0.0357665846907719,0.116485061914932,0.0965179624428007,0.987844060907648,-0.0357625882822644,0.116474934329945,0.0965336121859958,0.987845130484362,-0.0357830596275698,0.116527274781556,0.096451879473691,0.987845130484362,-0.0357830596275698,0.116527274781556,0.096451879473691,0.987844251234031,-0.0357665846907719,0.116485061914932,0.0965179624428007,0.98885716647282,0.0216210815819815,-0.0806407919518421,0.123252163550789,0.970130290621922,-0.00873017676352685,0.0121926584692072,0.242120511958316,0.982972922124002,-0.0253948237670864,-0.00884137465902277,0.181772295443995,0.982972922124002,-0.0253948237670864,-0.00884137465902277,0.181772295443995,0.987315127608761,-0.0512972901842692,0.0371132699042731,0.145602307714059,0.983186836026785,-0.0450861326633501,0.0904043327497767,0.152111612722927,0.99330640376093,-0.0239579274255505,-0.00889117622108293,0.112647028129497,0.99330640376093,-0.0239579274255505,-0.00889117622108293,0.112647028129497
1185,1955,0.98787353753069,-0.0350326451117175,0.115228551874953,0.0979845317174031,0.98787353753069,-0.0350326451117175,0.115228551874953,0.0979845317174031,0.99245311464579,-0.0300075516228701,0.0648734194448517,0.0996383536847288,0.992456459209464,-0.0300024126779658,0.064822233022402,0.0996399012088197,0.98787353753069,-0.0350326451117175,0.115228551874953,0.0979845317174031,0.969243326556126,-0.0455816837693528,0.223022687740538,0.0935444535189182,0.98787353753069,-0.0350326451117175,0.115228551874953,0.0979845317174031,0.98787353753069,-0.0350326451117175,0.115228551874953,0.0979845317174031,0.987872225093945,-0.035070169693216,0.115293500657664,0.0979079097505817,0.987872225093945,-0.035070169693216,0.115293500657664,0.0979079097505817,0.98787326554365,-0.0350399852530535,0.115241119419348,0.097969868084871,0.98787353753069,-0.0350326451117175,0.115228551874953,0.0979845317174031,0.987872225093945,-0.035070169693216,0.115293500657664,0.0979079097505817,0.987872225093945,-0.035070169693216,0.115293500657664,0.0979079097505817,0.98787326554365,-0.0350399852530535,0.115241119419348,0.097969868084871,0.988616946215842,0.0248997647039726,-0.0827374654641204,0.123170804905719,0.971325260106453,-0.0114368246702394,0.013263347654693,0.237108670717846,0.982426048581458,-0.0271119862483827,-0.0100373071430123,0.184399706441222,0.982426048581458,-0.0271119862483827,-0.0100373071430123,0.184399706441222,0.987255706031271,-0.0518881627907618,0.0376968886369755,0.145645920155659,0.983143903462148,-0.0451393695069743,0.0907260712597415,0.152181741347296,0.993296060854245,-0.0240416946120764,-0.00894976711859607,0.112715722417702,0.993296060854245,-0.0240416946120764,-0.00894976711859607,0.112715722417702
1186,1956,0.987938181926595,-0.033969253486704,0.113798355669622,0.0993688721684007,0.987938181926595,-0.033969253486704,0.113798355669622,0.0993688721684007,0.992444989326488,-0.0288751785477911,0.0634417860899549,0.100966860911376,0.992448260052865,-0.028869971085874,0.0633906000884772,0.100968350030912,0.987938181926595,-0.033969253486704,0.113798355669622,0.0993688721684007,0.969464648219502,-0.0446767566964634,0.221608241981597,0.0950372050806889,0.987938181926595,-0.033969253486704,0.113798355669622,0.0993688721684007,0.987938181926595,-0.033969253486704,0.113798355669622,0.0993688721684007,0.987935015154863,-0.0340243038549624,0.113873128086449,0.0992958371632596,0.987935015154863,-0.0340243038549624,0.113873128086449,0.0992958371632596,0.987937558140213,-0.0339799616862246,0.113812786242831,0.0993548846680393,0.987938181926595,-0.033969253486704,0.113798355669622,0.0993688721684007,0.987935015154863,-0.0340243038549624,0.113873128086449,0.0992958371632596,0.987935015154863,-0.0340243038549624,0.113873128086449,0.0992958371632596,0.987937558140213,-0.0339799616862246,0.113812786242831,0.0993548846680393,0.988060026693979,0.025779244152974,-0.0847828222237585,0.126034468603512,0.971700576742637,-0.0136033316935795,0.0125753424887965,0.235488427074774,0.983572674377265,-0.0141006388161887,-0.00705897826323968,0.179822515356701,0.983572674377265,-0.0141006388161887,-0.00705897826323968,0.179822515356701,0.987184400150173,-0.0524570623105499,0.0383896479150523,0.145744473812383,0.983082956646192,-0.0451696683441463,0.0910429411630938,0.152377112053726,0.993284794308008,-0.0241511166595855,-0.00901428543426246,0.112786451396894,0.993284794308008,-0.0241511166595855,-0.00901428543426246,0.112786451396894
1187,1957,0.987994495689492,-0.0327522258305291,0.112426026858198,0.10076982026029,0.987994495689492,-0.0327522258305291,0.112426026858198,0.10076982026029,0.992431485106634,-0.0275885239431226,0.062068368730737,0.1023041461466,0.992434684998245,-0.0275832475116671,0.0620171834275739,0.102305568904412,0.987994495689492,-0.0327522258305291,0.112426026858198,0.10076982026029,0.969671334475608,-0.0436209468096491,0.220250398692373,0.096563336580583,0.987994495689492,-0.0327522258305291,0.112426026858198,0.10076982026029,0.987994495689492,-0.0327522258305291,0.112426026858198,0.10076982026029,0.987991659831664,-0.0328158343744409,0.112498397713312,0.10069613512603,0.987991659831664,-0.0328158343744409,0.112498397713312,0.10069613512603,0.9879939528973,-0.0327645040814667,0.112439897489636,0.100755673602949,0.987994495689492,-0.0327522258305291,0.112426026858198,0.10076982026029,0.987991659831664,-0.0328158343744409,0.112498397713312,0.10069613512603,0.987991659831664,-0.0328158343744409,0.112498397713312,0.10069613512603,0.9879939528973,-0.0327645040814667,0.112439897489636,0.100755673602949,0.987444208198633,0.0243262393435687,-0.0851455595520502,0.130814385535164,0.971303040771034,-0.0148737949823757,0.0114969713214275,0.237101229145274,0.984355293273921,-0.00382629500835098,-0.00399527416662239,0.176108074359063,0.984355293273921,-0.00382629500835098,-0.00399527416662239,0.176108074359063,0.987065409916625,-0.0530703806445851,0.0391446901580812,0.14612701487676,0.982995494098966,-0.0452027569232533,0.0913804369652982,0.152729123246675,0.99327036366278,-0.0243101035793203,-0.00907736253620326,0.11287428858053,0.99327036366278,-0.0243101035793203,-0.00907736253620326,0.11287428858053
1188,1958,0.987994170949551,-0.0317711406794758,0.111402736376657,0.102213223789428,0.987994170949551,-0.0317711406794758,0.111402736376657,0.102213223789428,0.992379154585353,-0.0265353492429338,0.0610464171508606,0.103695823146636,0.992382301769297,-0.0265300010363429,0.0609952345480332,0.103697191584509,0.987994170949551,-0.0317711406794758,0.111402736376657,0.102213223789428,0.969783392424965,-0.0428043148313129,0.219233262255578,0.098105754822664,0.987994170949551,-0.0317711406794758,0.111402736376657,0.102213223789428,0.987994170949551,-0.0317711406794758,0.111402736376657,0.102213223789428,0.98799415317768,-0.0318233788701505,0.111457531638682,0.102137380449169,0.98799415317768,-0.0318233788701505,0.111457531638682,0.102137380449169,0.987994189245504,-0.0317810749788934,0.111413110303878,0.102198650395793,0.987994170949551,-0.0317711406794758,0.111402736376657,0.102213223789428,0.98799415317768,-0.0318233788701505,0.111457531638682,0.102137380449169,0.98799415317768,-0.0318233788701505,0.111457531638682,0.102137380449169,0.987994189245504,-0.0317810749788934,0.111413110303878,0.102198650395793,0.986762545893764,0.0227848002020014,-0.0853209991759435,0.136017859123837,0.970247214190377,-0.0150753512740263,0.0114820989265442,0.241373649232924,0.983937769690026,-0.00703285152274924,-0.0046020473355675,0.178313840004638,0.983937769690026,-0.00703285152274924,-0.0046020473355675,0.178313840004638,0.986852517057728,-0.0537524283836365,0.0399286743275843,0.14710026167934,0.982870964860393,-0.0452506236178267,0.0917918424852669,0.153268735069349,0.993257171783405,-0.0244843370620831,-0.00911812261481678,0.112949403625895,0.993257171783405,-0.0244843370620831,-0.00911812261481678,0.112949403625895
1189,1959,0.987925690371074,-0.0311927659719928,0.110785610987182,0.103713017765609,0.987925690371074,-0.0311927659719928,0.110785610987182,0.103713017765609,0.992279398636808,-0.0258814986592703,0.0604335696276608,0.105164284479966,0.992282514212923,-0.0258760747168171,0.0603823921706186,0.105165619193169,0.987925690371074,-0.0311927659719928,0.110785610987182,0.103713017765609,0.969783100571756,-0.0423941503323878,0.218612349016241,0.099659995588139,0.987925690371074,-0.0311927659719928,0.110785610987182,0.103713017765609,0.987925690371074,-0.0311927659719928,0.110785610987182,0.103713017765609,0.98792919179773,-0.0312242991061429,0.110819215817179,0.103634244074432,0.98792919179773,-0.0312242991061429,0.110819215817179,0.103634244074432,0.987926390216031,-0.0311986495340993,0.110791887649457,0.103697875643821,0.987925690371074,-0.0311927659719928,0.110785610987182,0.103713017765609,0.98792919179773,-0.0312242991061429,0.110819215817179,0.103634244074432,0.98792919179773,-0.0312242991061429,0.110819215817179,0.103634244074432,0.987926390216031,-0.0311986495340993,0.110791887649457,0.103697875643821,0.986362249554878,0.0197616481799573,-0.0836949877011725,0.140335807789575,0.968755062524077,-0.0145039942036565,0.0125678113659502,0.247275783496044,0.983053622381147,-0.0153280210494723,-0.00668754717858548,0.182553838652456,0.983053622381147,-0.0153280210494723,-0.00668754717858548,0.182553838652456,0.986522552035119,-0.0545160567252787,0.0407248885613745,0.148804359267145,0.982703809429042,-0.0452978786576551,0.0922544512022377,0.154046880384315,0.993242645360902,-0.0246616351384122,-0.00911634957961667,0.113038680809367,0.993242645360902,-0.0246616351384122,-0.00911634957961667,0.113038680809367
1190,1960,0.987813433178374,-0.0309892425050085,0.110483572455009,0.105155448260656,0.987813433178374,-0.0309892425050085,0.110483572455009,0.105155448260656,0.992151936154645,-0.0256049302527827,0.0601376266130931,0.106594507347629,0.9921550364675,-0.0255994325461362,0.0600864557303947,0.106595827794757,0.987813433178374,-0.0309892425050085,0.110483572455009,0.105155448260656,0.969704693150126,-0.0423502698394233,0.218299809053254,0.10111605260522,0.987813433178374,-0.0309892425050085,0.110483572455009,0.105155448260656,0.987813433178374,-0.0309892425050085,0.110483572455009,0.105155448260656,0.987819279654575,-0.0310009971765206,0.110500361177896,0.105079394251835,0.987819279654575,-0.0310009971765206,0.110500361177896,0.105079394251835,0.987814573879,-0.0309913369252536,0.110486656852955,0.105140873713758,0.987813433178374,-0.0309892425050085,0.110483572455009,0.105155448260656,0.987819279654575,-0.0310009971765206,0.110500361177896,0.105079394251835,0.987819279654575,-0.0310009971765206,0.110500361177896,0.105079394251835,0.987814573879,-0.0309913369252536,0.110486656852955,0.105140873713758,0.986249736422311,0.0161805987157853,-0.0815540531361452,0.142823604663895,0.967452044246697,-0.0137625929516423,0.0141955414914737,0.252280835022995,0.982735303264807,-0.0179773189264977,-0.00739841393456719,0.18399294332255,0.982735303264807,-0.0179773189264977,-0.00739841393456719,0.18399294332255,0.986104335901598,-0.0553181768131647,0.0415390224863261,0.151038563423443,0.982513675986705,-0.0453450454982051,0.0928372698082162,0.154893333240699,0.993238358707277,-0.024882628996603,-0.00906013622481737,0.113032435602711,0.993238358707277,-0.024882628996603,-0.00906013622481737,0.113032435602711
1191,1961,0.987658500755596,-0.0308946197911243,0.110272856444898,0.106846176743262,0.987658500755596,-0.0308946197911243,0.110272856444898,0.106846176743262,0.991986494832282,-0.0254245027375814,0.0599350569672938,0.108278241938246,0.991989584697711,-0.0254189181916019,0.0598838946175956,0.108279553077482,0.987658500755596,-0.0308946197911243,0.110272856444898,0.106846176743262,0.969573839329646,-0.042441900181856,0.218073352500665,0.102806945901743,0.987658500755596,-0.0308946197911243,0.110272856444898,0.106846176743262,0.987658500755596,-0.0308946197911243,0.110272856444898,0.106846176743262,0.987666615011925,-0.0308999410188892,0.110284240095716,0.10675784571836,0.987666615011925,-0.0308999410188892,0.110284240095716,0.10675784571836,0.987660076093144,-0.0308955874198181,0.110274996080763,0.106829125284523,0.987658500755596,-0.0308946197911243,0.110272856444898,0.106846176743262,0.987666615011925,-0.0308999410188892,0.110284240095716,0.10675784571836,0.987666615011925,-0.0308999410188892,0.110284240095716,0.10675784571836,0.987660076093144,-0.0308955874198181,0.110274996080763,0.106829125284523,0.986448040082866,0.0131772672106828,-0.0786748427199259,0.143376751841172,0.966441892409192,-0.0130214952410148,0.0156262015035712,0.256078759534636,0.983042057466305,-0.0148429415061811,-0.00653971348507135,0.182661524376074,0.983042057466305,-0.0148429415061811,-0.00653971348507135,0.182661524376074,0.985586728612456,-0.0561251928127742,0.0422869147144001,0.153884956895283,0.982274640722362,-0.0453927470410305,0.093469947285471,0.156010889569524,0.993223360669547,-0.0250440456225757,-0.00899203811602538,0.113133968593285,0.993223360669547,-0.0250440456225757,-0.00899203811602538,0.113133968593285
1192,1962,0.987487266569489,-0.0308106673213998,0.110127734672618,0.108588596078068,0.987487266569489,-0.0308106673213998,0.110127734672618,0.108588596078068,0.991808106477813,-0.0252521046180196,0.0597988252886312,0.110014142869707,0.991811189317253,-0.0252464305421874,0.0597476721395954,0.110015445115103,0.987487266569489,-0.0308106673213998,0.110127734672618,0.108588596078068,0.969419578603192,-0.0425498130651006,0.217910303110739,0.104548045544241,0.987487266569489,-0.0308106673213998,0.110127734672618,0.108588596078068,0.987487266569489,-0.0308106673213998,0.110127734672618,0.108588596078068,0.987496314118077,-0.0308151335086827,0.110135568883609,0.108497067318604,0.987496314118077,-0.0308151335086827,0.110135568883609,0.108497067318604,0.987489010085024,-0.030811517003932,0.110129209007093,0.108571003056469,0.987487266569489,-0.0308106673213998,0.110127734672618,0.108588596078068,0.987496314118077,-0.0308151335086827,0.110135568883609,0.108497067318604,0.987496314118077,-0.0308151335086827,0.110135568883609,0.108497067318604,0.987489010085024,-0.030811517003932,0.110129209007093,0.108571003056469,0.986958552074395,0.0114572717615761,-0.0753663844314115,0.14177960187817,0.966088322355992,-0.0126030083680176,0.016795122756524,0.257356642500353,0.983246942569268,-0.0127060404918635,-0.00598945877017192,0.181736437862215,0.983246942569268,-0.0127060404918635,-0.00598945877017192,0.181736437862215,0.985027084900273,-0.0569324881701949,0.0429758993736204,0.156950329329533,0.982015745939911,-0.0454527774417387,0.0941826972891173,0.157190137350469,0.993209052299518,-0.0252058230224572,-0.00889882522153927,0.113230984389124,0.993209052299518,-0.0252058230224572,-0.00889882522153927,0.113230984389124
1193,1963,0.987299871814727,-0.0307015889606241,0.110095465244428,0.110342032256664,0.987299871814727,-0.0307015889606241,0.110095465244428,0.110342032256664,0.991619313879498,-0.0250540531738132,0.0597761214358787,0.111759769446798,0.991622395548225,-0.0250482890665569,0.0597249780239592,0.111761061475256,0.987299871814726,-0.0307015889606241,0.110095465244428,0.110342032256664,0.969236861289246,-0.0426339619411991,0.217857648639963,0.106302854789672,0.987299871814726,-0.0307015889606241,0.110095465244428,0.110342032256664,0.987299871814726,-0.0307015889606241,0.110095465244428,0.110342032256664,0.987309774996277,-0.0307072687119966,0.110097479466758,0.110249793016206,0.987309774996277,-0.0307072687119966,0.110097479466758,0.110249793016206,0.987301778766607,-0.0307026887257567,0.110095804418267,0.110324323695181,0.987299871814726,-0.0307015889606241,0.110095465244428,0.110342032256664,0.987309774996277,-0.0307072687119966,0.110097479466758,0.110249793016206,0.987309774996277,-0.0307072687119966,0.110097479466758,0.110249793016206,0.987301778766607,-0.0307026887257567,0.110095804418267,0.110324323695181,0.987614288117887,0.0110965832012754,-0.0721772151754713,0.138871643455998,0.966357032645032,-0.0126768879270665,0.0176028309301312,0.256287967554503,0.983085104975758,-0.0141898209397996,-0.0064713581135423,0.18248410035032,0.983085104975758,-0.0141898209397996,-0.0064713581135423,0.18248410035032,0.984480126623445,-0.0576930451882553,0.0436207232064356,0.159898797141629,0.981753866591196,-0.0455494478384938,0.0949800385122551,0.158314198728524,0.993193129099386,-0.0253937780871172,-0.00878452293956659,0.113337533504827,0.993193129099386,-0.0253937780871172,-0.00878452293956659,0.113337533504827
1194,1964,0.98709135263464,-0.030576563499767,0.110232423886062,0.1120916947979,0.98709135263464,-0.030576563499767,0.110232423886062,0.1120916947979,0.991418024751908,-0.024840267023712,0.0599235005561652,0.113500816791385,0.991421114022065,-0.0248344131212289,0.0598723675256514,0.113502097791385,0.98709135263464,-0.030576563499767,0.110232423886062,0.1120916947979,0.969014562211145,-0.0427018457467031,0.217970878661856,0.108055664580556,0.98709135263464,-0.030576563499767,0.110232423886062,0.1120916947979,0.98709135263464,-0.030576563499767,0.110232423886062,0.1120916947979,0.987102355239132,-0.0305831012881171,0.110225685760405,0.111999608908283,0.987102355239132,-0.0305831012881171,0.110225685760405,0.111999608908283,0.9870934725446,-0.0305778252374042,0.110231059438075,0.112074022854335,0.98709135263464,-0.030576563499767,0.110232423886062,0.1120916947979,0.987102355239132,-0.0305831012881171,0.110225685760405,0.111999608908283,0.987102355239132,-0.0305831012881171,0.110225685760405,0.111999608908283,0.9870934725446,-0.0305778252374042,0.110231059438075,0.112074022854335,0.988260338723865,0.0116535113520312,-0.0697148984847005,0.135445677331647,0.96688062780585,-0.0131143702993851,0.0181847481355648,0.254242364291756,0.98281644423666,-0.0167271829930112,-0.00729833828059477,0.183681170906187,0.98281644423666,-0.0167271829930112,-0.00729833828059477,0.183681170906187,0.983989496260969,-0.0583752002485859,0.0442291851090316,0.162483188141461,0.981494699739347,-0.0457003642277922,0.0958849398635711,0.15932893459876,0.993179439230518,-0.0256333946596232,-0.00863559988700582,0.113414976888278,0.993179439230518,-0.0256333946596232,-0.00863559988700582,0.113414976888278
1195,1965,0.9868707737134,-0.0304179212258514,0.110472079798758,0.113827701564914,0.9868707737134,-0.0304179212258514,0.110472079798758,0.113827701564914,0.991209910802076,-0.024593601524395,0.0601740571383401,0.115226517517941,0.991213012995108,-0.0245876586182395,0.0601229348410888,0.115227785793732,0.986870773713399,-0.0304179212258514,0.110472079798758,0.113827701564914,0.968768997827391,-0.0427348163648017,0.218184860320923,0.109798593094447,0.986870773713399,-0.0304179212258514,0.110472079798758,0.113827701564914,0.986870773713399,-0.0304179212258514,0.110472079798758,0.113827701564914,0.986882434444451,-0.0304261827503531,0.110459769229536,0.113736306296601,0.986882434444451,-0.0304261827503531,0.110459769229536,0.113736306296601,0.986873016377169,-0.0304195207499436,0.110469671348468,0.113810166576333,0.986870773713399,-0.0304179212258514,0.110472079798758,0.113827701564914,0.986882434444451,-0.0304261827503531,0.110459769229536,0.113736306296601,0.986882434444451,-0.0304261827503531,0.110459769229536,0.113736306296601,0.986873016377169,-0.0304195207499436,0.110469671348468,0.113810166576333,0.988802272317516,0.0123004834038777,-0.0681606313143874,0.13218506990796,0.967210254533704,-0.0136583299486854,0.0187437811618893,0.252915883676008,0.982696320325702,-0.0179269661957755,-0.00780116246173879,0.184189325873098,0.982696320325702,-0.0179269661957755,-0.00780116246173879,0.184189325873098,0.983581800978819,-0.0588989680597888,0.0447961702202861,0.164593607039732,0.981243933499075,-0.0459230011430562,0.096869916421737,0.160211236277998,0.993171279182707,-0.0258645084269001,-0.00844848322996192,0.113448052171616,0.993171279182707,-0.0258645084269001,-0.00844848322996192,0.113448052171616
1196,1966,0.986665355407455,-0.0301723569463569,0.110722430269891,0.115419447018739,0.986665355407455,-0.0301723569463569,0.110722430269891,0.115419447018739,0.991017481399897,-0.0242674580722251,0.0604345239577064,0.116803725764732,0.991020597026911,-0.0242614338210873,0.0603834115847651,0.116804977217389,0.986665355407455,-0.0301723569463569,0.110722430269891,0.115419447018739,0.968537327847581,-0.042665547558308,0.218411136831566,0.111407678933544,0.986665355407455,-0.0301723569463569,0.110722430269891,0.115419447018739,0.986665355407455,-0.0301723569463569,0.110722430269891,0.115419447018739,0.986676279981137,-0.0301850504023737,0.110709305135783,0.115335298201128,0.986676279981137,-0.0301850504023737,0.110709305135783,0.115335298201128,0.986667445487599,-0.0301748289974276,0.110719904191046,0.115403355782571,0.986665355407455,-0.0301723569463569,0.110722430269891,0.115419447018739,0.986676279981137,-0.0301850504023737,0.110709305135783,0.115335298201128,0.986676279981137,-0.0301850504023737,0.110709305135783,0.115335298201128,0.986667445487599,-0.0301748289974276,0.110719904191046,0.115403355782571,0.989170439860212,0.0126681105603144,-0.0671603830741748,0.129887808615421,0.967062462200792,-0.0141365874157152,0.0194094179090851,0.253404075726517,0.982666822045136,-0.0183521953297194,-0.00804258007117548,0.184294413057186,0.982666822045136,-0.0183521953297194,-0.00804258007117548,0.184294413057186,0.983269295036855,-0.0591969097260214,0.0453635845168177,0.166190747385047,0.981004210914534,-0.0462082326940314,0.0979329722369857,0.160949278805705,0.993157836734244,-0.0261390591465144,-0.0082487555007938,0.113517483027858,0.993157836734244,-0.0261390591465144,-0.0082487555007938,0.113517483027858
1197,1967,0.986481088245156,-0.0298953630420579,0.110933713849489,0.116854785673481,0.986481088245157,-0.0298953630420579,0.110933713849489,0.116854785673481,0.990844190329879,-0.0239178745994128,0.0606548994172321,0.118223132004098,0.990847317323114,-0.0239117771420525,0.0606037959815835,0.118224365424901,0.986481088245157,-0.0298953630420579,0.110933713849489,0.116854785673481,0.968330971510977,-0.0425478621916576,0.218600905639468,0.112864755743905,0.986481088245157,-0.0298953630420579,0.110933713849489,0.116854785673481,0.986481088245157,-0.0298953630420579,0.110933713849489,0.116854785673481,0.986490905968326,-0.0299098491777524,0.110922499946388,0.11677881815466,0.986490905968326,-0.0299098491777524,0.110922499946388,0.11677881815466,0.986482962879413,-0.0298981580378746,0.110931576995965,0.116840272679352,0.986481088245157,-0.0298953630420579,0.110933713849489,0.116854785673481,0.986490905968326,-0.0299098491777524,0.110922499946388,0.11677881815466,0.986490905968326,-0.0299098491777524,0.110922499946388,0.11677881815466,0.986482962879413,-0.0298981580378746,0.110931576995965,0.116840272679352,0.989371911218715,0.0130211147457551,-0.0662628563947618,0.128774631525822,0.966428301120574,-0.0144177821794209,0.0201461962757368,0.255739314783333,0.982577419145112,-0.0193590133798296,-0.00815976811602072,0.184662562993647,0.982577419145112,-0.0193590133798296,-0.00815976811602072,0.184662562993647,0.983047494069394,-0.0592071351674424,0.0458447370528356,0.167363077271261,0.980783712768702,-0.0465895063080741,0.0990599022065688,0.161492608017939,0.993144347136806,-0.0264173208322116,-0.00795619653243411,0.113591944463479,0.993144347136806,-0.0264173208322116,-0.00795619653243411,0.113591944463479
1198,1968,0.98630801675616,-0.0296223439078791,0.111165169329998,0.118158021106344,0.98630801675616,-0.0296223439078791,0.111165169329998,0.118158021106344,0.99068310565184,-0.0235789745787688,0.0608948517172055,0.11951080774632,0.990686245020966,-0.0235728107092475,0.0608437565892721,0.119512023686447,0.98630801675616,-0.0296223439078791,0.111165169329998,0.118158021106344,0.968133527790374,-0.0424196195939145,0.218811953873186,0.114190091881352,0.98630801675616,-0.0296223439078791,0.111165169329998,0.118158021106344,0.98630801675616,-0.0296223439078791,0.111165169329998,0.118158021106344,0.986317209877898,-0.0296367206377093,0.111153041340788,0.118089066764088,0.986317209877898,-0.0296367206377093,0.111153041340788,0.118089066764088,0.986309775482975,-0.0296251023283131,0.111162834450165,0.118144844727842,0.98630801675616,-0.0296223439078791,0.111165169329998,0.118158021106344,0.986317209877898,-0.0296367206377093,0.111153041340788,0.118089066764088,0.986317209877898,-0.0296367206377093,0.111153041340788,0.118089066764088,0.986309775482975,-0.0296251023283131,0.111162834450165,0.118144844727842,0.989414151829514,0.0135634626478822,-0.0654455761936628,0.128812053772782,0.965499026991071,-0.0145668002657191,0.021007538628624,0.259148838565951,0.982397781396809,-0.0211708454299737,-0.00825286952576895,0.185413819751926,0.982397781396809,-0.0211708454299737,-0.00825286952576895,0.185413819751926,0.982892341698344,-0.058982033413598,0.0462200063660072,0.168248255196507,0.980580475927101,-0.0470451287568113,0.10021247128305,0.161883126638262,0.99313402785423,-0.0266449418206019,-0.00760150676392982,0.113653274868471,0.99313402785423,-0.0266449418206019,-0.00760150676392982,0.113653274868471
1199,1969,0.986150719686942,-0.0293372207919814,0.111363099006188,0.119349678327457,0.986150719686942,-0.0293372207919814,0.111363099006188,0.119349678327457,0.990536071142447,-0.0232336569042752,0.0611005198424671,0.120686434314381,0.990539221119219,-0.0232274324016015,0.0610494322976489,0.120687632442989,0.986150719686942,-0.0293372207919814,0.111363099006188,0.119349678327457,0.967955444973739,-0.0422670923869222,0.218991411486902,0.115405854018851,0.986150719686942,-0.0293372207919814,0.111363099006188,0.119349678327457,0.986150719686942,-0.0293372207919814,0.111363099006188,0.119349678327457,0.986159085201855,-0.0293521970084321,0.111352600750203,0.119286652693357,0.986159085201855,-0.0293521970084321,0.111352600750203,0.119286652693357,0.986152318055175,-0.0293400998404493,0.111361097242037,0.119337630933442,0.986150719686942,-0.0293372207919814,0.111363099006188,0.119349678327457,0.986159085201855,-0.0293521970084321,0.111352600750203,0.119286652693357,0.986159085201855,-0.0293521970084321,0.111352600750203,0.119286652693357,0.986152318055175,-0.0293400998404493,0.111361097242037,0.119337630933442,0.989278347558997,0.0142975027388368,-0.0648773408365478,0.130057153253297,0.964519330263336,-0.0146864498221419,0.0219408701781616,0.262688728261819,0.982208952005838,-0.0230672943769025,-0.00827322352084731,0.186185467484162,0.982208952005838,-0.0230672943769025,-0.00827322352084731,0.186185467484162,0.98278031185957,-0.0586346149505793,0.0464858965160389,0.168949406556824,0.980387488669268,-0.0475666596285396,0.101397921000386,0.162161174666895,0.993120290643484,-0.0268579265883972,-0.0072401473312562,0.113746737791453,0.993120290643484,-0.0268579265883972,-0.0072401473312562,0.113746737791453
1200,1970,0.986017979495179,-0.0289731426841325,0.111452406865002,0.120446926566217,0.986017979495179,-0.0289731426841325,0.111452406865002,0.120446926566217,0.990408041341184,-0.0228142843737076,0.0611964584798547,0.121763761213089,0.990411196266217,-0.0228080043078417,0.061145377538119,0.121764937710887,0.986017979495179,-0.0289731426841325,0.111452406865002,0.120446926566217,0.967813699656865,-0.0420257195052534,0.219065601225407,0.116536449303677,0.986017979495179,-0.0289731426841325,0.111452406865002,0.120446926566217,0.986017979495179,-0.0289731426841325,0.111452406865002,0.120446926566217,0.98602507037263,-0.0289920964509222,0.111447420580878,0.120388917205449,0.98602507037263,-0.0289920964509222,0.111447420580878,0.120388917205449,0.986019329673094,-0.0289768124561228,0.11145149453628,0.120435834436993,0.986017979495179,-0.0289731426841325,0.111452406865002,0.120446926566217,0.98602507037263,-0.0289920964509222,0.111447420580878,0.120388917205449,0.98602507037263,-0.0289920964509222,0.111447420580878,0.120388917205449,0.986019329673094,-0.0289768124561228,0.11145149453628,0.120435834436993,0.988955510936108,0.0150467450923621,-0.0647796011726468,0.132454505861977,0.963706988645447,-0.014829205363084,0.0229483671063251,0.265560364420932,0.982069385497706,-0.0246130059413637,-0.00812163353664167,0.18672964701778,0.982056605596779,-0.024342786997407,-0.00954265512727893,0.186765065946641,0.982689811444103,-0.0583038989090199,0.0466565219257772,0.169542203647795,0.980201074248288,-0.0481394070860858,0.102615890984036,0.162352796235404,0.993106198297491,-0.0270260548873812,-0.00687225282923257,0.113852726806966,0.993106198297491,-0.0270260548873812,-0.00687225282923257,0.113852726806966
1201,1971,0.985909570868182,-0.0285115759605325,0.111436731293653,0.121454777696684,0.985909570868182,-0.0285115759605325,0.111436731293653,0.121454777696684,0.99029897613854,-0.0223020925981853,0.061186312765653,0.122746851914198,0.990302130540446,-0.0222957618295362,0.0611352374490309,0.122748001994104,0.985909570868182,-0.0285115759605325,0.111436731293653,0.121454777696683,0.967707668311716,-0.041677629850348,0.21903811472344,0.117588894710178,0.985909570868182,-0.0285115759605325,0.111436731293653,0.121454777696683,0.985909570868182,-0.0285115759605325,0.111436731293653,0.121454777696683,0.985915378167592,-0.0285356029253125,0.11143726941157,0.121401488641764,0.985915378167592,-0.0285356029253125,0.11143726941157,0.121401488641764,0.985910674639526,-0.028516228505279,0.111436879624979,0.12144458902363,0.985909570868182,-0.0285115759605325,0.111436731293653,0.121454777696683,0.985915378167592,-0.0285356029253125,0.11143726941157,0.121401488641764,0.985915378167592,-0.0285356029253125,0.11143726941157,0.121401488641764,0.985910674639526,-0.028516228505279,0.111436879624979,0.12144458902363,0.988495102055122,0.015673944328481,-0.0651511883016456,0.135598979882247,0.963244863454017,-0.0150222628765262,0.0239650356299103,0.267131693579736,0.981990482792492,-0.0257219860286325,-0.00781480188235842,0.187008021248425,0.981979387263523,-0.0254766640873921,-0.00910287938217905,0.18704160008802,0.982608357133106,-0.0580869821628867,0.0467578005580119,0.170060069041398,0.980021920331316,-0.0487309059675342,0.103850409409271,0.162472849852613,0.993089083071895,-0.027203939077422,-0.0064419153151683,0.113984738053688,0.993089083071895,-0.027203939077422,-0.0064419153151683,0.113984738053688
1202,1972,0.985827910781354,-0.0279651353514792,0.111330587227673,0.122338799555926,0.985827910781354,-0.0279651353514792,0.111330587227673,0.122338799555926,0.990212027072065,-0.0217114299352895,0.0610844560409728,0.123601959863817,0.990215176220768,-0.0217050550647452,0.061033385208934,0.123603079478822,0.985827910781354,-0.0279651353514792,0.111330587227673,0.122338799555926,0.967638159221558,-0.0412315804082857,0.218923644557419,0.118527580963448,0.985827910781354,-0.0279651353514792,0.111330587227673,0.122338799555926,0.985827910781354,-0.0279651353514792,0.111330587227673,0.122338799555926,0.985832312786555,-0.027993659548264,0.111335924571733,0.122291937554221,0.985832312786555,-0.027993659548264,0.111335924571733,0.122291937554221,0.985828743892666,-0.0279706464392886,0.111331650769869,0.122329858128065,0.985827910781354,-0.0279651353514792,0.111330587227673,0.122338799555926,0.985832312786555,-0.027993659548264,0.111335924571733,0.122291937554221,0.985832312786555,-0.027993659548264,0.111335924571733,0.122291937554221,0.985828743892666,-0.0279706464392886,0.111331650769869,0.122329858128065,0.988001510399647,0.016108636483336,-0.0658021301749739,0.138793396612011,0.963178061585852,-0.0153150735309926,0.024915254577189,0.26726896619663,0.981879225975273,-0.0271261562224496,-0.00757634657491253,0.187403191593341,0.98187553361329,-0.0270375368234994,-0.00804064181773049,0.18741599764506,0.982546263050396,-0.0579453589585368,0.046836336685122,0.170445105259099,0.979851265770092,-0.0493108242394883,0.105070545637446,0.162542671385152,0.993070952183779,-0.0273908220910311,-0.00597798718574931,0.114123137282449,0.993070952183779,-0.0273908220910311,-0.00597798718574931,0.114123137282449
1203,1973,0.985773650872077,-0.0273606644465431,0.111180656118577,0.123047003183425,0.985773650872077,-0.0273606644465431,0.111180656118577,0.123047003183425,0.990150217406034,-0.0210717474946265,0.0609374763130693,0.124278527545594,0.990153358974256,-0.0210653377305684,0.0608864086690947,0.124279614167712,0.985773650872077,-0.0273606644465431,0.111180656118577,0.123047003183425,0.967600693389896,-0.0407085428181189,0.218768661375469,0.119297885534504,0.985773650872077,-0.0273606644465431,0.111180656118577,0.123047003183425,0.985773650872077,-0.0273606644465431,0.111180656118577,0.123047003183425,0.985776607341937,-0.0273923148556301,0.111188422178725,0.123009252813263,0.985776607341937,-0.0273923148556301,0.111188422178725,0.123009252813263,0.985774206253568,-0.0273667643909433,0.111182166567349,0.123039832287393,0.985773650872077,-0.0273606644465431,0.111180656118577,0.123047003183425,0.985776607341937,-0.0273923148556301,0.111188422178725,0.123009252813263,0.985776607341937,-0.0273923148556301,0.111188422178725,0.123009252813263,0.985774206253568,-0.0273667643909433,0.111182166567349,0.123039832287393,0.987572664075759,0.0162548007862346,-0.066476808934279,0.141480912124654,0.963341880073739,-0.0156685752096103,0.0258125352770548,0.266571999410039,0.981707524622788,-0.029009569904672,-0.00750675526528479,0.188022417754722,0.98168098244944,-0.0284525080215685,-0.0104146038194578,0.188107521145934,0.982513430737333,-0.0578305584516268,0.0469071997283181,0.170653741662986,0.979686858423907,-0.0498650260254039,0.106296232903357,0.162567676619728,0.993051848162127,-0.0275819165590018,-0.0055097240943706,0.11426682668702,0.993051848162127,-0.0275819165590018,-0.0055097240943706,0.11426682668702
1204,1974,0.985760769602494,-0.0266902442680718,0.110978673102722,0.123479026923477,0.985760769602494,-0.0266902442680718,0.110978673102722,0.123479026923477,0.990127087497036,-0.0203802371644911,0.0607364089783037,0.12467592053872,0.990130218695126,-0.0203738069055821,0.0606853425275349,0.124676971495269,0.985760769602494,-0.0266902442680718,0.110978673102722,0.123479026923477,0.967610072396819,-0.0400896239949706,0.218566485461896,0.119800923523151,0.985760769602494,-0.0266902442680718,0.110978673102722,0.123479026923477,0.985760769602494,-0.0266902442680718,0.110978673102722,0.123479026923477,0.985761579231895,-0.0267253482822599,0.110989162555306,0.123455540437458,0.985761579231895,-0.0267253482822599,0.110989162555306,0.123455540437458,0.985760907346434,-0.026697009561527,0.110980708417838,0.123474635399673,0.985760769602494,-0.0266902442680718,0.110978673102722,0.123479026923477,0.985761579231895,-0.0267253482822599,0.110989162555306,0.123455540437458,0.985761579231895,-0.0267253482822599,0.110989162555306,0.123455540437458,0.985760907346434,-0.026697009561527,0.110980708417838,0.123474635399673,0.987253497411122,0.0160015787030348,-0.0669007776918395,0.143522706470944,0.963518753687823,-0.0160395291223413,0.0266879984320489,0.265823429247856,0.981559077601043,-0.0306667220571012,-0.00737103941654751,0.18853911295851,0.981539715479633,-0.0302366773890684,-0.00960947341183324,0.188608558388475,0.982515459850085,-0.0577453422027996,0.046984508705136,0.1706496485528,0.979528920425482,-0.050378389479302,0.107512175517279,0.162561508479416,0.993027171636526,-0.0278162364316251,-0.00502865620720334,0.114446520257686,0.993027171636526,-0.0278162364316251,-0.00502865620720334,0.114446520257686
1205,1975,0.985778855621846,-0.0260313050078053,0.11080656699361,0.123629784759033,0.985778855621846,-0.0260313050078053,0.11080656699361,0.123629784759033,0.990136403277659,-0.0197144875578447,0.0605636061047132,0.124792994596275,0.99013952556333,-0.0197080512616599,0.0605125391737075,0.124794011216252,0.985778855621846,-0.0260313050078053,0.11080656699361,0.123629784759033,0.96764695020841,-0.0394512272075049,0.218397406652159,0.120023136068827,0.985778855621846,-0.0260313050078053,0.11080656699361,0.123629784759033,0.985778855621846,-0.0260313050078053,0.11080656699361,0.123629784759033,0.985778004578259,-0.0260660075120498,0.110815698208609,0.123621074144443,0.985778004578259,-0.0260660075120498,0.110815698208609,0.123621074144443,0.985778678568541,-0.0260379621180494,0.110808308681081,0.123628233569998,0.985778855621846,-0.0260313050078053,0.11080656699361,0.123629784759033,0.985778004578259,-0.0260660075120498,0.110815698208609,0.123621074144443,0.985778004578259,-0.0260660075120498,0.110815698208609,0.123621074144443,0.985778678568541,-0.0260379621180494,0.110808308681081,0.123628233569998,0.98704769553488,0.0154957784134308,-0.0668694204445349,0.14500071792945,0.963545117430072,-0.0163198094315729,0.0275999837557641,0.265617603696494,0.981415208531538,-0.032293575913084,-0.00749501999779709,0.189010947018887,0.981414572385794,-0.0322776215139434,-0.00757786055414089,0.189013672224084,0.982547510811636,-0.0576577917539642,0.047043345958131,0.170478419892307,0.979366006000137,-0.0508939495309272,0.108723762041318,0.162576676556223,0.993000083976394,-0.028050986003371,-0.00451843746221998,0.114645362444426,0.993000083976394,-0.028050986003371,-0.00451843746221998,0.114645362444426
1206,1976,0.985822844464926,-0.0254276424895335,0.110688805916481,0.12351009097758,0.985822844464926,-0.0254276424895335,0.110688805916481,0.12351009097758,0.990174350359287,-0.0191176882918229,0.0604437615862813,0.124642775844581,0.990177466463858,-0.0191112597440497,0.0603926926982925,0.124643761684495,0.985822844464926,-0.0254276424895335,0.110688805916481,0.12351009097758,0.967703605833149,-0.0388380710224634,0.218285188873765,0.119970462261007,0.985822844464926,-0.0254276424895335,0.110688805916481,0.12351009097758,0.985822844464926,-0.0254276424895335,0.110688805916481,0.12351009097758,0.985820612724034,-0.0254595610074577,0.11069515168283,0.123515641420963,0.985820612724034,-0.0254595610074577,0.11069515168283,0.123515641420963,0.985822404770937,-0.0254337457369122,0.110690001164839,0.123511272649772,0.985822844464926,-0.0254276424895335,0.110688805916481,0.12351009097758,0.985820612724034,-0.0254595610074577,0.11069515168283,0.123515641420963,0.985820612724034,-0.0254595610074577,0.11069515168283,0.123515641420963,0.985822404770937,-0.0254337457369122,0.110690001164839,0.123511272649772,0.986961186345882,0.0149388282304575,-0.0662888496027224,0.145911742077797,0.963352284734227,-0.0165168238403852,0.0285557206535093,0.266203194656883,0.981430019201898,-0.0324791774439223,-0.00739702005028371,0.188906073317681,0.981430019201898,-0.0324791774439223,-0.00739702005028371,0.188906073317681,0.982598412776943,-0.0575499547825097,0.0471038970085362,0.170204538128022,0.979202191660586,-0.0513732337259641,0.109942066526489,0.162593359985972,0.992966900265476,-0.0283034368034226,-0.0039875550089849,0.114890164275874,0.992966900265476,-0.0283034368034226,-0.0039875550089849,0.114890164275874
1207,1977,0.985879653959604,-0.0249314803380842,0.110605785827907,0.123231851962205,0.985879653959604,-0.0249314803380842,0.110605785827907,0.123231851962205,0.99022686714898,-0.0186363081383034,0.0603579615828279,0.124339680186404,0.990229978828297,-0.0186298952235021,0.0603068899863699,0.124340641199265,0.985879653959604,-0.0249314803380842,0.110605785827907,0.123231851962205,0.96776918920356,-0.0383143530560907,0.218208909942744,0.119748396230498,0.985879653959604,-0.0249314803380842,0.110605785827907,0.123231851962205,0.985879653959604,-0.0249314803380842,0.110605785827907,0.123231851962205,0.985876710581614,-0.024957884592786,0.110610255095183,0.123246042521487,0.985876710581614,-0.024957884592786,0.110610255095183,0.123246042521487,0.985879083130415,-0.0249365030344057,0.110606628167866,0.123234646377076,0.985879653959604,-0.0249314803380842,0.110605785827907,0.123231851962205,0.985876710581614,-0.024957884592786,0.110610255095183,0.123246042521487,0.985876710581614,-0.024957884592786,0.110610255095183,0.123246042521487,0.985879083130415,-0.0249365030344057,0.110606628167866,0.123234646377076,0.98699073333428,0.0145707953880359,-0.0652561763521075,0.146214280020532,0.962996051737371,-0.0166145021258274,0.029539052240876,0.267376152732543,0.981435160941346,-0.0327012004317639,-0.00729328917033602,0.188845080135637,0.981435160941346,-0.0327012004317639,-0.00729328917033602,0.188845080135637,0.982659451212856,-0.057420574034934,0.0471141578467683,0.169892721297698,0.979032237753952,-0.0518314840045715,0.111180551959265,0.162629208847631,0.992931850290838,-0.0285644020129736,-0.00344808492399741,0.115145674369525,0.992931850290838,-0.0285644020129736,-0.00344808492399741,0.115145674369525
1208,1978,0.985934398649569,-0.0245586792813852,0.110568808472021,0.122901470392113,0.985934398649569,-0.0245586792813852,0.110568808472021,0.122901470392113,0.990279661810011,-0.0182807796761109,0.0603182497496504,0.123990778879008,0.990282771441097,-0.0182743847565667,0.0602671754303304,0.123991721555749,0.985934398649569,-0.0245586792813852,0.110568808472021,0.122901470392113,0.967827663712626,-0.0379075235479544,0.218178168476982,0.119460955173859,0.985934398649569,-0.0245586792813852,0.110568808472021,0.122901470392113,0.985934398649569,-0.0245586792813852,0.110568808472021,0.122901470392113,0.985931520876039,-0.0245786397130418,0.110570881546807,0.122918699825855,0.985931520876039,-0.0245786397130418,0.110570881546807,0.122918699825855,0.985933846754697,-0.024562457550472,0.110569186810339,0.122904802309214,0.985934398649569,-0.0245586792813852,0.110568808472021,0.122901470392113,0.985931520876039,-0.0245786397130418,0.110570881546807,0.122918699825855,0.985931520876039,-0.0245786397130418,0.110570881546807,0.122918699825855,0.985933846754697,-0.024562457550472,0.110569186810339,0.122904802309214,0.987114231177809,0.0144617711345801,-0.064009879538807,0.145942067627264,0.962584997479496,-0.016636350810824,0.0305167529859316,0.268741664515001,0.981388052562883,-0.0332649721548178,-0.00719701282422087,0.188995065863586,0.981388052562883,-0.0332649721548178,-0.00719701282422087,0.188995065863586,0.98271696858395,-0.0572701531361407,0.0471044528723492,0.169613265213929,0.978848450335899,-0.0522861469527594,0.1124480819117,0.162718465412574,0.992886273438459,-0.0288521187400284,-0.00287574902672754,0.115482177539382,0.992886273438459,-0.0288521187400284,-0.00287574902672754,0.115482177539382
1209,1979,0.985971568549253,-0.024358343974108,0.110589731817243,0.12262401195506,0.985971568549253,-0.024358343974108,0.110589731817243,0.12262401195506,0.990317847052192,-0.0180948043989854,0.0603372569876767,0.123703497456127,0.990320957663536,-0.018088424296392,0.0602861806989057,0.12370443054147,0.985971568549253,-0.024358343974108,0.110589731817243,0.12262401195506,0.967862310915578,-0.0376779287452803,0.218203047366535,0.119207176439093,0.985971568549253,-0.024358343974108,0.110589731817243,0.12262401195506,0.985971568549253,-0.024358343974108,0.110589731817243,0.12262401195506,0.985969569381386,-0.0243693588407532,0.110588789664399,0.122638746748886,0.985969569381386,-0.0243693588407532,0.110588789664399,0.122638746748886,0.985971191928439,-0.0243603851246655,0.110589526434147,0.122626819932924,0.985971568549253,-0.024358343974108,0.110589731817243,0.12262401195506,0.985969569381386,-0.0243693588407532,0.110588789664399,0.122638746748886,0.985969569381386,-0.0243693588407532,0.110588789664399,0.122638746748886,0.985971191928439,-0.0243603851246655,0.110589526434147,0.122626819932924,0.987290597672279,0.0145140319510771,-0.0627992959217915,0.145268258942428,0.962233913628412,-0.0166248204477778,0.0314614660447156,0.269888286079159,0.981344476448256,-0.0337288336767934,-0.00708285083506684,0.189143378280475,0.981344476448256,-0.0337288336767934,-0.00708285083506684,0.189143378280475,0.982757364738032,-0.0570835838415286,0.0470801736166036,0.169448764413308,0.978642359819495,-0.0527238090855534,0.113755008680736,0.162908347000655,0.992828758441519,-0.0291580194632709,-0.0022749874148853,0.1159124270504,0.992828758441519,-0.0291580194632709,-0.0022749874148853,0.1159124270504
1210,1980,0.985980875985948,-0.0243170622017794,0.110659003150453,0.122494806818927,0.985980875985948,-0.0243170622017794,0.110659003150453,0.122494806818927,0.990330663004612,-0.0180601425056818,0.0604059657742032,0.123572361247999,0.990333777159635,-0.0180537691665593,0.0603548888243508,0.123573292545809,0.985980875985948,-0.0243170622017794,0.110659003150453,0.122494806818927,0.967863954474702,-0.0376227069969746,0.21827292185899,0.119083286526495,0.985980875985948,-0.0243170622017794,0.110659003150453,0.122494806818927,0.985980875985948,-0.0243170622017794,0.110659003150453,0.122494806818927,0.98598031132337,-0.0243196770502067,0.110655492551066,0.122502003898406,0.98598031132337,-0.0243196770502067,0.110655492551066,0.122502003898406,0.985980779263606,-0.024317495433926,0.110658308396556,0.122496126964761,0.985980875985948,-0.0243170622017794,0.110659003150453,0.122494806818927,0.98598031132337,-0.0243196770502067,0.110655492551066,0.122502003898406,0.98598031132337,-0.0243196770502067,0.110655492551066,0.122502003898406,0.985980779263606,-0.024317495433926,0.110658308396556,0.122496126964761,0.987501327985606,0.0147123675643607,-0.0617236969687597,0.144273555095258,0.962013182333281,-0.0166262190234786,0.032363373171056,0.270567584782376,0.981324918823074,-0.0339525904272978,-0.00694556033088692,0.189209895332819,0.981324918823074,-0.0339525904272978,-0.00694556033088692,0.189209895332819,0.982760804799352,-0.0568439444723726,0.0470602194539302,0.169514902801789,0.97840240170465,-0.0532237542967595,0.115142203862726,0.163212270392776,0.992756338669389,-0.0294657662994268,-0.00160246693972264,0.116464813346544,0.992756338669389,-0.0294657662994268,-0.00160246693972264,0.116464813346544
1211,1981,0.98595072015911,-0.0244940399178441,0.110814494127924,0.122561687804175,0.98595072015911,-0.0244940399178441,0.110814494127924,0.122561687804175,0.990308448591446,-0.0182334924533568,0.0605627884059085,0.123648150256518,0.990311570834715,-0.0182271152051423,0.0605117126015686,0.12364909049485,0.98595072015911,-0.0244940399178441,0.110814494127924,0.122561687804175,0.967816904585709,-0.0378059592687308,0.218424160497945,0.119130326754677,0.98595072015911,-0.0244940399178441,0.110814494127924,0.122561687804175,0.98595072015911,-0.0244940399178441,0.110814494127924,0.122561687804175,0.985952201125168,-0.0244853218093499,0.110806544207233,0.122558703783862,0.985952201125168,-0.0244853218093499,0.110806544207233,0.122558703783862,0.985951021046712,-0.0244922744803544,0.110812932303925,0.122561032232639,0.98595072015911,-0.0244940399178441,0.110814494127924,0.122561687804175,0.985952201125168,-0.0244853218093499,0.110806544207233,0.122558703783862,0.985952201125168,-0.0244853218093499,0.110806544207233,0.122558703783862,0.985951021046712,-0.0244922744803544,0.110812932303925,0.122561032232639,0.987767986720972,0.0151360297446749,-0.0608870147571687,0.142751800152312,0.962120880389577,-0.0166730165260087,0.0333534285478407,0.27006105021349,0.981335304342933,-0.0341688467078559,-0.00688391555883919,0.189119332886401,0.981335304342933,-0.0341688467078559,-0.00688391555883919,0.189119332886401,0.982738409451584,-0.0565537268385077,0.0470736121306418,0.169737943931875,0.978141843385599,-0.0537637697861482,0.11661311395627,0.163552355317881,0.992665196061217,-0.0298640977757358,-0.000799318389793254,0.117146512038981,0.992665196061217,-0.0298640977757358,-0.000799318389793254,0.117146512038981
1212,1982,0.985883883054275,-0.0248140390212031,0.11104984552945,0.122821677277121,0.985883883054275,-0.0248140390212031,0.11104984552945,0.122821677277121,0.990253659011473,-0.0185398647019037,0.0608012324930851,0.123924066906094,0.990256793552705,-0.018533473222723,0.0607501595142319,0.123925022945383,0.985883883054275,-0.0248140390212031,0.11104984552945,0.122821677277121,0.967724624794364,-0.0381525755494632,0.218650748054736,0.119353600367369,0.985883883054275,-0.0248140390212031,0.11104984552945,0.122821677277121,0.985883883054275,-0.0248140390212031,0.11104984552945,0.122821677277121,0.985887304602617,-0.024797603302024,0.111037681098666,0.122808529305144,0.985887304602617,-0.024797603302024,0.111037681098666,0.122808529305144,0.98588455556692,-0.0248108214041793,0.11104747652469,0.122819070967687,0.985883883054275,-0.0248140390212031,0.11104984552945,0.122821677277121,0.985887304602617,-0.024797603302024,0.111037681098666,0.122808529305144,0.985887304602617,-0.024797603302024,0.111037681098666,0.122808529305144,0.98588455556692,-0.0248108214041793,0.11104747652469,0.122819070967687,0.988051477556027,0.015456860836135,-0.0599131085837378,0.14115871412094,0.962239997381867,-0.016699988632823,0.0341886976978594,0.269530018305815,0.981295976272191,-0.0344634930161591,-0.00676746605214522,0.189274076419264,0.981295976272191,-0.0344634930161591,-0.00676746605214522,0.189274076419264,0.982652899498077,-0.0561511972670688,0.0470723313462732,0.170365835117035,0.977821386495957,-0.0543990976744069,0.118136153845513,0.164164318406661,0.992551480645995,-0.0302936297703616,7.82886178248752e-05,0.117999356496854,0.992551480645995,-0.0302936297703616,7.82886178248752e-05,0.117999356496854
1213,1983,0.985781772166248,-0.0253074581770246,0.111377419860682,0.123243257708354,0.985781772166248,-0.0253074581770246,0.111377419860682,0.123243257708354,0.990168328234287,-0.0190112204325873,0.0611335730328942,0.124370179334168,0.990171479916285,-0.0190048059442764,0.0610825044545825,0.124371159683304,0.985781772166248,-0.0253074581770246,0.111377419860682,0.123243257708354,0.967587156395597,-0.0386893092816465,0.218965126831495,0.11971844200982,0.985781772166248,-0.0253074581770246,0.111377419860682,0.123243257708354,0.985781772166248,-0.0253074581770246,0.111377419860682,0.123243257708354,0.985787062262368,-0.0252819657767412,0.111360434443278,0.123221522970619,0.985787062262368,-0.0252819657767412,0.111360434443278,0.123221522970619,0.985782802664667,-0.0253024918772439,0.111374120728047,0.123239016173656,0.985781772166248,-0.0253074581770246,0.111377419860682,0.123243257708354,0.985787062262368,-0.0252819657767412,0.111360434443278,0.123221522970619,0.985787062262368,-0.0252819657767412,0.111360434443278,0.123221522970619,0.985782802664667,-0.0253024918772439,0.111374120728047,0.123239016173656,0.98836237967118,0.0157875105885513,-0.0588725453500888,0.13937210755435,0.962483593985959,-0.0167510126751328,0.0349634388161159,0.268555939849376,0.981267914021194,-0.0346442090202402,-0.00663429392754098,0.189391250690046,0.981267914021194,-0.0346442090202402,-0.00663429392754098,0.189391250690046,0.982520579672775,-0.0556703005900422,0.0470520351703642,0.171289912540161,0.977459133017363,-0.0550506414425687,0.119682902307976,0.164982038576464,0.992420997578514,-0.0307885552150985,0.00107594993330427,0.118959954458535,0.992420997578514,-0.0307885552150985,0.00107594993330427,0.118959954458535
1214,1984,0.985649640938674,-0.0259624814540268,0.111820591495374,0.123761424490177,0.985649640938674,-0.0259624814540268,0.111820591495374,0.123761424490177,0.990058890859088,-0.0196390626818223,0.0615828871991578,0.124920966423047,0.990062065714867,-0.0196326197855177,0.0615318242645437,0.124921979152773,0.985649640938674,-0.0259624814540268,0.111820591495374,0.123761424490177,0.967407154014434,-0.0393972770122148,0.219391106762796,0.120161537935861,0.985649640938674,-0.0259624814540268,0.111820591495374,0.123761424490177,0.985649640938674,-0.0259624814540268,0.111820591495374,0.123761424490177,0.985656535069281,-0.0259284562720876,0.1117975862555,0.123734432305681,0.985656535069281,-0.0259284562720876,0.1117975862555,0.123734432305681,0.985650977071939,-0.0259558816761893,0.111816127299323,0.123756200973225,0.985649640938674,-0.0259624814540268,0.111820591495374,0.123761424490177,0.985656535069281,-0.0259284562720876,0.1117975862555,0.123734432305681,0.985656535069281,-0.0259284562720876,0.1117975862555,0.123734432305681,0.985650977071939,-0.0259558816761893,0.111816127299323,0.123756200973225,0.988690705908718,0.016119428932547,-0.0577486679358451,0.137462516389907,0.962814889890887,-0.0168113560939331,0.0356814993366949,0.267267088725433,0.981251688843725,-0.0346979235672923,-0.00647134416683223,0.189471103195528,0.981251688843725,-0.0346979235672923,-0.00647134416683223,0.189471103195528,0.98233284001906,-0.0551522251929582,0.047002808512977,0.172543210437983,0.977050426704788,-0.0556609972210664,0.121228757548265,0.166065967036152,0.992271550561175,-0.0313477123363998,0.00211838855284775,0.120041673214496,0.992271550561175,-0.0313477123363998,0.00211838855284775,0.120041673214496
1215,1985,0.985494802361882,-0.0267286218343213,0.112322777979965,0.124375113424739,0.985494802361882,-0.0267286218343213,0.112322777979965,0.124375113424739,0.989929774762754,-0.0203730237612745,0.0620922939951823,0.125572799472662,0.989932975891651,-0.020366547245332,0.0620412377191271,0.125573850055983,0.985494802361882,-0.0267286218343213,0.112322777979965,0.124375113424739,0.967198100455141,-0.0402261802373014,0.219873250786419,0.120687375015347,0.985494802361882,-0.0267286218343213,0.112322777979965,0.124375113424739,0.985494802361882,-0.0267286218343213,0.112322777979965,0.124375113424739,0.985502920660192,-0.0266886144059262,0.112296521996445,0.124343083357397,0.985502920660192,-0.0266886144059262,0.112296521996445,0.124343083357397,0.985496370262016,-0.0267208945979897,0.112317712173354,0.124368925075429,0.985494802361882,-0.0267286218343213,0.112322777979965,0.124375113424739,0.985502920660192,-0.0266886144059262,0.112296521996445,0.124343083357397,0.985502920660192,-0.0266886144059262,0.112296521996445,0.124343083357397,0.985496370262016,-0.0267208945979897,0.112317712173354,0.124368925075429,0.989023422179641,0.0163410610998598,-0.0565208821459201,0.135539772700303,0.96313979302547,-0.0168184739897365,0.0363496391139469,0.266002973216087,0.9812260760208,-0.0347550891428059,-0.0063339590572868,0.189597870447322,0.9812260760208,-0.0347550891428059,-0.0063339590572868,0.189597870447322,0.982084452962697,-0.0546474194864518,0.046943527893451,0.1741266549996,0.976603087358887,-0.056210772735929,0.122769244889918,0.167375240996626,0.992128736561362,-0.0319352838782529,0.00325001799899844,0.12103778383537,0.992128736561362,-0.0319352838782529,0.00325001799899844,0.12103778383537
1216,1986,0.98533265070619,-0.0275302568442463,0.112824450716637,0.12502917951779,0.98533265070619,-0.0275302568442463,0.112824450716637,0.12502917951779,0.989793328928243,-0.0211403815317261,0.0626015593763032,0.126266761427919,0.989796556322974,-0.0211338692232788,0.0625505101368424,0.126267851587232,0.98533265070619,-0.0275302568442463,0.112824450716637,0.12502917951779,0.966981834473793,-0.0410947977276031,0.220354081026187,0.121249446895767,0.98533265070619,-0.0275302568442463,0.112824450716637,0.12502917951779,0.98533265070619,-0.0275302568442463,0.112824450716637,0.12502917951779,0.985341198999356,-0.0274881756840572,0.112798058258079,0.124994879116232,0.985341198999356,-0.0274881756840572,0.112798058258079,0.124994879116232,0.985334294606552,-0.0275221634072518,0.112819384097726,0.125022577822581,0.98533265070619,-0.0275302568442463,0.112824450716637,0.12502917951779,0.985341198999356,-0.0274881756840572,0.112798058258079,0.124994879116232,0.985341198999356,-0.0274881756840572,0.112798058258079,0.124994879116232,0.985334294606552,-0.0275221634072518,0.112819384097726,0.125022577822581,0.989325172844477,0.0164088069182107,-0.055265110499152,0.133836545806007,0.963379968867594,-0.0167495516884222,0.036987298654695,0.265047972716523,0.981198546272524,-0.034822545102532,-0.00621857225509461,0.1897317382632,0.981198546272524,-0.034822545102532,-0.00621857225509461,0.1897317382632,0.981801970202276,-0.0541862040685101,0.0468914858736689,0.175869085254158,0.976141095045715,-0.0566732071705434,0.124283467755143,0.168790787055201,0.992007512198493,-0.032468432360539,0.00461038457628604,0.121842689546254,0.992007512198493,-0.032468432360539,0.00461038457628604,0.121842689546254
1217,1987,0.985175058504197,-0.0283089754629548,0.113263645492204,0.125698260207955,0.985175058504197,-0.0283089754629548,0.113263645492204,0.125698260207955,0.989658261367821,-0.0218840894461348,0.063048195813617,0.126974553908185,0.989661511798261,-0.0218775406318969,0.0629971535397488,0.126975682423717,0.985175058504197,-0.0283089754629548,0.113263645492204,0.125698260207955,0.966776961877468,-0.0419422863905587,0.220773311955735,0.121828959297046,0.985175058504197,-0.0283089754629548,0.113263645492204,0.125698260207955,0.985175058504197,-0.0283089754629548,0.113263645492204,0.125698260207955,0.985183398588212,-0.028267936414271,0.113240369925563,0.125663095362883,0.985183398588212,-0.028267936414271,0.113240369925563,0.125663095362883,0.985176657197093,-0.0283011075226316,0.113259203605221,0.125691504190478,0.985175058504197,-0.0283089754629548,0.113263645492204,0.125698260207955,0.985183398588212,-0.028267936414271,0.113240369925563,0.125663095362883,0.985183398588212,-0.028267936414271,0.113240369925563,0.125663095362883,0.985176657197093,-0.0283011075226316,0.113259203605221,0.125691504190478,0.989552800568604,0.0163276825742014,-0.0540648193239105,0.132648622232051,0.963503166361412,-0.016569832726411,0.0376054558705455,0.264523947391764,0.981173240129862,-0.0348467093591929,-0.0061124735828965,0.189861574223441,0.981173240129862,-0.0348467093591929,-0.0061124735828965,0.189861574223441,0.981507958507408,-0.0538101081311497,0.0468137870597315,0.177637465053577,0.975712314653636,-0.0570281438658552,0.125736574375971,0.170069349691989,0.991878533212267,-0.0331761119640449,0.0058884996635674,0.12264439049277,0.991878533212267,-0.0331761119640449,0.0058884996635674,0.12264439049277
1218,1988,0.985029892593706,-0.0290211778156427,0.113636956505835,0.126334967649962,0.985029892593706,-0.0290211778156427,0.113636956505835,0.126334967649962,0.989532255661603,-0.0225630123434993,0.0634284020950846,0.127646634451956,0.989535525701567,-0.0225564288654206,0.0633773663195269,0.12764779798243,0.985029892593705,-0.0290211778156427,0.113636956505835,0.126334967649962,0.96659167595373,-0.0427201058090861,0.221128422334253,0.122383599279416,0.985029892593705,-0.0290211778156427,0.113636956505835,0.126334967649962,0.985029892593705,-0.0290211778156427,0.113636956505835,0.126334967649962,0.985037595959663,-0.0289835165649115,0.113617130410522,0.126301377628345,0.985037595959663,-0.0289835165649115,0.113617130410522,0.126301377628345,0.985031365587813,-0.0290139772689547,0.113633179593082,0.126328533700074,0.985029892593705,-0.0290211778156427,0.113636956505835,0.126334967649962,0.985037595959663,-0.0289835165649115,0.113617130410522,0.126301377628345,0.985037595959663,-0.0289835165649115,0.113617130410522,0.126301377628345,0.985031365587813,-0.0290139772689547,0.113633179593082,0.126328533700074,0.989681252643253,0.0161394361064704,-0.0529894278763652,0.132146348046332,0.963510681779212,-0.0163013821422146,0.0381729320392469,0.264431954001666,0.981156544625676,-0.0347719215943147,-0.00600282115340069,0.189965035059199,0.981156544625676,-0.0347719215943147,-0.00600282115340069,0.189965035059199,0.981228670648052,-0.0535366594332174,0.0466974711160418,0.17928599551096,0.975332631040118,-0.0573245344490413,0.127133068033867,0.171106223121366,0.991757852203816,-0.0339140057731044,0.00726789634470389,0.123342533163626,0.991757852203816,-0.0339140057731044,0.00726789634470389,0.123342533163626
1219,1989,0.98489975950019,-0.0296281990597037,0.113948991915999,0.126926202173834,0.984899759500191,-0.0296281990597037,0.113948991915999,0.126926202173834,0.989418149164878,-0.023139201106002,0.0637466479538618,0.128267955273211,0.989421435618705,-0.0231325855821808,0.0636956180629886,0.128269148520124,0.984899759500191,-0.0296281990597037,0.113948991915999,0.126926202173834,0.966428061380316,-0.0433883863738762,0.221424278702429,0.122904592695577,0.984899759500191,-0.0296281990597037,0.113948991915999,0.126926202173834,0.984899759500191,-0.0296281990597037,0.113948991915999,0.126926202173834,0.984906673198729,-0.0295959655879911,0.113932401368937,0.126894963760717,0.984906673198729,-0.0295959655879911,0.113932401368937,0.126894963760717,0.984901079712696,-0.0296220569658102,0.113945834272627,0.126920226023254,0.984899759500191,-0.0296281990597037,0.113948991915999,0.126926202173834,0.984906673198729,-0.0295959655879911,0.113932401368937,0.126894963760717,0.984906673198729,-0.0295959655879911,0.113932401368937,0.126894963760717,0.984901079712696,-0.0296220569658102,0.113945834272627,0.126920226023254,0.989704611540398,0.0158772826741849,-0.0520672750171864,0.132369530719266,0.963417876681434,-0.0159647571878483,0.0387019173671368,0.264713586751186,0.981140697236786,-0.0346510638190818,-0.00591140056787652,0.190071805760995,0.981140697236786,-0.0346510638190818,-0.00591140056787652,0.190071805760995,0.980980946887632,-0.0533436077095836,0.0465662290468831,0.180727495617917,0.974994101178717,-0.0576057083849519,0.128472859675427,0.17193838825286,0.991631247201273,-0.0347731556859216,0.00858835219305096,0.124034420320733,0.991631247201273,-0.0347731556859216,0.00858835219305096,0.124034420320733
1220,1990,0.984780408841758,-0.0301713857127967,0.114219784845992,0.127479702679939,0.984780408841758,-0.0301713857127967,0.114219784845992,0.127479702679939,0.989312715122326,-0.0236535555088073,0.0640231566395737,0.128848346605565,0.989316015837387,-0.0236469100502876,0.0639721321861537,0.128849566379827,0.984780408841758,-0.0301713857127967,0.114219784845992,0.127479702679939,0.966279693389528,-0.0439890744130504,0.22168032621738,0.123395090840272,0.984780408841758,-0.0301713857127967,0.114219784845992,0.127479702679939,0.984780408841758,-0.0301713857127967,0.114219784845992,0.127479702679939,0.984786740106073,-0.030142615255743,0.114205417763322,0.127450468066236,0.984786740106073,-0.030142615255743,0.114205417763322,0.127450468066236,0.984781618984256,-0.030165892529881,0.114217045738189,0.1274741083572,0.984780408841758,-0.0301713857127967,0.114219784845992,0.127479702679939,0.984786740106073,-0.030142615255743,0.114205417763322,0.127450468066236,0.984786740106073,-0.030142615255743,0.114205417763322,0.127450468066236,0.984781618984256,-0.030165892529881,0.114217045738189,0.1274741083572,0.98962580747246,0.01558716136382,-0.0512915271442433,0.133292838623507,0.963232558408757,-0.0155241550855283,0.039198879643497,0.265340322727049,0.981122952919296,-0.0345372247136781,-0.00579505456669931,0.190187667072727,0.981122952919296,-0.0345372247136781,-0.00579505456669931,0.190187667072727,0.980773272309528,-0.053172845964642,0.0464549159374477,0.181929595065027,0.974688999349001,-0.0578585793111613,0.129740704325246,0.172629919160399,0.991504437650677,-0.0357004608045328,0.00991980814900753,0.124683698307548,0.991504437650677,-0.0357004608045328,0.00991980814900753,0.124683698307548
1221,1991,0.98467074959157,-0.0306617359850356,0.114499200594936,0.12795821938539,0.98467074959157,-0.0306617359850356,0.114499200594936,0.12795821938539,0.989217398197209,-0.0241189526768871,0.0643077844591831,0.129351165760752,0.989220713592239,-0.0241122812845633,0.0642567649214094,0.129352409537471,0.98467074959157,-0.0306617359850356,0.114499200594936,0.12795821938539,0.966140011202364,-0.0445290107313721,0.221946008731856,0.123816861392869,0.98467074959157,-0.0306617359850356,0.114499200594936,0.12795821938539,0.98467074959157,-0.0306617359850356,0.114499200594936,0.12795821938539,0.98467656378228,-0.0306357804025003,0.114484513157023,0.127932833722425,0.98467656378228,-0.0306357804025003,0.114484513157023,0.127932833722425,0.984671861074222,-0.0306567776368463,0.114496379370365,0.127953378637028,0.98467074959157,-0.0306617359850356,0.114499200594936,0.12795821938539,0.98467656378228,-0.0306357804025003,0.114484513157023,0.127932833722425,0.98467656378228,-0.0306357804025003,0.114484513157023,0.127932833722425,0.984671861074222,-0.0306567776368463,0.114496379370365,0.127953378637028,0.989475453263107,0.0152933032739108,-0.050622882608346,0.134691373224724,0.962964250475097,-0.0150165963971418,0.0396550120564226,0.266273983254814,0.981111967823422,-0.0343344580033181,-0.00567732859512202,0.190284575116571,0.981111967823422,-0.0343344580033181,-0.00567732859512202,0.190284575116571,0.980610758194952,-0.0529490562133851,0.0464250017925631,0.182876071608601,0.974410571680028,-0.0580621837096564,0.130951011118124,0.173218513179768,0.991373173247836,-0.0367022644689738,0.0112336548800128,0.125323501967525,0.991373173247836,-0.0367022644689738,0.0112336548800128,0.125323501967525
1222,1992,0.984564245941154,-0.0311012056983845,0.114831779292497,0.128372984241054,0.984564245941154,-0.0311012056983845,0.114831779292497,0.128372984241054,0.989127934668905,-0.0245367750686501,0.0646453461494365,0.1297877295744,0.98913126747399,-0.0245300811597425,0.0645943312253464,0.129788994899966,0.984564245941153,-0.0311012056983845,0.114831779292497,0.128372984241054,0.965997627018266,-0.0450113728457552,0.222264879178499,0.124180853570055,0.984564245941153,-0.0311012056983845,0.114831779292497,0.128372984241054,0.984564245941153,-0.0311012056983845,0.114831779292497,0.128372984241054,0.984569874544053,-0.0310779348329916,0.114814417466587,0.128350978370378,0.984569874544053,-0.0310779348329916,0.114814417466587,0.128350978370378,0.984565324517963,-0.0310967614940156,0.114828425575876,0.128368788500901,0.984564245941153,-0.0311012056983845,0.114831779292497,0.128372984241054,0.984569874544053,-0.0310779348329916,0.114814417466587,0.128350978370378,0.984569874544053,-0.0310779348329916,0.114814417466587,0.128350978370378,0.984565324517963,-0.0310967614940156,0.114828425575876,0.128368788500901,0.989284631075193,0.0150042977528091,-0.0499594979682606,0.136362892056907,0.96262906730335,-0.0144785638289719,0.0401203439595838,0.267443466872343,0.981100919459969,-0.0341316890788805,-0.00555960225743888,0.190381470889802,0.981100919459969,-0.0341316890788805,-0.00555960225743888,0.190381470889802,0.980490342351449,-0.0527028748443184,0.046483423551483,0.183576651221268,0.974140580390528,-0.0582855111595451,0.132142583231014,0.173756342394487,0.991238679048255,-0.0378082133707336,0.012549837608474,0.125932210877068,0.991238679048255,-0.0378082133707336,0.012549837608474,0.125932210877068
1223,1993,0.98446499594798,-0.0315048719341661,0.115164240367163,0.128737378170483,0.98446499594798,-0.0315048719341661,0.115164240367163,0.128737378170483,0.989045709446055,-0.0249214002290622,0.0649824217196581,0.130172167933169,0.989049059636116,-0.0249146864920152,0.0649314110359325,0.130173453095486,0.98446499594798,-0.0315048719341661,0.115164240367163,0.128737378170483,0.965862465532969,-0.0454526161706304,0.222584429331378,0.124498711547725,0.98446499594798,-0.0315048719341661,0.115164240367163,0.128737378170483,0.98446499594798,-0.0315048719341661,0.115164240367163,0.128737378170483,0.984470250749339,-0.031483525425356,0.115146750492506,0.128718059600593,0.984470250749339,-0.031483525425356,0.115146750492506,0.128718059600593,0.984466001306037,-0.0315007908957927,0.115160882461431,0.128733692544517,0.98446499594798,-0.0315048719341661,0.115164240367163,0.128737378170483,0.984470250749339,-0.031483525425356,0.115146750492506,0.128718059600593,0.984470250749339,-0.031483525425356,0.115146750492506,0.128718059600593,0.984466001306037,-0.0315007908957927,0.115160882461431,0.128733692544517,0.989089607200638,0.0146611517496495,-0.0492322816035961,0.138068758251698,0.96227988824571,-0.0139177239636875,0.0405928700814498,0.268655788204993,0.981089955949816,-0.0338663944301174,-0.00539653733645387,0.190490007736543,0.981089955949816,-0.0338663944301174,-0.00539653733645387,0.190490007736543,0.980417091941974,-0.0524239934335024,0.046580020054613,0.184022695535739,0.97388257299571,-0.058469927914546,0.133310100996116,0.174248152120269,0.991095374808319,-0.0390398292481377,0.0139679989003342,0.126533571721332,0.991095374808319,-0.0390398292481377,0.0139679989003342,0.126533571721332
1224,1994,0.984368963493515,-0.031850101404399,0.115522613206599,0.129065257095595,0.984368963493515,-0.031850101404399,0.115522613206599,0.129065257095595,0.988968014505075,-0.0252495199262549,0.0653452120454696,0.130517168572246,0.988971383406357,-0.0252427883951666,0.0652942053684225,0.130518470657065,0.984368963493515,-0.031850101404399,0.115522613206599,0.129065257095595,0.965727656418972,-0.0458317660203771,0.222930087872629,0.12478669308895,0.984368963493515,-0.031850101404399,0.115522613206599,0.129065257095595,0.984368963493515,-0.031850101404399,0.115522613206599,0.129065257095595,0.984374037359086,-0.0318317729116678,0.115503821184802,0.129047898465581,0.984374037359086,-0.0318317729116678,0.115503821184802,0.129047898465581,0.984369935685381,-0.0318466083577795,0.115518996111771,0.129061941687678,0.984368963493515,-0.031850101404399,0.115522613206599,0.129065257095595,0.984374037359086,-0.0318317729116678,0.115503821184802,0.129047898465581,0.984374037359086,-0.0318317729116678,0.115503821184802,0.129047898465581,0.984369935685381,-0.0318466083577795,0.115518996111771,0.129061941687678,0.988917657973077,0.0142831398744644,-0.0484571312596972,0.139605745205744,0.961955195463513,-0.0133899432545289,0.0410476560984425,0.269773981824078,0.981082356121317,-0.0335579472328916,-0.00522651258135782,0.190588452565198,0.981082356121317,-0.0335579472328916,-0.00522651258135782,0.190588452565198,0.980386414932278,-0.0521223990651095,0.0466478887465512,0.18425446373812,0.973633568923167,-0.0586464840060744,0.134453063803882,0.174701565572296,0.990940959423948,-0.0404325900366777,0.0154524431640403,0.127131595597384,0.990940959423948,-0.0404325900366777,0.0154524431640403,0.127131595597384
1225,1995,0.984277690187263,-0.0321280471665747,0.115868744599923,0.129381804013263,0.984277690187263,-0.0321280471665747,0.115868744599923,0.129381804013263,0.988894450420925,-0.0255110187872539,0.0656955348728759,0.130847432320625,0.988897837390405,-0.0255042702222763,0.0656445319894725,0.130848747891958,0.984277690187263,-0.0321280471665747,0.115868744599923,0.129381804013263,0.96559892205699,-0.0461427946357929,0.223264101677619,0.125070800459832,0.984277690187263,-0.0321280471665747,0.115868744599923,0.129381804013263,0.984277690187263,-0.0321280471665747,0.115868744599923,0.129381804013263,0.984282515534454,-0.0321132337137367,0.115850499368513,0.129365109784984,0.984282515534454,-0.0321132337137367,0.115850499368513,0.129365109784984,0.98427861416413,-0.032125232828015,0.11586524729401,0.129378605589884,0.984277690187263,-0.0321280471665747,0.115868744599923,0.129381804013263,0.984282515534454,-0.0321132337137367,0.115850499368513,0.129365109784984,0.984282515534454,-0.0321132337137367,0.115850499368513,0.129365109784984,0.98427861416413,-0.032125232828015,0.11586524729401,0.129378605589884,0.988790747680617,0.0139274912218779,-0.0475899461651318,0.140833516300172,0.961687849056453,-0.0129278878511372,0.0415101869608599,0.270677400370542,0.98108157990714,-0.0332043581326874,-0.00503315814081721,0.190659569618302,0.98108157990714,-0.0332043581326874,-0.00503315814081721,0.190659569618302,0.980400689051011,-0.0518056239975654,0.0466409721780695,0.184269601249938,0.973368858851497,-0.0588834062432672,0.135668064505609,0.175157030577211,0.99077425918783,-0.041994382793189,0.0170102761584725,0.12772427196755,0.99077425918783,-0.041994382793189,0.0170102761584725,0.12772427196755
1226,1996,0.984184012226249,-0.0323338677753927,0.1162412455524,0.129708611531201,0.984184012226249,-0.0323338677753927,0.1162412455524,0.129708611531201,0.988819824956994,-0.0256999642326168,0.0660723153926868,0.131184277827455,0.988823231359244,-0.0256931982943885,0.0660213163576331,0.131185603143309,0.984184012226249,-0.0323338677753927,0.1162412455524,0.129708611531201,0.965464901604216,-0.0463832612193791,0.223624061450669,0.12537302735965,0.984184012226249,-0.0323338677753927,0.1162412455524,0.129708611531201,0.984184012226249,-0.0323338677753927,0.1162412455524,0.129708611531201,0.98418894508346,-0.0323228363243999,0.116221709150578,0.129691437456641,0.98418894508346,-0.0323228363243999,0.116221709150578,0.129691437456641,0.984184959720619,-0.0323317814742706,0.116237485743831,0.129705311666009,0.984184012226249,-0.0323338677753927,0.1162412455524,0.129708611531201,0.98418894508346,-0.0323228363243999,0.116221709150578,0.129691437456641,0.98418894508346,-0.0323228363243999,0.116221709150578,0.129691437456641,0.984184959720619,-0.0323317814742706,0.116237485743831,0.129705311666009,0.988724149529628,0.0136029345549815,-0.0466551779076913,0.141643251455228,0.961483604362292,-0.0125581369741142,0.0419527520896742,0.271351319013446,0.981081163819355,-0.0328411257395023,-0.00487366877243422,0.190728754548754,0.981081163819355,-0.0328411257395023,-0.00487366877243422,0.190728754548754,0.980460938769504,-0.0514769122940077,0.0464855237177199,0.184080338799633,0.973082513044391,-0.0592007676321619,0.136952606052362,0.175640757270179,0.990595682156048,-0.0437075089633986,0.018730806132567,0.128292653942596,0.990595682156048,-0.0437075089633986,0.018730806132567,0.128292653942596
1227,1997,0.984088039927164,-0.032467236081116,0.116627724888157,0.130056072680124,0.984088039927164,-0.032467236081116,0.116627724888157,0.130056072680124,0.988743618536628,-0.0258155013353704,0.0664631728355659,0.131538068065972,0.988747045097675,-0.0258087171500549,0.066412177730382,0.131539399340248,0.984088039927164,-0.032467236081116,0.116627724888157,0.130056072680124,0.965327065544883,-0.0465539819930117,0.223997663083303,0.12570373988199,0.984088039927164,-0.032467236081116,0.116627724888157,0.130056072680124,0.984088039927164,-0.032467236081116,0.116627724888157,0.130056072680124,0.984093092870951,-0.0324600163464535,0.116607425011027,0.130037841933687,0.984093092870951,-0.0324600163464535,0.116607425011027,0.130037841933687,0.984089010601431,-0.0324658815836849,0.116623822671476,0.13005256526491,0.984088039927164,-0.032467236081116,0.116627724888157,0.130056072680124,0.984093092870951,-0.0324600163464535,0.116607425011027,0.130037841933687,0.984093092870951,-0.0324600163464535,0.116607425011027,0.130037841933687,0.984089010601431,-0.0324658815836849,0.116623822671476,0.13005256526491,0.988720872020412,0.0132896536980716,-0.0456624626522568,0.142018878464493,0.961343767782408,-0.01228556906026,0.042404817083145,0.271788624535567,0.9810804935446,-0.0325375960425956,-0.00473241037275884,0.190787772989039,0.9810804935446,-0.0325375960425956,-0.00473241037275884,0.190787772989039,0.980559675567959,-0.0511092440570482,0.0461829612820712,0.18373269145472,0.97276711961588,-0.0596451871374361,0.13832941187372,0.176157760136293,0.990401857870232,-0.0455816950544581,0.0205609637871301,0.128855406449642,0.990401857870232,-0.0455816950544581,0.0205609637871301,0.128855406449642
1228,1998,0.98398215102069,-0.032542544260832,0.117036570246164,0.130470496706125,0.98398215102069,-0.032542544260832,0.117036570246164,0.130470496706125,0.988658645021712,-0.0258696501210144,0.0668768713840773,0.13195578388357,0.98866209291961,-0.025862844391695,0.0668258806609008,0.131957117950045,0.98398215102069,-0.032542544260832,0.117036570246164,0.130470496706125,0.965176916560664,-0.0466743478935242,0.224392406379402,0.126107386565679,0.98398215102069,-0.032542544260832,0.117036570246164,0.130470496706125,0.98398215102069,-0.032542544260832,0.117036570246164,0.130470496706125,0.983987707238793,-0.0325384181666375,0.117015114068385,0.130448865176053,0.983987707238793,-0.0325384181666375,0.117015114068385,0.130448865176053,0.983983221381335,-0.0325417776923793,0.117032442980073,0.13046631762546,0.98398215102069,-0.032542544260832,0.117036570246164,0.130470496706125,0.983987707238793,-0.0325384181666375,0.117015114068385,0.130448865176053,0.983987707238793,-0.0325384181666375,0.117015114068385,0.130448865176053,0.983983221381335,-0.0325417776923793,0.117032442980073,0.13046631762546,0.988776446301371,0.0129989044498093,-0.0445890417087425,0.141999947472642,0.961262589419329,-0.0120781266286215,0.0428390874360382,0.272016848058419,0.981085462307573,-0.0322542959569854,-0.00465651132173826,0.190812192858227,0.981085462307573,-0.0322542959569854,-0.00465651132173826,0.190812192858227,0.9806987594361,-0.0506426906338328,0.0457026592276848,0.183238991662199,0.97241150543537,-0.0602575075951188,0.139815919787452,0.176738239918052,0.990193993942362,-0.0476094546376024,0.0225578896461875,0.129384449623197,0.990193993942362,-0.0476094546376024,0.0225578896461875,0.129384449623197
1229,1999,0.983871238598775,-0.0325463719662493,0.117468257893642,0.130917255995457,0.983871238598775,-0.0325463719662493,0.117468257893642,0.130917255995457,0.988569815385954,-0.0258507674469572,0.0673136380107005,0.132402160359825,0.988573285810459,-0.0258439386955412,0.0672626518683823,0.132403493451822,0.983871238598775,-0.0325463719662493,0.117468257893642,0.130917255995457,0.965019265840986,-0.0467272168451573,0.224809302098864,0.126551023114992,0.983871238598775,-0.0325463719662493,0.117468257893642,0.130917255995457,0.983871238598775,-0.0325463719662493,0.117468257893642,0.130917255995457,0.983877072274275,-0.0325459746150797,0.117445601923689,0.130893837815758,0.983877072274275,-0.0325459746150797,0.117445601923689,0.130893837815758,0.98387236040319,-0.0325463260888903,0.117463899980196,0.130912746874454,0.983871238598775,-0.0325463719662493,0.117468257893642,0.130917255995457,0.983877072274275,-0.0325459746150797,0.117445601923689,0.130893837815758,0.983877072274275,-0.0325459746150797,0.117445601923689,0.130893837815758,0.98387236040319,-0.0325463260888903,0.117463899980196,0.130912746874454,0.98888150317963,0.0126876897220262,-0.0434356135855912,0.14165360098196,0.961231839149861,-0.0119542766646341,0.0433086479230652,0.272056625887108,0.981088984149907,-0.0320099414471526,-0.00461978887348653,0.190836124407877,0.981088984149907,-0.0320099414471526,-0.00461978887348653,0.190836124407877,0.980853803537677,-0.0500425559331877,0.0450637446590997,0.182731545165704,0.972011865621823,-0.0610109661141365,0.141462438265402,0.1773667772279,0.989973801273612,-0.0498021569399397,0.0247275309115768,0.129846706431173,0.989973801273612,-0.0498021569399397,0.0247275309115768,0.129846706431173
1230,2000,0.983747260518223,-0.0325101375335967,0.117939063899352,0.131433616654886,0.983747260518223,-0.0325101375335967,0.117939063899352,0.131433616654886,0.988469925069846,-0.0257883370900765,0.0677901364726261,0.132916012201561,0.988473420070164,-0.0257814818365414,0.0677391554815742,0.132917342072993,0.983747260518222,-0.0325101375335967,0.117939063899352,0.131433616654886,0.964844332403179,-0.046747909811812,0.225263644647837,0.127068239767708,0.983747260518222,-0.0325101375335967,0.117939063899352,0.131433616654886,0.983747260518222,-0.0325101375335967,0.117939063899352,0.131433616654886,0.983753764026944,-0.0325119298148166,0.117914392347286,0.131406629436669,0.983753764026944,-0.0325119298148166,0.117914392347286,0.131406629436669,0.98374851402035,-0.0325104995019035,0.117934312559852,0.131428408291072,0.983747260518222,-0.0325101375335967,0.117939063899352,0.131433616654886,0.983753764026944,-0.0325119298148166,0.117914392347286,0.131406629436669,0.983753764026944,-0.0325119298148166,0.117914392347286,0.131406629436669,0.98374851402035,-0.0325104995019035,0.117934312559852,0.131428408291072,0.989021756344339,0.0124219926034741,-0.0422271000779574,0.141062155081813,0.961244327057286,-0.0118827267689206,0.0437872161954527,0.271939008240035,0.981094472153765,-0.031761310607304,-0.00461527859581741,0.190849561333828,0.981094472153765,-0.031761310607304,-0.00461527859581741,0.190849561333828,0.981011526190625,-0.049273521839858,0.0443041677607839,0.182279034026577,0.971561870227815,-0.0619633604185004,0.14323158080541,0.178080848338785,0.989727944987207,-0.0521929479826227,0.0269819554245643,0.130332134079636,0.989727944987207,-0.0521929479826227,0.0269819554245643,0.130332134079636
1231,2001,0.983578082668391,-0.0325273176119829,0.118484562825424,0.13220263717267,0.983578082668391,-0.0325273176119829,0.118484562825424,0.13220263717267,0.988328689478529,-0.0257664114059864,0.0683435284954857,0.133684912049554,0.988332213020545,-0.0257595164960316,0.0682925547880041,0.133686240789133,0.983578082668391,-0.0325273176119829,0.118484562825424,0.13220263717267,0.964616269608857,-0.0468494420318514,0.225787264342907,0.12783072184629,0.983578082668391,-0.0325273176119829,0.118484562825424,0.13220263717267,0.983578082668391,-0.0325273176119829,0.118484562825424,0.13220263717267,0.983586889860023,-0.0325265489866602,0.118456057082197,0.132162839887181,0.983586889860023,-0.0325265489866602,0.118456057082197,0.132162839887181,0.983579791517553,-0.0325271495808427,0.118479060868258,0.132194895492252,0.983578082668391,-0.0325273176119829,0.118484562825424,0.13220263717267,0.983586889860023,-0.0325265489866602,0.118456057082197,0.132162839887181,0.983586889860023,-0.0325265489866602,0.118456057082197,0.132162839887181,0.983579791517553,-0.0325271495808427,0.118479060868258,0.132194895492252,0.989202246154202,0.012368953289842,-0.041090222790418,0.140133931611973,0.961441963353357,-0.0119577808492546,0.0443423715134481,0.271145932421947,0.981154798476075,-0.0315182991347234,-0.00467897381194551,0.190577977350725,0.981154798476075,-0.0315182991347234,-0.00467897381194551,0.190577977350725,0.98115762445631,-0.0483414120579364,0.0434826519722566,0.181939778028211,0.971071054495571,-0.0630604047702372,0.145136381747205,0.17882903333744,0.98946001461637,-0.0547560390620908,0.0294415349439037,0.13078169475026,0.98946001461637,-0.0547560390620908,0.0294415349439037,0.13078169475026
1232,2002,0.98343191965269,-0.0324843644771945,0.119027325116284,0.13281160095564,0.98343191965269,-0.0324843644771945,0.119027325116284,0.13281160095564,0.988210299896592,-0.0256925647054423,0.068893017747817,0.134290905882506,0.988213851778987,-0.0256856385411077,0.0688420501456148,0.134292230812594,0.98343191965269,-0.0324843644771945,0.119027325116284,0.13281160095564,0.964411382981087,-0.046873626879932,0.226310691511957,0.128440719349466,0.98343191965269,-0.0324843644771945,0.119027325116284,0.13281160095564,0.98343191965269,-0.0324843644771945,0.119027325116284,0.13281160095564,0.983439686219416,-0.032486474299337,0.118998763896197,0.132779165336409,0.983439686219416,-0.032486474299337,0.118998763896197,0.132779165336409,0.983433401801575,-0.0324847924415818,0.11902184288831,0.132805434363509,0.98343191965269,-0.0324843644771945,0.119027325116284,0.13281160095564,0.983439686219416,-0.032486474299337,0.118998763896197,0.132779165336409,0.983439686219416,-0.032486474299337,0.118998763896197,0.132779165336409,0.983433401801575,-0.0324847924415818,0.11902184288831,0.132805434363509,0.98938551869779,0.0122481096308027,-0.0398267428011906,0.139212462658427,0.961489047197265,-0.0120231704875233,0.0448640640762762,0.270890146084502,0.981165394407151,-0.0313206933698086,-0.00474094292986436,0.190554471070166,0.981165394407151,-0.0313206933698086,-0.00474094292986436,0.190554471070166,0.981257743249368,-0.0472551805059251,0.0425268497788541,0.181911121915062,0.97049982032578,-0.0643986182055632,0.147210164884586,0.179755623209667,0.989173398896377,-0.0575045519949877,0.0319520922587824,0.13118032328033,0.989173398896377,-0.0575045519949877,0.0319520922587824,0.13118032328033
1233,2003,0.983290556585934,-0.03242900796925,0.11953550141412,0.133414034766695,0.983290556585934,-0.03242900796925,0.11953550141412,0.133414034766695,0.988094946313305,-0.025606662530241,0.0694077217570765,0.134889747811541,0.988098524742007,-0.0255997054804062,0.0693567601036167,0.134891068310378,0.983290556585934,-0.03242900796925,0.11953550141412,0.133414034766695,0.964215065602139,-0.0468847662403016,0.226800269037021,0.129045588553778,0.983290556585934,-0.03242900796925,0.11953550141412,0.133414034766695,0.983290556585934,-0.03242900796925,0.11953550141412,0.133414034766695,0.983298029805431,-0.0324318818380823,0.119508666569682,0.133382293562286,0.983298029805431,-0.0324318818380823,0.119508666569682,0.133382293562286,0.983291988239737,-0.0324295659196199,0.119530365217494,0.133407949196378,0.983290556585934,-0.03242900796925,0.11953550141412,0.133414034766695,0.983298029805431,-0.0324318818380823,0.119508666569682,0.133382293562286,0.983298029805431,-0.0324318818380823,0.119508666569682,0.133382293562286,0.983291988239737,-0.0324295659196199,0.119530365217494,0.133407949196378,0.989559038303335,0.0121281752679822,-0.0385896148573754,0.138335312563375,0.961503658681489,-0.0121098193710622,0.0454051903211104,0.270744224885435,0.981175502179578,-0.0311360659168964,-0.00481596904898805,0.190530800040288,0.981175502179578,-0.0311360659168964,-0.00481596904898805,0.190530800040288,0.981306492842292,-0.0460426118705586,0.0415056509951604,0.182194747271059,0.969860774468535,-0.0659027642037441,0.149418391454204,0.180834311215645,0.988870277156356,-0.060377195774911,0.0345975147242869,0.131503540492158,0.988870277156356,-0.060377195774911,0.0345975147242869,0.131503540492158
1234,2004,0.98315684827271,-0.0323787156843609,0.120015761936476,0.133979279561839,0.98315684827271,-0.0323787156843609,0.120015761936476,0.133979279561839,0.98798581884126,-0.0255277080731094,0.0698941570325284,0.13545170616058,0.987989422358284,-0.0255207220400568,0.0698432010067333,0.135453022586549,0.98315684827271,-0.0323787156843609,0.120015761936476,0.133979279561839,0.964029422465762,-0.0468968549856512,0.227262940311551,0.129612937524512,0.98315684827271,-0.0323787156843609,0.120015761936476,0.133979279561839,0.98315684827271,-0.0323787156843609,0.120015761936476,0.133979279561839,0.983163922207611,-0.032381374481637,0.119990408979139,0.133949432283406,0.983163922207611,-0.032381374481637,0.119990408979139,0.133949432283406,0.983158202509156,-0.0323792242801832,0.120010908315089,0.133973566644192,0.98315684827271,-0.0323787156843609,0.120015761936476,0.133979279561839,0.983163922207611,-0.032381374481637,0.119990408979139,0.133949432283406,0.983163922207611,-0.032381374481637,0.119990408979139,0.133949432283406,0.983158202509156,-0.0323792242801832,0.120010908315089,0.133973566644192,0.989704279689719,0.011985347487929,-0.0374394583196279,0.13762295291913,0.96149425214606,-0.012222695147236,0.0459663535590338,0.270677858632567,0.981181291718837,-0.0309789127630589,-0.00489384542687255,0.190524617889428,0.981181291718837,-0.0309789127630589,-0.00489384542687255,0.190524617889428,0.981302917038007,-0.04466045275775,0.0404824233902642,0.182787314572493,0.969178670031149,-0.0674767259444444,0.151697817141505,0.182009256047529,0.988542094498858,-0.0634300415002803,0.0373133148416759,0.131791023118458,0.988542094498858,-0.0634300415002803,0.0373133148416759,0.131791023118458
1235,2005,0.983030287808203,-0.0323582456658121,0.120488774193896,0.134487369229991,0.983030287808204,-0.0323582456658121,0.120488774193896,0.134487369229991,0.987883461605681,-0.0254814421106113,0.0703729901382869,0.135958098886887,0.987887089818932,-0.0254744299601262,0.0703220393909879,0.135959412925989,0.983030287808203,-0.0323582456658121,0.120488774193896,0.134487369229991,0.963851679967444,-0.0469323086659506,0.227719192162108,0.130120201922134,0.983030287808203,-0.0323582456658121,0.120488774193896,0.134487369229991,0.983030287808203,-0.0323582456658121,0.120488774193896,0.134487369229991,0.98303698251291,-0.0323594025341064,0.120463857522301,0.134460474156519,0.98303698251291,-0.0323594025341064,0.120463857522301,0.134460474156519,0.983031569432851,-0.0323584555335261,0.12048399583837,0.134482231542645,0.983030287808203,-0.0323582456658121,0.120488774193896,0.134487369229991,0.98303698251291,-0.0323594025341064,0.120463857522301,0.134460474156519,0.98303698251291,-0.0323594025341064,0.120463857522301,0.134460474156519,0.983031569432851,-0.0323584555335261,0.12048399583837,0.134482231542645,0.989817193297928,0.011799932332905,-0.0363923037700117,0.137106840365691,0.961456548905803,-0.012353176919701,0.0465571375666638,0.270704888259765,0.98119043660981,-0.0308202227771206,-0.00499498636911804,0.190500632766908,0.98119043660981,-0.0308202227771206,-0.00499498636911804,0.190500632766908,0.98126266165958,-0.0431153475244981,0.0394624887351008,0.183595663411286,0.968456071474511,-0.0690778598520091,0.15402967856751,0.183291966607411,0.988200174800575,-0.06660247762008,0.0401441150735992,0.131958230224335,0.988200174800575,-0.06660247762008,0.0401441150735992,0.131958230224335
1236,2006,0.982916506085314,-0.0323295859665199,0.12091149346869,0.134945732364691,0.982916506085314,-0.0323295859665199,0.12091149346869,0.134945732364691,0.987791310581645,-0.025429524278631,0.070800945807153,0.136414413121092,0.987794960867076,-0.0254224885935477,0.0707499998120265,0.136415724481895,0.982916506085314,-0.0323295859665199,0.12091149346869,0.134945732364691,0.96369216223537,-0.0469541610915267,0.228126858642089,0.130578939988041,0.982916506085314,-0.0323295859665199,0.12091149346869,0.134945732364691,0.982916506085314,-0.0323295859665199,0.12091149346869,0.134945732364691,0.982922540441412,-0.0323310771414987,0.120889112965543,0.134921470898724,0.982922540441412,-0.0323310771414987,0.120889112965543,0.134921470898724,0.982917658721776,-0.0323298747280883,0.120907218738477,0.134941097631134,0.982916506085314,-0.0323295859665199,0.12091149346869,0.134945732364691,0.982922540441412,-0.0323310771414987,0.120889112965543,0.134921470898724,0.982922540441412,-0.0323310771414987,0.120889112965543,0.134921470898724,0.982917658721776,-0.0323298747280883,0.120907218738477,0.134941097631134,0.989903989488451,0.0116287304616378,-0.0354356601583846,0.136744938523657,0.961402264887579,-0.012472750699607,0.0471745229002335,0.270785302311915,0.981198626333334,-0.0306842838355162,-0.00507531677370084,0.190478270589398,0.981198626333334,-0.0306842838355162,-0.00507531677370084,0.190478270589398,0.981193172767734,-0.0415109584864741,0.0384233920457941,0.18455471000009,0.967687140141069,-0.0706637352580333,0.15641715847893,0.184721162454006,0.987827980599689,-0.0699760640601671,0.0430024091813157,0.13209853900627,0.987827980599689,-0.0699760640601671,0.0430024091813157,0.13209853900627
1237,2007,0.982825766913847,-0.0322818921791093,0.121269260425502,0.135296555031519,0.982825766913847,-0.0322818921791093,0.121269260425502,0.135296555031519,0.987718871290675,-0.0253640624338541,0.0711628620153406,0.13676235850157,0.987722540242238,-0.0253570088033762,0.0711119197558305,0.136763666485679,0.982825766913847,-0.0322818921791093,0.121269260425502,0.135296555031519,0.963562680925995,-0.0469452841572087,0.228472496289268,0.130932878458619,0.982825766913847,-0.0322818921791093,0.121269260425502,0.135296555031519,0.982825766913847,-0.0322818921791093,0.121269260425502,0.135296555031519,0.982830612522709,-0.0322843516550467,0.121250253906924,0.135277801778251,0.982830612522709,-0.0322843516550467,0.121250253906924,0.135277801778251,0.982826687136614,-0.032282372047473,0.121265640169448,0.135293000636955,0.982825766913847,-0.0322818921791093,0.121269260425502,0.135296555031519,0.982830612522709,-0.0322843516550467,0.121250253906924,0.135277801778251,0.982830612522709,-0.0322843516550467,0.121250253906924,0.135277801778251,0.982826687136614,-0.032282372047473,0.121265640169448,0.135293000636955,0.989972146713961,0.0114645965558065,-0.0345197952051337,0.136499434047764,0.961333500216713,-0.0126091423625824,0.0478303591773344,0.270908042757926,0.981205408482172,-0.0305455893718114,-0.00516459445877651,0.190463225582631,0.981205408482172,-0.0305455893718114,-0.00516459445877651,0.190463225582631,0.981127324810556,-0.0398953628455486,0.0372867812826175,0.1854918555492,0.966878821918635,-0.0721935987366991,0.15887032471062,0.186262309534215,0.987424916851583,-0.0735275973193697,0.0459489066860171,0.132190861966498,0.987424916851583,-0.0735275973193697,0.0459489066860171,0.132190861966498
1238,2008,0.982754980869836,-0.0322338701691484,0.1215417147524,0.135577419817949,0.982754980869836,-0.0322338701691484,0.1215417147524,0.135577419817949,0.987662023538907,-0.0253018282264668,0.0714385617748456,0.137040419727073,0.987665706709918,-0.0252947602549051,0.0713876224469241,0.137041724501046,0.982754980869836,-0.0322338701691484,0.1215417147524,0.135577419817949,0.963462401331185,-0.0469283980086195,0.228735528658259,0.13121731825837,0.982754980869836,-0.0322338701691484,0.1215417147524,0.135577419817949,0.982754980869836,-0.0322338701691484,0.1215417147524,0.135577419817949,0.982758766723635,-0.0322363943836081,0.121527142237902,0.135562439504726,0.982758766723635,-0.0322363943836081,0.121527142237902,0.135562439504726,0.982755698733271,-0.0322343552142091,0.121538954105527,0.135574575736529,0.982754980869836,-0.0322338701691484,0.1215417147524,0.135577419817949,0.982758766723635,-0.0322363943836081,0.121527142237902,0.135562439504726,0.982758766723635,-0.0322363943836081,0.121527142237902,0.135562439504726,0.982755698733271,-0.0322343552142091,0.121538954105527,0.135574575736529,0.990026149562899,0.0113015961263016,-0.0336274326277275,0.136344024003719,0.961255406356943,-0.0127823636241391,0.0485196221635252,0.271054424783727,0.981209509493996,-0.0304009102558531,-0.00523213071489133,0.190463403157536,0.981209509493996,-0.0304009102558531,-0.00523213071489133,0.190463403157536,0.981072020145949,-0.0383511400614967,0.0360649518295346,0.186349672906245,0.966032325363922,-0.0736999429396116,0.161376133153724,0.187903188932556,0.986989412312489,-0.0772850178294189,0.0489542044777464,0.132221071944322,0.986989412312489,-0.0772850178294189,0.0489542044777464,0.132221071944322
1239,2009,0.982701412472723,-0.0322054553801237,0.121766002603372,0.135771069001723,0.982701412472723,-0.0322054553801237,0.121766002603372,0.135771069001723,0.987619923241994,-0.0252636084183314,0.0716652822597227,0.13723237454696,0.9876236181063,-0.0252565305466412,0.0716143451028465,0.13723367734947,0.982701412472722,-0.0322054553801237,0.121766002603372,0.135771069001723,0.963384525018596,-0.0469214222101154,0.228952576793935,0.131412916685887,0.982701412472722,-0.0322054553801237,0.121766002603372,0.135771069001723,0.982701412472722,-0.0322054553801237,0.121766002603372,0.135771069001723,0.982704282631898,-0.0322070024105052,0.121754059888045,0.135760637864713,0.982704282631898,-0.0322070024105052,0.121754059888045,0.135760637864713,0.982701955792309,-0.0322057443934452,0.121763732174981,0.135769104132176,0.982701412472722,-0.0322054553801237,0.121766002603372,0.135771069001723,0.982704282631898,-0.0322070024105052,0.121754059888045,0.135760637864713,0.982704282631898,-0.0322070024105052,0.121754059888045,0.135760637864713,0.982701955792309,-0.0322057443934452,0.121763732174981,0.135769104132176,0.990070310509748,0.011130460857699,-0.0327237870668988,0.136257281817253,0.961170895116844,-0.0129448186649583,0.0491894299109572,0.271225629384561,0.9812190157282,-0.0302677741263926,-0.00530351174325579,0.190433657177521,0.9812190157282,-0.0302677741263926,-0.00530351174325579,0.190433657177521,0.9810466697397,-0.0368894847970323,0.0348087041213573,0.187015913283992,0.965183646943792,-0.0751729896497469,0.163889934741134,0.189498386773994,0.986517369775714,-0.0811891940735151,0.0520958419554113,0.132203695664903,0.986517369775714,-0.0811891940735151,0.0520958419554113,0.132203695664903
1240,2010,0.982667225857375,-0.0321828525011163,0.121901857438509,0.135901892494932,0.982667225857375,-0.0321828525011163,0.121901857438509,0.135901892494932,0.987592685291066,-0.0252343859694037,0.0718026989796963,0.13736188024179,0.987596387242754,-0.0252273014184221,0.0717517632274502,0.137363181536963,0.982667225857375,-0.0321828525011163,0.121901857438509,0.135901892494932,0.963335625220675,-0.0469133234670471,0.229083855393343,0.131545431163872,0.982667225857375,-0.0321828525011163,0.121901857438509,0.135901892494932,0.982667225857375,-0.0321828525011163,0.121901857438509,0.135901892494932,0.982669079717247,-0.0321840600300371,0.121894467687606,0.135894829904591,0.982669079717247,-0.0321840600300371,0.121894467687606,0.135894829904591,0.982667573343714,-0.032183081426165,0.121900476209061,0.135900564637156,0.982667225857375,-0.0321828525011163,0.121901857438509,0.135901892494932,0.982669079717247,-0.0321840600300371,0.121894467687606,0.135894829904591,0.982669079717247,-0.0321840600300371,0.121894467687606,0.135894829904591,0.982667573343714,-0.032183081426165,0.121900476209061,0.135900564637156,0.990105981562621,0.0109056438043433,-0.0318388691950185,0.136225910220905,0.961077428402133,-0.0131280702700222,0.0498931254352809,0.27141942896784,0.981222884884117,-0.0301382987751614,-0.00535176264701013,0.190432906198483,0.981222884884117,-0.0301382987751614,-0.00535176264701013,0.190432906198483,0.981069652329086,-0.0355561176542376,0.0334665988285125,0.187398203137317,0.964331141922945,-0.0766666631900686,0.166435774739139,0.191015194055006,0.985994361855617,-0.0853245043527517,0.0553111994157623,0.132195002042752,0.986177881908442,-0.0848715870904997,0.0519364575847597,0.132486238201806
1241,2011,0.982648505692266,-0.0321707441214879,0.1219721441659,0.135977033101177,0.982648505692266,-0.0321707441214879,0.1219721441659,0.135977033101177,0.987577561466625,-0.0252184744024593,0.0718738462815659,0.137436308365517,0.987581267087795,-0.0252113860128259,0.0718229113092451,0.137437608839943,0.982648505692266,-0.0321707441214879,0.1219721441659,0.135977033101177,0.963309299198623,-0.0469095404879795,0.229151661065613,0.131621447034803,0.982648505692266,-0.0321707441214879,0.1219721441659,0.135977033101177,0.982648505692266,-0.0321707441214879,0.1219721441659,0.135977033101177,0.98264953470605,-0.0321714099271488,0.12196826038077,0.135972922984587,0.98264953470605,-0.0321714099271488,0.12196826038077,0.135972922984587,0.982648696424716,-0.0321708674963662,0.121971427493274,0.135976268424276,0.982648505692266,-0.0321707441214879,0.1219721441659,0.135977033101177,0.98264953470605,-0.0321714099271488,0.12196826038077,0.135972922984587,0.98264953470605,-0.0321714099271488,0.12196826038077,0.135972922984587,0.982648696424716,-0.0321708674963662,0.121971427493274,0.135976268424276,0.99013433769422,0.0106516572781732,-0.0309775139373529,0.136238500969139,0.960982639006135,-0.0133171966897428,0.0506096686447888,0.271613109478899,0.981227269831444,-0.0300164588081062,-0.00538225132934419,0.190428696656726,0.981227269831444,-0.0300164588081062,-0.00538225132934419,0.190428696656726,0.981153630946297,-0.0343239722847465,0.0320703206600751,0.187432419661738,0.963489960815063,-0.0782076387424124,0.16900228595421,0.192376942467585,0.985420308988247,-0.0896418193177799,0.0586671747850715,0.132171560729399,0.985868977392683,-0.0885530858549997,0.0505705663252712,0.132903454514184
1242,2012,0.982641723356278,-0.0321735452810679,0.121994757684969,0.136005094025322,0.982641723356278,-0.0321735452810679,0.121994757684969,0.136005094025322,0.987571937171471,-0.0252198458152231,0.0718967752726064,0.137464475388538,0.987575643975225,-0.0252127559728576,0.0718458405903313,0.137465775933658,0.982641723356278,-0.0321735452810679,0.121994757684969,0.136005094025322,0.96330007440565,-0.0469154064358033,0.229173392943597,0.13164903059177,0.982641723356278,-0.0321735452810679,0.121994757684969,0.136005094025322,0.982641723356278,-0.0321735452810679,0.121994757684969,0.136005094025322,0.982642113965837,-0.0321734385147493,0.121993432824981,0.136003485479107,0.982642113965837,-0.0321734385147493,0.121993432824981,0.136003485479107,0.982641793093923,-0.0321735185034487,0.121994524383916,0.136004805770274,0.982641723356278,-0.0321735452810679,0.121994757684969,0.136005094025322,0.982642113965837,-0.0321734385147493,0.121993432824981,0.136003485479107,0.982642113965837,-0.0321734385147493,0.121993432824981,0.136003485479107,0.982641793093923,-0.0321735185034487,0.121994524383916,0.136004805770274,0.990159618029364,0.0103667388375358,-0.0301036448501427,0.136272638913889,0.96088534570354,-0.0135373648969489,0.0513223367479869,0.271812637518127,0.981229887716646,-0.0299222150371996,-0.00538311993593641,0.190430014752408,0.981229887716646,-0.0299222150371996,-0.00538311993593641,0.190430014752408,0.981301428053976,-0.0331489763220468,0.0306194328680847,0.187112540998363,0.962665154294831,-0.079771855117579,0.171572126187232,0.193585271529634,0.984776460642188,-0.0942029732528848,0.0620773621839755,0.132240400406387,0.985499973927808,-0.0924766331890884,0.0492755286015724,0.133453347591344
1243,2013,0.98264697132684,-0.0321362081810436,0.121960728709213,0.13600652380916,0.98264697132684,-0.0321362081810436,0.121960728709213,0.13600652380916,0.987575448921781,-0.025182484300689,0.0718625235573824,0.137464005759154,0.987579153958979,-0.0251753944825946,0.0718115886940323,0.137465304377333,0.98264697132684,-0.0321362081810436,0.121960728709213,0.13600652380916,0.963309027792832,-0.0468784522044969,0.229140146150608,0.131654552195577,0.98264697132684,-0.0321362081810436,0.121960728709213,0.13600652380916,0.98264697132684,-0.0321362081810436,0.121960728709213,0.13600652380916,0.982646728516865,-0.032138069699629,0.12196236392221,0.136006371900696,0.982646728516865,-0.032138069699629,0.12196236392221,0.136006371900696,0.982646919556982,-0.0321365812846757,0.121961066667508,0.136006506630498,0.98264697132684,-0.0321362081810436,0.121960728709213,0.13600652380916,0.982646728516865,-0.032138069699629,0.12196236392221,0.136006371900696,0.982646728516865,-0.032138069699629,0.12196236392221,0.136006371900696,0.982646919556982,-0.0321365812846757,0.121961066667508,0.136006506630498,0.990185594221063,0.0100378555960656,-0.0292051607192854,0.136304031633237,0.960799228410818,-0.0137757714368977,0.0520315783047881,0.271970192605012,0.981230212398605,-0.029847941534903,-0.00537213089823758,0.190440307897069,0.981230212398605,-0.029847941534903,-0.00537213089823758,0.190440307897069,0.981510203647062,-0.031955859347166,0.0291586102163559,0.186457283688083,0.961834851383646,-0.0813724194166098,0.174160233024575,0.194731767451825,0.984060493957225,-0.0989687416663249,0.065541706371236,0.132417586187014,0.985075513773286,-0.0965840456918313,0.0479270613086841,0.134166877717301
1244,2014,0.982665099650582,-0.0320835822500535,0.121888052940145,0.135953110406406,0.982665099650582,-0.0320835822500535,0.121888052940145,0.135953110406406,0.987589860252574,-0.0251326409818837,0.0717890203800628,0.13740798680007,0.987593561498784,-0.0251255540530654,0.0717380847735379,0.137409282847626,0.982665099650582,-0.0320835822500535,0.121888052940145,0.135953110406406,0.963335027924943,-0.0468202785841167,0.229069900889832,0.131607241413526,0.982665099650582,-0.0320835822500535,0.121888052940145,0.135953110406406,0.982665099650582,-0.0320835822500535,0.121888052940145,0.135953110406406,0.982664181366142,-0.0320863066314263,0.121891768523024,0.135955773518792,0.982664181366142,-0.0320863066314263,0.121891768523024,0.135955773518792,0.982664917904716,-0.0320841122421987,0.121888783084251,0.135953644376267,0.982665099650582,-0.0320835822500535,0.121888052940145,0.135953110406406,0.982664181366142,-0.0320863066314263,0.121891768523024,0.135955773518792,0.982664181366142,-0.0320863066314263,0.121891768523024,0.135955773518792,0.982664917904716,-0.0320841122421987,0.121888783084251,0.135953644376267,0.990217351640562,0.00968087800903898,-0.0283110959629621,0.136287779922858,0.960724895904396,-0.0140119492326911,0.0527483007463862,0.272082627958046,0.981232978485513,-0.0297353988629002,-0.00534535296691205,0.19044441495768,0.981232978485513,-0.0297353988629002,-0.00534535296691205,0.19044441495768,0.981769663680735,-0.0306989588441809,0.027650699223593,0.185529890407304,0.960986080314622,-0.0830680947008243,0.176818153977261,0.195808032287717,0.983296815721781,-0.103789469787626,0.0693319381677769,0.132469621055205,0.984648719629169,-0.100664812343043,0.0463297354981816,0.134859371558842
1245,2015,0.982692880711144,-0.0320011997063709,0.121785454497177,0.135863639322305,0.982692880711145,-0.0320011997063709,0.121785454497177,0.135863639322305,0.987612391100268,-0.0250549120470683,0.0716851426214831,0.13731444445091,0.987616086988894,-0.0250478299428534,0.071634205853055,0.137315736489677,0.982692880711144,-0.0320011997063709,0.121785454497177,0.135863639322305,0.963373908600854,-0.0467285683846719,0.228970974043799,0.131527359014265,0.982692880711144,-0.0320011997063709,0.121785454497177,0.135863639322305,0.982692880711144,-0.0320011997063709,0.121785454497177,0.135863639322305,0.98269144639407,-0.0320054550738164,0.121790770279071,0.135868246122043,0.98269144639407,-0.0320054550738164,0.121790770279071,0.135868246122043,0.982692601211663,-0.0320020288359202,0.121786487798988,0.135864539390626,0.982692880711144,-0.0320011997063709,0.121785454497177,0.135863639322305,0.98269144639407,-0.0320054550738164,0.121790770279071,0.135868246122043,0.98269144639407,-0.0320054550738164,0.121790770279071,0.135868246122043,0.982692601211663,-0.0320020288359202,0.121786487798988,0.135864539390626,0.990260813195597,0.0093072781811126,-0.027416916491092,0.136180795680502,0.960670898770581,-0.0142729267161947,0.0534498810716407,0.272122799544077,0.981232834846038,-0.0296709443524601,-0.00530049796807078,0.190456461172972,0.981232834846038,-0.0296709443524601,-0.00530049796807078,0.190456461172972,0.982069157104529,-0.0293734342446955,0.0260976098997534,0.184380819995445,0.960130948805978,-0.0848192870717735,0.179485042285011,0.196823192946146,0.982454108705144,-0.108783861863419,0.0731108073908831,0.132683101897401,0.984141555493067,-0.104949560464072,0.0450184919855313,0.135736229096853
1246,2016,0.982729556061057,-0.0319199460679182,0.121660830153471,0.135729065028191,0.982729556061057,-0.0319199460679182,0.121660830153471,0.135729065028191,0.987642685331448,-0.0249806028173938,0.071558815396022,0.137175914552392,0.987646374704634,-0.0249735278580365,0.0715078770653196,0.137177202758802,0.982729556061057,-0.0319199460679182,0.121660830153471,0.135729065028191,0.963424048714308,-0.0466330268967218,0.228851131324545,0.131402522246931,0.982729556061057,-0.0319199460679182,0.121660830153471,0.135729065028191,0.982729556061057,-0.0319199460679182,0.121660830153471,0.135729065028191,0.982727651628452,-0.0319242215523747,0.121667327289882,0.13573602422806,0.982727651628452,-0.0319242215523747,0.121667327289882,0.13573602422806,0.982729186718069,-0.0319207669022791,0.121662086755377,0.135730419800208,0.982729556061057,-0.0319199460679182,0.121660830153471,0.135729065028191,0.982727651628452,-0.0319242215523747,0.121667327289882,0.13573602422806,0.982727651628452,-0.0319242215523747,0.121667327289882,0.13573602422806,0.982729186718069,-0.0319207669022791,0.121662086755377,0.135730419800208,0.990323977328429,0.00889122059468418,-0.0264746510693484,0.135935495642213,0.960641487985503,-0.0145331941552324,0.0541777726765844,0.272068900788843,0.981236612824255,-0.0295915605823544,-0.00522620475661138,0.190451400570662,0.981236612824255,-0.0295915605823544,-0.00522620475661138,0.190451400570662,0.982385087803717,-0.0279949663443214,0.0244945914809095,0.183127922798375,0.959258310245699,-0.0866474140259692,0.182160724033534,0.197821107283216,0.981547190756794,-0.113856251696141,0.0768936543767528,0.133000872868338,0.983580904637419,-0.109309692625851,0.0437735742041109,0.13676209025924
1247,2017,0.982778112054183,-0.0318204602826064,0.121508845663969,0.135536862882499,0.982778112054183,-0.0318204602826064,0.121508845663969,0.135536862882499,0.987683454340935,-0.0248910137948921,0.071404559578034,0.13697890467108,0.987687135758235,-0.024883948996551,0.0713536191448518,0.136980188257147,0.982778112054183,-0.0318204602826064,0.121508845663969,0.135536862882499,0.963489002377473,-0.0465130346874426,0.228705398722979,0.131222408516195,0.982778112054183,-0.0318204602826064,0.121508845663969,0.135536862882499,0.982778112054183,-0.0318204602826064,0.121508845663969,0.135536862882499,0.982775590855662,-0.0318256484051808,0.121516769970734,0.135546821201292,0.982775590855662,-0.0318256484051808,0.121516769970734,0.135546821201292,0.982777623157899,-0.031821463360377,0.12151037811905,0.135538798500946,0.982778112054183,-0.0318204602826064,0.121508845663969,0.135536862882499,0.982775590855662,-0.0318256484051808,0.121516769970734,0.135546821201292,0.982775590855662,-0.0318256484051808,0.121516769970734,0.135546821201292,0.982777623157899,-0.031821463360377,0.12151037811905,0.135538798500946,0.990407085944834,0.00848698435594349,-0.0255141050102224,0.135538945149841,0.960635061206181,-0.0148219649202278,0.0549297934115671,0.271925185176112,0.981233375083474,-0.0295131030859961,-0.00513773309942796,0.190482660804413,0.981233375083474,-0.0295131030859961,-0.00513773309942796,0.190482660804413,0.982714247179638,-0.0265172512111065,0.0227898275645376,0.181797050410458,0.958365020983908,-0.0885220691918202,0.184842149554036,0.19883085668164,0.980585570087987,-0.118903573147666,0.0807611094754362,0.133384868797902,0.982985796093067,-0.113622260685053,0.0425363579513358,0.137911438279549
1248,2018,0.982843192352796,-0.0317180356886269,0.121328853140056,0.135249897794927,0.982843192352796,-0.0317180356886269,0.121328853140056,0.135249897794927,0.987739302862672,-0.0248033058530555,0.0712214921135516,0.136687104952307,0.987742974838088,-0.0247962561045682,0.0711705488001935,0.136688384015174,0.982843192352796,-0.0317180356886269,0.121328853140056,0.135249897794927,0.963573456316909,-0.0463797143050539,0.228533642249896,0.130948427796842,0.982843192352796,-0.0317180356886269,0.121328853140056,0.135249897794927,0.982843192352796,-0.0317180356886269,0.121328853140056,0.135249897794927,0.982839815537101,-0.0317234164297607,0.12133824938415,0.135264744414096,0.982839815537101,-0.0317234164297607,0.12133824938415,0.135264744414096,0.98284253730016,-0.0317190699859992,0.121330668468808,0.135252786890028,0.982843192352796,-0.0317180356886269,0.121328853140056,0.135249897794927,0.982839815537101,-0.0317234164297607,0.12133824938415,0.135264744414096,0.982839815537101,-0.0317234164297607,0.12133824938415,0.135264744414096,0.98284253730016,-0.0317190699859992,0.121330668468808,0.135252786890028,0.99051246727464,0.00807168104534421,-0.0245280698864811,0.134975086316888,0.960640497268617,-0.0151347717253963,0.0556937369437155,0.271733290852571,0.981233183961153,-0.0294455817920114,-0.00504594815837383,0.190496548035841,0.981233183961153,-0.0294455817920114,-0.00504594815837383,0.190496548035841,0.983040977709677,-0.0249556759392067,0.0210164316104791,0.180460411127708,0.957450009310997,-0.0904235173634241,0.187524876072767,0.199868676965382,0.979575989060589,-0.123868679970772,0.0845105791763123,0.133960418727155,0.982336296145584,-0.117886282858695,0.041551866525092,0.139253969340253
1249,2019,0.982919927241851,-0.0316270406196862,0.121172071867488,0.134853535110711,0.982919927241851,-0.0316270406196862,0.121172071867489,0.134853535110711,0.987807970567917,-0.024732572527438,0.0710610135888754,0.136286629888592,0.987811634266471,-0.0247255434337749,0.0710100667341546,0.136287905303881,0.982919927241851,-0.0316270406196862,0.121172071867489,0.134853535110711,0.963666945223305,-0.0462457399514954,0.228386236568164,0.130564455984597,0.982919927241851,-0.0316270406196862,0.121172071867489,0.134853535110711,0.982919927241851,-0.0316270406196862,0.121172071867489,0.134853535110711,0.982915926615144,-0.0316318595699134,0.121180381354909,0.134874096256921,0.982915926615144,-0.0316318595699134,0.121180381354909,0.134874096256921,0.982919154310699,-0.0316279609445362,0.121173657952923,0.134857527761483,0.982919927241851,-0.0316270406196862,0.121172071867489,0.134853535110711,0.982915926615144,-0.0316318595699134,0.121180381354909,0.134874096256921,0.982915926615144,-0.0316318595699134,0.121180381354909,0.134874096256921,0.982919154310699,-0.0316279609445362,0.121173657952923,0.134857527761483,0.990634553048726,0.00766012206493292,-0.02354639920979,0.134276103310136,0.960664993705361,-0.0154735954363846,0.056472268092482,0.27146679474632,0.981235121773278,-0.0293554301027966,-0.00495872399189473,0.19050277052692,0.981235121773278,-0.0293554301027966,-0.00495872399189473,0.19050277052692,0.983353225299963,-0.0233736127174263,0.0192060368647677,0.179168179844093,0.956519117864292,-0.0923363660141527,0.190204592571696,0.20091636477911,0.97850167399794,-0.128851215802487,0.0882467415205415,0.134700968001194,0.981641631442768,-0.122126618367921,0.0404069402967253,0.140826402639044
1250,2020,0.983006318983375,-0.0315602008620062,0.121058126057514,0.134340837706738,0.983006318983375,-0.0315602008620062,0.121058126057514,0.134340837706738,0.987888459652245,-0.0246918757208153,0.0709428243849752,0.135771198078187,0.987892117255016,-0.0246848732108963,0.0708918733791412,0.1357724713952,0.983006318983375,-0.0315602008620062,0.121058126057514,0.134340837706738,0.963765328254936,-0.0461229985819342,0.22828246778817,0.130062200335106,0.983006318983375,-0.0315602008620062,0.121058126057514,0.134340837706738,0.983006318983375,-0.0315602008620062,0.121058126057514,0.134340837706738,0.983001806663205,-0.0315637840319112,0.121064239721515,0.134367501633067,0.983001806663205,-0.0315637840319112,0.121064239721515,0.134367501633067,0.983005448759902,-0.0315608785085606,0.121059281551804,0.13434600480205,0.983006318983375,-0.0315602008620062,0.121058126057514,0.134340837706738,0.983001806663205,-0.0315637840319112,0.121064239721515,0.134367501633067,0.983001806663205,-0.0315637840319112,0.121064239721515,0.134367501633067,0.983005448759902,-0.0315608785085606,0.121059281551804,0.13434600480205,0.990772498208319,0.00726313102007398,-0.0225678800033219,0.133445848620286,0.960696699682313,-0.0158521243101035,0.0572721764011926,0.271165003613371,0.981234624962096,-0.029282588664799,-0.00485235394849948,0.190519278388678,0.981234624962096,-0.029282588664799,-0.00485235394849948,0.190519278388678,0.983648400626395,-0.0217778325569909,0.0173553580146015,0.177933531135758,0.955573029592649,-0.0942909482004883,0.192881909049003,0.201955369733491,0.977401681652982,-0.133633249033911,0.0921749355465876,0.135395305352691,0.980956141617392,-0.126115646709137,0.0391830864559054,0.142423936239819
1251,2021,0.983055157158417,-0.0315761610285995,0.121036809119755,0.133998488338652,0.983055157158417,-0.0315761610285995,0.121036809119755,0.133998488338652,0.987936151333251,-0.0247252143197155,0.0709190529159506,0.135430102263832,0.987939807709932,-0.0247182294019636,0.0708680994504225,0.135431377300756,0.983055157158417,-0.0315761610285995,0.121036809119755,0.133998488338652,0.96381621210409,-0.0461012644088785,0.228266643342772,0.129720168987905,0.983055157158417,-0.0315761610285995,0.121036809119755,0.133998488338652,0.983055157158417,-0.0315761610285995,0.121036809119755,0.133998488338652,0.983052492900448,-0.0315755422836834,0.1210381810521,0.134016939449101,0.983052492900448,-0.0315755422836834,0.1210381810521,0.134016939449101,0.98305466067771,-0.0315760082227738,0.121037033918359,0.134001963585591,0.983055157158417,-0.0315761610285995,0.121036809119755,0.133998488338652,0.983052492900448,-0.0315755422836834,0.1210381810521,0.134016939449101,0.983052492900448,-0.0315755422836834,0.1210381810521,0.134016939449101,0.98305466067771,-0.0315760082227738,0.121037033918359,0.134001963585591,0.990929816181294,0.00700567838354169,-0.0216996857575919,0.132431656001555,0.960876514303142,-0.016358614594101,0.0581116451080542,0.270317880821897,0.981258453605253,-0.0291995743257447,-0.00474539591648349,0.190411956833121,0.981258453605253,-0.0291995743257447,-0.00474539591648349,0.190411956833121,0.983917126539342,-0.0201657897159352,0.0155290365232544,0.176802935644058,0.954633264364649,-0.0961968780268247,0.195533086020574,0.202949016991111,0.976236375600718,-0.138550245260525,0.0958814223389618,0.136283239404119,0.980185024755191,-0.130297361906973,0.0383148201278949,0.144193929429486
1252,2022,0.983154094716982,-0.0314798969169783,0.120980537299611,0.1333444851729,0.983154094716982,-0.0314798969169783,0.120980537299611,0.1333444851729,0.988032101159173,-0.0246623126991325,0.0708578255597878,0.134772051881166,0.98803575437789,-0.0246553617207886,0.070806867145674,0.134773323674778,0.983154094716982,-0.0314798969169783,0.120980537299611,0.1333444851729,0.96392073114063,-0.0459337580601466,0.228221577510507,0.129080693778742,0.983154094716982,-0.0314798969169783,0.120980537299611,0.1333444851729,0.983154094716982,-0.0314798969169783,0.120980537299611,0.1333444851729,0.983149025716694,-0.0314846795408152,0.120983420852242,0.133378109393622,0.983149025716694,-0.0314846795408152,0.120983420852242,0.133378109393622,0.983153102588848,-0.0314808581009464,0.120981102538077,0.133351060257583,0.983154094716982,-0.0314798969169783,0.120980537299611,0.1333444851729,0.983149025716694,-0.0314846795408152,0.120983420852242,0.133378109393622,0.983149025716694,-0.0314846795408152,0.120983420852242,0.133378109393622,0.983153102588848,-0.0314808581009464,0.120981102538077,0.133351060257583,0.991095104876847,0.00660501130280263,-0.0207261929261342,0.131367011999323,0.960918766921519,-0.0168095545873473,0.0589675086847165,0.269954431658605,0.981259847140381,-0.0291371907333905,-0.00461232240306223,0.190417601571527,0.981259847140381,-0.0291371907333905,-0.00461232240306223,0.190417601571527,0.984200138600367,-0.018492532715985,0.0135911449911436,0.1755659254827,0.953664989069033,-0.0982533398013107,0.198225458891341,0.203902028653879,0.974992431698104,-0.143509643238648,0.099481727544833,0.137470456148335,0.97933926064453,-0.134500690700695,0.0374361929703033,0.146296644586099
1253,2023,0.983261598164232,-0.031361933955849,0.120965567522664,0.132591063605315,0.983261598164232,-0.031361933955849,0.120965567522664,0.132591063605315,0.988138704878006,-0.0245827929641684,0.070837411532171,0.134013608784782,0.988142357043716,-0.024575881103066,0.0707864476199367,0.134014876478128,0.983261598164232,-0.031361933955849,0.120965567522664,0.132591063605315,0.964029228342234,-0.0457337656976362,0.228218504623172,0.128344784563119,0.983261598164232,-0.031361933955849,0.120965567522664,0.132591063605315,0.983261598164232,-0.031361933955849,0.120965567522664,0.132591063605315,0.983255984661944,-0.0313680717180449,0.12096646204946,0.132630417937965,0.983255984661944,-0.0313680717180449,0.12096646204946,0.132630417937965,0.983260516146911,-0.0313631232911468,0.120965723234348,0.13259866396886,0.983261598164232,-0.031361933955849,0.120965567522664,0.132591063605315,0.983255984661944,-0.0313680717180449,0.12096646204946,0.132630417937965,0.983255984661944,-0.0313680717180449,0.12096646204946,0.132630417937965,0.983260516146911,-0.0313631232911468,0.120965723234348,0.13259866396886,0.991270154232461,0.00622379095047511,-0.0197557591413765,0.130209276685288,0.960963157974292,-0.0173065911885741,0.0597894309685976,0.269583966255336,0.981265651363514,-0.0290531661790899,-0.00453060266436247,0.190402491130255,0.981265651363514,-0.0290531661790899,-0.00453060266436247,0.190402491130255,0.984499379847768,-0.0168259039059949,0.0115856939880033,0.174194235644933,0.952685033869884,-0.100354331929189,0.200927060585068,0.204813453239843,0.973770834765423,-0.148117771553026,0.103363427371159,0.138374452094685,0.978565592132001,-0.13828454460969,0.0363733233704186,0.148201713770216
1254,2024,0.983375153188943,-0.0311691719495557,0.120987254457271,0.131772057240879,0.983375153188943,-0.0311691719495557,0.120987254457271,0.131772057240879,0.988253215340307,-0.0244319040314453,0.0708532992882492,0.133185864170762,0.988256868325285,-0.0244250348619448,0.0708023294700513,0.133187124083026,0.983375153188943,-0.0311691719495557,0.120987254457271,0.131772057240879,0.964139714770093,-0.0454522240241784,0.228252531318997,0.127551901909656,0.983375153188943,-0.0311691719495557,0.120987254457271,0.131772057240879,0.983375153188943,-0.0311691719495557,0.120987254457271,0.131772057240879,0.983369213235222,-0.0311791175248234,0.120986217109577,0.13181497775681,0.983369213235222,-0.0311791175248234,0.120986217109577,0.13181497775681,0.983374010393719,-0.0311711115765333,0.120987039584899,0.131780323788265,0.983375153188943,-0.0311691719495557,0.120987254457271,0.131772057240879,0.983369213235222,-0.0311791175248234,0.120986217109577,0.13181497775681,0.983369213235222,-0.0311791175248234,0.120986217109577,0.13181497775681,0.983374010393719,-0.0311711115765333,0.120987039584899,0.131780323788265,0.991441270425297,0.00585155907559911,-0.0187990401036607,0.129060306233325,0.961018004325961,-0.0178322707545464,0.0606288453274536,0.269166395739408,0.981265251904329,-0.0289831042072926,-0.0044315311948302,0.190417558557273,0.981265251904329,-0.0289831042072926,-0.0044315311948302,0.190417558557273,0.984811734357662,-0.0151542092740701,0.00953960125315169,0.172699721541937,0.951709747741045,-0.102488550967603,0.203609413230653,0.205640122104386,0.972483653058733,-0.152854384454064,0.107120497275092,0.139414062239969,0.977722246943102,-0.142212705576612,0.035474839470397,0.150254084702082
1255,2025,0.98349312694778,-0.0309214177935908,0.121036884515417,0.130901519299483,0.98349312694778,-0.0309214177935908,0.121036884515417,0.130901519299483,0.988373558966364,-0.024228712979969,0.0708968694857839,0.132303859734375,0.98837721419834,-0.0242218893006213,0.0708458934607368,0.132305109168117,0.98349312694778,-0.0309214177935908,0.121036884515417,0.130901519299483,0.964251524409139,-0.0451103634920701,0.22831481739338,0.126713838782085,0.98349312694778,-0.0309214177935908,0.121036884515417,0.130901519299483,0.98349312694778,-0.0309214177935908,0.121036884515417,0.130901519299483,0.98348695272104,-0.0309343034568262,0.121034353785765,0.130947195085599,0.98348695272104,-0.0309343034568262,0.121034353785765,0.130947195085599,0.983491939926533,-0.030923914862078,0.121036386576094,0.13091030789724,0.98349312694778,-0.0309214177935908,0.121036884515417,0.130901519299483,0.98348695272104,-0.0309343034568262,0.121034353785765,0.130947195085599,0.98348695272104,-0.0309343034568262,0.121034353785765,0.130947195085599,0.983491939926533,-0.030923914862078,0.121036386576094,0.13091030789724,0.991607938288505,0.00549001856117249,-0.0178713748803049,0.127922517092599,0.961086908663392,-0.0183859066792367,0.0614479192965992,0.268696977365854,0.981270400523113,-0.0289451090917659,-0.00433160328083879,0.190399104330593,0.981270400523113,-0.0289451090917659,-0.00433160328083879,0.190399104330593,0.985136011800575,-0.0135236110720309,0.00747923086939852,0.171079546710974,0.950755870230555,-0.104618006508289,0.206284569756569,0.206312927895272,0.971166508510965,-0.157476970134912,0.11114942246426,0.140294057285449,0.976881997987729,-0.146034125535924,0.0349305507402649,0.152169158542205
1256,2026,0.983622474222322,-0.030589834777889,0.121085227757914,0.12995944687414,0.983622474222322,-0.030589834777889,0.121085227757914,0.12995944687414,0.988505196010926,-0.0239454369634756,0.0709385764998909,0.131346152864099,0.988508853393789,-0.0239386626787834,0.0708875936855326,0.131347387688992,0.983622474222322,-0.030589834777889,0.121085227757914,0.12995944687414,0.964374780089266,-0.044677325042369,0.228377073508284,0.125813880198607,0.983622474222322,-0.030589834777889,0.121085227757914,0.12995944687414,0.983622474222322,-0.030589834777889,0.121085227757914,0.12995944687414,0.98361572419962,-0.030607059025275,0.12108268726607,0.13000883773616,0.98361572419962,-0.030607059025275,0.12108268726607,0.13000883773616,0.983621173919316,-0.0305931757360525,0.121084739966464,0.129968956151936,0.983622474222322,-0.030589834777889,0.121085227757914,0.12995944687414,0.98361572419962,-0.030607059025275,0.12108268726607,0.13000883773616,0.98361572419962,-0.030607059025275,0.12108268726607,0.13000883773616,0.983621173919316,-0.0305931757360525,0.121084739966464,0.129968956151936,0.991764619012099,0.00512320233919723,-0.0169874978639463,0.126838945871923,0.9611613707557,-0.0189841545297113,0.0622681877686223,0.268199727881718,0.98127374372872,-0.0289172667881552,-0.00425368905235168,0.190387861166541,0.98127374372872,-0.0289172667881552,-0.00425368905235168,0.190387861166541,0.985460887972663,-0.0119586716801284,0.0054570151713435,0.169393180007926,0.949811964822041,-0.106835844622534,0.208979143589544,0.206811632480538,0.969957989876572,-0.161618095595483,0.114279594152012,0.141425822999695,0.976014896397207,-0.149686009721082,0.0356826256839086,0.153999255611292
1257,2027,0.983758743681045,-0.0301935551734944,0.121144662481903,0.128961444661666,0.983758743681045,-0.0301935551734944,0.121144662481903,0.128961444661666,0.988644309991174,-0.0236003904583719,0.0709910088591317,0.130329300441041,0.988647970078081,-0.0235936686188831,0.0709400188698207,0.130330517471316,0.983758743681045,-0.0301935551734944,0.121144662481903,0.128961444661666,0.964503697983841,-0.0441738389713015,0.22845111422853,0.124865435304476,0.983758743681045,-0.0301935551734944,0.121144662481903,0.128961444661666,0.983758743681045,-0.0301935551734944,0.121144662481903,0.128961444661666,0.983751622899398,-0.0302142312972394,0.121141567438671,0.129013818284784,0.983751622899398,-0.0302142312972394,0.121141567438671,0.129013818284784,0.983757373813495,-0.0301975515588624,0.121144063974605,0.128971520542882,0.983758743681045,-0.0301935551734944,0.121144662481903,0.128961444661666,0.983751622899398,-0.0302142312972394,0.121141567438671,0.129013818284784,0.983751622899398,-0.0302142312972394,0.121141567438671,0.129013818284784,0.983757373813495,-0.0301975515588624,0.121144063974605,0.128971520542882,0.991911023732787,0.00472404006888165,-0.0161321067068267,0.125817167254721,0.961246144450611,-0.0196165876361527,0.0630813061024717,0.26765983652531,0.981277903556891,-0.0289024481290653,-0.004172597753985,0.190370464912822,0.981277903556891,-0.0289024481290653,-0.004172597753985,0.190370464912822,0.985774124444024,-0.0104542613517872,0.00352490423865481,0.167713025869534,0.948873013931858,-0.109114244958666,0.211686917332558,0.207178024918694,0.968732764017012,-0.165656019155233,0.117137767126521,0.142806368031039,0.975123059885052,-0.153186525384407,0.0360477828421818,0.156107219157948
1258,2028,0.983896901493789,-0.0297889963332762,0.121222686973421,0.127924052043863,0.983896901493789,-0.0297889963332762,0.121222686973421,0.127924052043863,0.988786254663959,-0.0232490773363594,0.0710619109914481,0.129272687745219,0.988789918407495,-0.0232424099927411,0.0710109136811652,0.129273886657724,0.983896901493789,-0.0297889963332762,0.121222686973421,0.127924052043863,0.964632451227987,-0.0436577977756667,0.228543839654498,0.123878747520484,0.983896901493789,-0.0297889963332762,0.121222686973421,0.127924052043863,0.983896901493789,-0.0297889963332762,0.121222686973421,0.127924052043863,0.983889670185865,-0.0298102590741355,0.121218635015173,0.127978544610187,0.983889670185865,-0.0298102590741355,0.121218635015173,0.127978544610187,0.983895512498179,-0.0297930820765921,0.121221901517185,0.12793452754781,0.983896901493789,-0.0297889963332762,0.121222686973421,0.127924052043863,0.983889670185865,-0.0298102590741355,0.121218635015173,0.127978544610187,0.983889670185865,-0.0298102590741355,0.121218635015173,0.127978544610187,0.983895512498179,-0.0297930820765921,0.121221901517185,0.12793452754781,0.992050915185182,0.00433909679582046,-0.0152712112002431,0.124831662761168,0.961338922478008,-0.0202789046939113,0.0638781318438423,0.267087675540034,0.981282768622219,-0.0288800967918614,-0.00409302513146185,0.190350506066254,0.981282768622219,-0.0288800967918614,-0.00409302513146185,0.190350506066254,0.986062452142294,-0.00906366733272221,0.00170204768498904,0.16611981652797,0.947933688159227,-0.111350400498472,0.214355234606692,0.207544319504015,0.967819728318067,-0.168148642962169,0.120442268787476,0.143334110516832,0.974625127848482,-0.155055975264295,0.0358779430661868,0.157404821725729
1259,2029,0.984038943478844,-0.0293868600391659,0.121284666740762,0.126861340792459,0.984038943478844,-0.0293868600391659,0.121284666740762,0.126861340792459,0.988931263056225,-0.0229014703865636,0.0711165917307483,0.128190912254947,0.988934929619759,-0.0228948588365962,0.0710655869415021,0.128192093240864,0.984038943478844,-0.0293868600391659,0.121284666740762,0.126861340792459,0.964766827227839,-0.0431413839068875,0.228621043979129,0.122866628199933,0.984038943478844,-0.0293868600391659,0.121284666740762,0.126861340792459,0.984038943478844,-0.0293868600391659,0.121284666740762,0.126861340792459,0.984031513794982,-0.0294080310108715,0.121281369342103,0.126917205377852,0.984031513794982,-0.0294080310108715,0.121281369342103,0.126917205377852,0.984037515701977,-0.0293909224555542,0.121284039893622,0.126872073504673,0.984038943478844,-0.0293868600391659,0.121284666740762,0.126861340792459,0.984031513794982,-0.0294080310108715,0.121281369342103,0.126917205377852,0.984031513794982,-0.0294080310108715,0.121281369342103,0.126917205377852,0.984037515701977,-0.0293909224555542,0.121284039893622,0.126872073504673,0.992186998948266,0.00396503487448819,-0.0143971550868392,0.123862664035142,0.961424296883033,-0.0209414185690326,0.0646405774691211,0.266545257124829,0.981285761817085,-0.0289036547317891,-0.00401149225945206,0.190333234954016,0.981285761817085,-0.0289036547317891,-0.00401149225945206,0.190333234954016,0.986324144238716,-0.0077750496380284,-3.04398105943886e-05,0.164633624051434,0.94704467047587,-0.113407211130721,0.216820054123823,0.20792849904846,0.966881333159141,-0.170729175982443,0.123290463531823,0.14419257144135,0.974039834636864,-0.157120024502454,0.0361448661648924,0.158912702736002
1260,2030,0.984190374283683,-0.0289729273087951,0.121257746068448,0.125803162396277,0.984190374283683,-0.0289729273087951,0.121257746068448,0.125803162396277,0.989081129990733,-0.0225418518739082,0.0710820097528873,0.127113064237472,0.989084794770483,-0.0225352959150461,0.0710309972342143,0.127114226677293,0.984190374283683,-0.0289729273087951,0.121257746068448,0.125803162396277,0.964920298559928,-0.0426137427677591,0.228610916715005,0.121860309834942,0.984190374283683,-0.0289729273087951,0.121257746068448,0.125803162396277,0.984190374283683,-0.0289729273087951,0.121257746068448,0.125803162396277,0.984182465295351,-0.0289946835011886,0.121258931426091,0.125858868909718,0.984182465295351,-0.0289946835011886,0.121258931426091,0.125858868909718,0.984188852232227,-0.0289771074535678,0.12125800981187,0.125813852345043,0.984190374283683,-0.0289729273087951,0.121257746068448,0.125803162396277,0.984182465295351,-0.0289946835011886,0.121258931426091,0.125858868909718,0.984182465295351,-0.0289946835011886,0.121258931426091,0.125858868909718,0.984188852232227,-0.0289771074535678,0.12125800981187,0.125813852345043,0.992319460510153,0.00362598426961911,-0.0135067674286108,0.122908534140416,0.961495041628558,-0.0216144694702454,0.0653691230061775,0.266058221806095,0.98128378183518,-0.0289801084901128,-0.0039193269554264,0.190333737669822,0.98128378183518,-0.0289801084901128,-0.0039193269554264,0.190333737669822,0.986562079334501,-0.00655157509164868,-0.00170493931563167,0.163246542581871,0.946252256765074,-0.115185389570337,0.219027533303413,0.208244885295068,0.96606439373396,-0.172837620439922,0.125794980029548,0.144990920817371,0.973521371475936,-0.158848935891224,0.0368907728410281,0.160194337368801
1261,2031,0.984337526924958,-0.0285841117070377,0.12116481963062,0.124826552179637,0.984337526924959,-0.0285841117070377,0.12116481963062,0.124826552179637,0.989223369711007,-0.0222031725305796,0.0709817247357693,0.126117955504811,0.98922702931831,-0.0221966678954693,0.0709307048811348,0.126119100478374,0.984337526924958,-0.0285841117070377,0.12116481963062,0.124826552179637,0.96507676655071,-0.0421200248818089,0.228534713102606,0.120932307821739,0.984337526924958,-0.0285841117070377,0.12116481963062,0.124826552179637,0.984337526924958,-0.0285841117070377,0.12116481963062,0.124826552179637,0.984329803465262,-0.0286046411613023,0.121169528867813,0.124878171783642,0.984329803465262,-0.0286046411613023,0.121169528867813,0.124878171783642,0.984336045829791,-0.0285880418293921,0.121165752228338,0.124836425899951,0.984337526924958,-0.0285841117070377,0.12116481963062,0.124826552179637,0.984329803465262,-0.0286046411613023,0.121169528867813,0.124878171783642,0.984329803465262,-0.0286046411613023,0.121169528867813,0.124878171783642,0.984336045829791,-0.0285880418293921,0.121165752228338,0.124836425899951,0.992452923520655,0.00324068382886862,-0.012596370761403,0.121934507040739,0.961554821586399,-0.0222820792060457,0.0660913805916625,0.265608289482261,0.981285112266486,-0.0290131265536017,-0.003780529160759,0.190324655604573,0.981285112266486,-0.0290131265536017,-0.003780529160759,0.190324655604573,0.986776287048809,-0.00531090174690421,-0.0033064664665023,0.161967345228311,0.945581364084994,-0.116623811629089,0.220857684363032,0.208558513885344,0.96540754435776,-0.174380760936875,0.1277409338274,0.145814530610303,0.97308023861867,-0.160163720037026,0.038004237761156,0.161301301625026
1262,2032,0.984474042778403,-0.0282346069515921,0.121041747237774,0.123945800620523,0.984474042778403,-0.0282346069515921,0.121041747237774,0.123945800620523,0.98935345429596,-0.0218988814536413,0.0708518733095921,0.125220579427875,0.989357107205929,-0.0218924231016193,0.0708008467459436,0.125221708708647,0.984474042778403,-0.0282346069515921,0.121041747237774,0.123945800620523,0.965225972809875,-0.0416759075330608,0.228427377720049,0.120095267402463,0.984474042778403,-0.0282346069515921,0.121041747237774,0.123945800620523,0.984474042778403,-0.0282346069515921,0.121041747237774,0.123945800620523,0.984466855206907,-0.0282531093649447,0.121048139319816,0.123992422258161,0.984466855206907,-0.0282531093649447,0.121048139319816,0.123992422258161,0.984472667450615,-0.0282381414340608,0.121042987858603,0.123954707459151,0.984474042778403,-0.0282346069515921,0.121041747237774,0.123945800620523,0.984466855206907,-0.0282531093649447,0.121048139319816,0.123992422258161,0.984466855206907,-0.0282531093649447,0.121048139319816,0.123992422258161,0.984472667450615,-0.0282381414340608,0.121042987858603,0.123954707459151,0.992583842464411,0.00281512585256805,-0.0116708533593065,0.120967689598859,0.96161530289948,-0.022915269323763,0.0667868792971275,0.265161106527922,0.981286427933959,-0.0290461816608827,-0.00364173021291976,0.190315536634798,0.981286427933959,-0.0290461816608827,-0.00364173021291976,0.190315536634798,0.986976756341325,-0.00402079749206788,-0.00486867617721909,0.160738954898202,0.945061750351964,-0.117673791775434,0.222222905346843,0.2088735193606,0.964928421972584,-0.175263435525054,0.129307520716988,0.146544988735479,0.972768671558773,-0.16088952904185,0.0390948344190677,0.162195144810866
1263,2033,0.984592777339615,-0.027949907756027,0.120935425132443,0.12316853662818,0.984592777339616,-0.027949907756027,0.120935425132443,0.12316853662818,0.989466631859255,-0.0216540526894687,0.0707396542146266,0.124429850762666,0.989470278981309,-0.0216476351200548,0.07068862181393,0.124430967417306,0.984592777339615,-0.027949907756027,0.120935425132443,0.12316853662818,0.965355665767696,-0.0413075690508465,0.228334738512368,0.119353971437097,0.984592777339615,-0.027949907756027,0.120935425132443,0.12316853662818,0.984592777339615,-0.027949907756027,0.120935425132443,0.12316853662818,0.984586499922563,-0.0279650683690575,0.120941063138265,0.123209733253248,0.984586499922563,-0.0279650683690575,0.120941063138265,0.123209733253248,0.984591579784464,-0.0279527901937578,0.120936501195123,0.123176398780768,0.984592777339615,-0.027949907756027,0.120935425132443,0.12316853662818,0.984586499922563,-0.0279650683690575,0.120941063138265,0.123209733253248,0.984586499922563,-0.0279650683690575,0.120941063138265,0.123209733253248,0.984591579784464,-0.0279527901937578,0.120936501195123,0.123176398780768,0.992708755701191,0.00233994561101281,-0.0106656953687407,0.120042050761522,0.961681425278023,-0.0235262902067617,0.0674377503874272,0.264702662939044,0.98128315893475,-0.0291192725866356,-0.00347923509038381,0.190324262452924,0.98128315893475,-0.0291192725866356,-0.00347923509038381,0.190324262452924,0.987170226221067,-0.00269683903992266,-0.00640138474515574,0.159520198705946,0.944727678073756,-0.1182590028122,0.223032056042289,0.209191597615158,0.96462023182447,-0.175546257248744,0.130367629588827,0.147294266949725,0.97254319874911,-0.161170550952999,0.040591095779133,0.162899180525274
1264,2034,0.984696485342042,-0.0277240979199071,0.120844799004322,0.122477511009823,0.984696485342043,-0.0277240979199071,0.120844799004322,0.122477511009823,0.989565599991691,-0.0214636543305742,0.0706438745005556,0.123728241931305,0.989569242173721,-0.0214572729472897,0.0705928369956484,0.123729348766974,0.984696485342042,-0.0277240979199071,0.120844799004322,0.122477511009823,0.965468699282123,-0.0410072346644925,0.228256050079407,0.118691924804534,0.984696485342042,-0.0277240979199071,0.120844799004322,0.122477511009823,0.984696485342042,-0.0277240979199071,0.120844799004322,0.122477511009823,0.984691000466788,-0.0277361468489245,0.120849613978265,0.122514123916365,0.984691000466788,-0.0277361468489245,0.120849613978265,0.122514123916365,0.984695439016721,-0.0277263849197321,0.120845716361393,0.122484500227789,0.984696485342042,-0.0277240979199071,0.120844799004322,0.122477511009823,0.984691000466788,-0.0277361468489245,0.120849613978265,0.122514123916365,0.984691000466788,-0.0277361468489245,0.120849613978265,0.122514123916365,0.984695439016721,-0.0277263849197321,0.120845716361393,0.122484500227789,0.992828411254965,0.00184767555969395,-0.00961948981343025,0.119146117501566,0.961739065380572,-0.024125222428614,0.0680412784458413,0.26428455912355,0.981283934872656,-0.0291623041534163,-0.00330656731742769,0.190316751206711,0.981283934872656,-0.0291623041534163,-0.00330656731742769,0.190316751206711,0.987357567598567,-0.00135295036622673,-0.00787057047609968,0.158307477244536,0.944601325255916,-0.118371343290814,0.223239568823827,0.209477102146388,0.964500673986197,-0.175204324037689,0.13074172639522,0.148150247039512,0.972382163902119,-0.161050166956141,0.0427536719552986,0.163425501629247
1265,2035,0.984784499139387,-0.0275379691965737,0.120795467360692,0.121858957702857,0.984784499139387,-0.0275379691965737,0.120795467360692,0.121858957702858,0.989650992890421,-0.0213092025790944,0.0705901335251948,0.123101028449568,0.989654632300616,-0.0213028535449089,0.0705390916161715,0.123102127320134,0.984784499139387,-0.0275379691965737,0.120795467360692,0.121858957702857,0.965561598443111,-0.0407543004858576,0.228216682764616,0.118097554216024,0.984784499139387,-0.0275379691965737,0.120795467360692,0.121858957702857,0.984784499139387,-0.0275379691965737,0.120795467360692,0.121858957702857,0.984779835436396,-0.02754787839404,0.120798176069404,0.121891717405893,0.984779835436396,-0.02754787839404,0.120798176069404,0.121891717405893,0.984783610669603,-0.0275398534135468,0.120795970112191,0.121865213392319,0.984784499139387,-0.0275379691965737,0.120795467360692,0.121858957702857,0.984779835436396,-0.02754787839404,0.120798176069404,0.121891717405893,0.984779835436396,-0.02754787839404,0.120798176069404,0.121891717405893,0.984783610669603,-0.0275398534135468,0.120795970112191,0.121865213392319,0.992941945581449,0.00130582386338176,-0.0085137694853174,0.118288221130062,0.961788269351253,-0.024701754799182,0.0686202685264153,0.263902267886286,0.981283666754555,-0.029207612271899,-0.00311779403482062,0.190314371781186,0.981283666754555,-0.029207612271899,-0.00311779403482062,0.190314371781186,0.98753122181825,1.27430314982679e-05,-0.00925539940100899,0.157150957215341,0.944676653078764,-0.117992803113402,0.222846905201911,0.209768864189321,0.964582168100101,-0.174194756477221,0.130396802770298,0.149111037909461,0.972318503846745,-0.160384299437829,0.0449311948053159,0.163874315572733
1266,2036,0.984850939016956,-0.0273953062926243,0.120826525466478,0.121322198522165,0.984850939016956,-0.0273953062926243,0.120826525466478,0.121322198522165,0.989718925358987,-0.0211940034925299,0.070617774852603,0.122557712434089,0.989722566194709,-0.0211876824803313,0.0705667294398871,0.122558805363919,0.984850939016956,-0.0273953062926243,0.120826525466478,0.121322198522165,0.965624225546107,-0.0405535520772124,0.228254849625067,0.117579709452946,0.984850939016956,-0.0273953062926243,0.120826525466478,0.121322198522165,0.984850939016956,-0.0273953062926243,0.120826525466478,0.121322198522165,0.984847392105911,-0.0274029351281373,0.120825109010925,0.12135067548657,0.984847392105911,-0.0274029351281373,0.120825109010925,0.12135067548657,0.984850267299426,-0.0273967518074713,0.120826220105041,0.121327628864068,0.984850939016956,-0.0273953062926243,0.120826525466478,0.121322198522165,0.984847392105911,-0.0274029351281373,0.120825109010925,0.12135067548657,0.984847392105911,-0.0274029351281373,0.120825109010925,0.12135067548657,0.984850267299426,-0.0273967518074713,0.120826220105041,0.121327628864068,0.99304465084633,0.000710717974504076,-0.00739076502800799,0.117504012262358,0.961835949317825,-0.0252730514271026,0.0691675886479011,0.263531258396564,0.981283369637568,-0.0292529761628561,-0.00292901894247522,0.19031193527047,0.981283369637568,-0.0292529761628561,-0.00292901894247522,0.19031193527047,0.987693043153369,0.00143051655560362,-0.0105536672597097,0.156041745171583,0.944970569229379,-0.117070142013862,0.221807759247736,0.210063140690261,0.964808997691539,-0.172685620840631,0.129532403865135,0.150148695223289,0.972376782376679,-0.159124189633906,0.0460265007621227,0.164451958321338
1267,2037,0.984897536632477,-0.027311038228633,0.120955749264542,0.120833175270725,0.984897536632477,-0.027311038228633,0.120955749264542,0.120833175270725,0.989772030235509,-0.0211346977220924,0.0707444634465959,0.122065038431679,0.989775677605196,-0.0211284021199157,0.0706934152947972,0.122066128303435,0.984897536632477,-0.027311038228633,0.120955749264542,0.120833175270725,0.965656349568798,-0.0404160877861875,0.228388409255661,0.117102898782185,0.984897536632477,-0.027311038228633,0.120955749264542,0.120833175270725,0.984897536632477,-0.027311038228633,0.120955749264542,0.120833175270725,0.984895036325946,-0.0273156332657224,0.120949218101378,0.120859051131767,0.984895036325946,-0.0273156332657224,0.120949218101378,0.120859051131767,0.984897065259553,-0.0273118954010753,0.12095445413505,0.120838119968879,0.984897536632477,-0.027311038228633,0.120955749264542,0.120833175270725,0.984895036325946,-0.0273156332657224,0.120949218101378,0.120859051131767,0.984895036325946,-0.0273156332657224,0.120949218101378,0.120859051131767,0.984897065259553,-0.0273118954010753,0.12095445413505,0.120838119968879,0.993134441710578,8.70005784535423e-05,-0.00626857580409537,0.116810436505076,0.961878358507149,-0.0258411685655335,0.0696776617460977,0.263186779486275,0.981279533703278,-0.0293182819625196,-0.00274464036323132,0.190324412588405,0.981279533703278,-0.0293182819625196,-0.00274464036323132,0.190324412588405,0.987847741044374,0.00291939550615819,-0.0117811632607765,0.154950062393109,0.945478288225988,-0.115574910286442,0.220127462092495,0.210373826885034,0.96525116593037,-0.170493900456878,0.1279840897239,0.151135996223963,0.972613049082509,-0.157115041979991,0.0459738763518571,0.165000372821503
1268,2038,0.984923783858184,-0.0272587015301658,0.121184310814504,0.120401270731588,0.984923783858184,-0.0272587015301658,0.121184310814504,0.120401270731588,0.989809859615897,-0.0211043791353974,0.0709713956764748,0.121631032159565,0.989813518689693,-0.0210981059173824,0.0709203455733024,0.1216321204682,0.984923783858184,-0.0272587015301658,0.121184310814504,0.120401270731588,0.965657336738012,-0.0403166346557824,0.228618470822368,0.116679354527371,0.984923783858184,-0.0272587015301658,0.121184310814504,0.120401270731588,0.984923783858184,-0.0272587015301658,0.121184310814504,0.120401270731588,0.98492235277158,-0.0272615482911546,0.121172556952248,0.120424160521545,0.98492235277158,-0.0272615482911546,0.121172556952248,0.120424160521545,0.984923517877451,-0.0272592335022537,0.121182012395909,0.120405639371477,0.984923783858184,-0.0272587015301658,0.121184310814504,0.120401270731588,0.98492235277158,-0.0272615482911546,0.121172556952248,0.120424160521545,0.98492235277158,-0.0272615482911546,0.121172556952248,0.120424160521545,0.984923517877451,-0.0272592335022537,0.121182012395909,0.120405639371477,0.993211969644516,-0.000549742436631112,-0.0051638725279167,0.1162024765598,0.961913377241831,-0.0263962602744698,0.0701758018906517,0.262871164176942,0.981279278034553,-0.0293843312775972,-0.00255116923751924,0.190318236411748,0.981279278034553,-0.0293843312775972,-0.00255116923751924,0.190318236411748,0.987983857686464,0.00438236776665319,-0.0129601987850205,0.153950398022167,0.946182311289964,-0.113552240819831,0.217848062778318,0.210682566793056,0.965922448914615,-0.167584748058653,0.125569056212556,0.152123591276312,0.973039440862003,-0.154277828513285,0.0443622781457033,0.165603702959535
1269,2039,0.984942374553407,-0.0271806160773617,0.12145682646274,0.119991550637333,0.984942374553407,-0.0271806160773617,0.12145682646274,0.119991550637333,0.98984227621837,-0.021047217600068,0.0712426143269523,0.121217873046808,0.98984594928038,-0.0210409656910462,0.0711915625515143,0.121218958407853,0.984942374553406,-0.0271806160773617,0.12145682646274,0.119991550637333,0.965645886523381,-0.0401940248808415,0.228891379754188,0.116280688330328,0.984942374553406,-0.0271806160773617,0.12145682646274,0.119991550637333,0.984942374553406,-0.0271806160773617,0.12145682646274,0.119991550637333,0.984941379895101,-0.0271846628657025,0.121442613779575,0.120013181915975,0.984941379895101,-0.0271846628657025,0.121442613779575,0.120013181915975,0.984942187222709,-0.0271814022857546,0.12145407847438,0.119995691675435,0.984942374553406,-0.0271806160773617,0.12145682646274,0.119991550637333,0.984941379895101,-0.0271846628657025,0.121442613779575,0.120013181915975,0.984941379895101,-0.0271846628657025,0.121442613779575,0.120013181915975,0.984942187222709,-0.0271814022857546,0.12145407847438,0.119995691675435,0.993276622204751,-0.00121289741123391,-0.00408805332760505,0.115686509504704,0.961945974275302,-0.0269519726747768,0.0706276488778254,0.262574311307234,0.981283726614893,-0.0294694645412142,-0.00236001756534896,0.190284599633115,0.981283726614893,-0.0294694645412142,-0.00236001756534896,0.190284599633115,0.988097242277367,0.00578206394386079,-0.0141000075707336,0.153073829660453,0.947080352303647,-0.110985352545918,0.214970793771222,0.210970651101117,0.966717705979742,-0.164249771454845,0.122698297101819,0.153049068636866,0.973635988641478,-0.150697773081999,0.0403851060237633,0.16640969329251
1270,2040,0.9849175519254,-0.027120028875852,0.121803690093243,0.119857336123908,0.9849175519254,-0.027120028875852,0.121803690093243,0.119857336123908,0.989835114152439,-0.0209935298151535,0.0715902912543405,0.12108075278444,0.989838805146095,-0.020987284978259,0.0715392398478277,0.12108183537669,0.9849175519254,-0.027120028875852,0.121803690093243,0.119857336123908,0.96558312047448,-0.0401190643342592,0.229233419173162,0.116153939519459,0.9849175519254,-0.027120028875852,0.121803690093243,0.119857336123908,0.9849175519254,-0.027120028875852,0.121803690093243,0.119857336123908,0.984918747052787,-0.0271232606781059,0.121785636738226,0.119865128867494,0.984918747052787,-0.0271232606781059,0.121785636738226,0.119865128867494,0.984917798988932,-0.0271206426295313,0.121800194064842,0.119858719765926,0.9849175519254,-0.027120028875852,0.121803690093243,0.119857336123908,0.984918747052787,-0.0271232606781059,0.121785636738226,0.119865128867494,0.984918747052787,-0.0271232606781059,0.121785636738226,0.119865128867494,0.984917798988932,-0.0271206426295313,0.121800194064842,0.119858719765926,0.993323070343065,-0.00176858663248135,-0.00313737082247964,0.115309613345425,0.962099583624548,-0.0276102384726793,0.071113352360517,0.261810918483173,0.981280270624117,-0.0296070060906062,-0.00217726637463063,0.190283249881184,0.981280270624117,-0.0296070060906062,-0.00217726637463063,0.190283249881184,0.988151441845152,0.00709158881538322,-0.0151464812736744,0.152568087922889,0.948164197306428,-0.107786759640211,0.211487788727418,0.211280819318053,0.967632809361376,-0.160561393210631,0.119270563624274,0.153887354615059,0.974334351115829,-0.146593469074757,0.03480363968806,0.167247223369442
1271,2041,0.984916265107885,-0.0269548482216154,0.122180896558278,0.119520773924449,0.984916265107885,-0.0269548482216154,0.122180896558278,0.119520773924449,0.989852999581005,-0.0208456675628845,0.0719670756550378,0.120736230626963,0.989856710007507,-0.0208394404951137,0.0719160233255727,0.120737305593591,0.984916265107885,-0.0269548482216154,0.122180896558278,0.119520773924449,0.965540415534003,-0.0399179205937563,0.229608202658954,0.115837553744975,0.984916265107885,-0.0269548482216154,0.122180896558278,0.119520773924449,0.984916265107885,-0.0269548482216154,0.122180896558278,0.119520773924449,0.984916396297041,-0.0269632690389532,0.122161134446045,0.11953799253308,0.984916396297041,-0.0269632690389532,0.122161134446045,0.11953799253308,0.984916281844123,-0.0269565062040181,0.122177089706516,0.119524153552604,0.984916265107885,-0.0269548482216154,0.122180896558278,0.119520773924449,0.984916396297041,-0.0269632690389532,0.122161134446045,0.11953799253308,0.984916396297041,-0.0269632690389532,0.122161134446045,0.11953799253308,0.984916281844123,-0.0269565062040181,0.122177089706516,0.119524153552604,0.993367815449779,-0.00243033740178898,-0.00207653999354554,0.114935480467535,0.962134906923885,-0.0281968999418066,0.0715378118738896,0.261502767068601,0.981281614615018,-0.0297201258579499,-0.00201239175694971,0.190260498309418,0.981281614615018,-0.0297201258579499,-0.00201239175694971,0.190260498309418,0.988196966550533,0.00835356834794547,-0.0162272923945689,0.152097495632644,0.949438732547987,-0.104019525897647,0.20727319767157,0.211621957501347,0.96866621178634,-0.156445087651796,0.115241252673796,0.154693756743114,0.975096809348504,-0.141948543824056,0.0279461727735831,0.168094719524159
1272,2042,0.984911468990454,-0.0267547850764269,0.122585398005507,0.11919060333102,0.984911468990454,-0.0267547850764269,0.122585398005507,0.11919060333102,0.989868767444499,-0.0206626430607563,0.0723712981161077,0.120396318999553,0.989872498718984,-0.0206564335243652,0.0723202449728684,0.12039738452704,0.984911468990453,-0.0267547850764268,0.122585398005507,0.11919060333102,0.965491224906748,-0.0396828073051967,0.230009730622791,0.115531351811,0.984911468990453,-0.0267547850764268,0.122585398005507,0.11919060333102,0.984911468990453,-0.0267547850764268,0.122585398005507,0.11919060333102,0.98491172340647,-0.0267652094938434,0.122564185828334,0.119207973766382,0.98491172340647,-0.0267652094938434,0.122564185828334,0.119207973766382,0.984911518672687,-0.0267568023300155,0.122581315115678,0.119193939021436,0.984911468990453,-0.0267547850764268,0.122585398005507,0.11919060333102,0.98491172340647,-0.0267652094938434,0.122564185828334,0.119207973766382,0.98491172340647,-0.0267652094938434,0.122564185828334,0.119207973766382,0.984911518672687,-0.0267568023300155,0.122581315115678,0.119193939021436,0.993409793952593,-0.00307700738476676,-0.00100358537267528,0.114570965436365,0.962165200319994,-0.0287801123128852,0.0719481419010832,0.261215040350713,0.981286223805129,-0.029867459225347,-0.0018468045470657,0.190215328411403,0.981286223805129,-0.029867459225347,-0.0018468045470657,0.190215328411403,0.988211039492348,0.00955277982862279,-0.017322742107856,0.1518143880825,0.950689777410996,-0.100218078239666,0.203016621694695,0.211965882244886,0.96981876485566,-0.151883436955365,0.110668837106325,0.155355699625097,0.975908237210708,-0.136774073314323,0.019978506373355,0.168810025461718
1273,2043,0.984902939299446,-0.0265112528706611,0.123018660788582,0.118868678499943,0.984902939299446,-0.0265112528706611,0.123018660788582,0.118868678499943,0.989882268282879,-0.0204357866026647,0.0728044344943882,0.1200624332713,0.989886021896603,-0.0204295942869224,0.0727533806542594,0.120063487098979,0.984902939299446,-0.0265112528706611,0.123018660788582,0.118868678499943,0.965435164636444,-0.0394053934664605,0.230439435918221,0.115238119660329,0.984902939299446,-0.0265112528706611,0.123018660788582,0.118868678499943,0.984902939299446,-0.0265112528706611,0.123018660788582,0.118868678499943,0.984903387539536,-0.0265239509458285,0.122995938167585,0.11888564435476,0.984903387539536,-0.0265239509458285,0.122995938167585,0.11888564435476,0.98490302683577,-0.0265137084123072,0.123014287549249,0.118871931315666,0.984902939299446,-0.0265112528706611,0.123018660788582,0.118868678499943,0.984903387539536,-0.0265239509458285,0.122995938167585,0.11888564435476,0.984903387539536,-0.0265239509458285,0.122995938167585,0.11888564435476,0.98490302683577,-0.0265137084123072,0.123014287549249,0.118871931315666,0.993452612055695,-0.00371729105246389,2.28768189617099e-05,0.114184450883648,0.962210685913161,-0.0293844013416225,0.0723333467735683,0.260873608892991,0.981290396741359,-0.0300277347041321,-0.0016942864075329,0.190169981346412,0.981290396741359,-0.0300277347041321,-0.0016942864075329,0.190169981346412,0.988190693632463,0.0107433699942399,-0.0184221052905483,0.151737797058028,0.952136115410079,-0.0958173488611338,0.198032769389012,0.212223645329984,0.971068046787786,-0.14693869566327,0.105636869078921,0.155809884525133,0.976719215096143,-0.131371099040899,0.0123237357573374,0.169142941726059
1274,2044,0.984885671226945,-0.0262754112899521,0.123485736651631,0.118579467940272,0.984885671226945,-0.0262754112899521,0.123485736651631,0.118579467940272,0.989888760498304,-0.0202149482093266,0.0732717843625915,0.119761610394769,0.989892538215855,-0.0202087714089897,0.0732207301870014,0.119762652832982,0.984885671226945,-0.0262754112899521,0.123485736651631,0.118579467940272,0.965366705391222,-0.0391392165095633,0.230901790089733,0.114976559291325,0.984885671226945,-0.0262754112899521,0.123485736651631,0.118579467940272,0.984885671226945,-0.0262754112899521,0.123485736651631,0.118579467940272,0.984886566299223,-0.0262878385205167,0.123461247886416,0.11859477787649,0.984886566299223,-0.0262878385205167,0.123461247886416,0.11859477787649,0.984885846561929,-0.0262777943087788,0.123481022383359,0.11858239278838,0.984885671226945,-0.0262754112899521,0.123485736651631,0.118579467940272,0.984886566299223,-0.0262878385205167,0.123461247886416,0.11859477787649,0.984886566299223,-0.0262878385205167,0.123461247886416,0.11859477787649,0.984885846561929,-0.0262777943087788,0.123481022383359,0.11858239278838,0.993497292648326,-0.00434096448325006,0.0010450631857226,0.113768156224578,0.962281554615014,-0.0299983594049236,0.0726888454133533,0.260443160465387,0.981295013960934,-0.0301960359263906,-0.00156364756804151,0.190120619597206,0.981295013960934,-0.0301960359263906,-0.00156364756804151,0.190120619597206,0.988138930009931,0.0118943204166924,-0.0194813532729009,0.151856698947758,0.953678288400697,-0.0910224898447174,0.192568809787974,0.212437948757814,0.972396188155852,-0.141676141697655,0.100136077725379,0.156032977512494,0.977527281098596,-0.125760161711732,0.0046899371253187,0.169123626155505
1275,2045,0.984862192443711,-0.026048395776959,0.123971374330083,0.118317544426532,0.984862192443711,-0.026048395776959,0.123971374330083,0.118317544426532,0.989889993387328,-0.0200015376813448,0.0737579877027472,0.119488487864142,0.989893796181093,-0.0199953749677422,0.0737069334629235,0.119489519295948,0.984862192443711,-0.026048395776959,0.123971374330083,0.118317544426532,0.965290034490454,-0.0388848089754426,0.231381911721165,0.114741151609267,0.984862192443711,-0.026048395776959,0.123971374330083,0.118317544426532,0.984862192443711,-0.026048395776959,0.123971374330083,0.118317544426532,0.98486342037614,-0.0260603681592984,0.123945869169273,0.118331407209946,0.98486342037614,-0.0260603681592984,0.123945869169273,0.118331407209946,0.984862430758325,-0.0260506898093209,0.12396647103355,0.118320193123362,0.984862192443711,-0.026048395776959,0.123971374330083,0.118317544426532,0.98486342037614,-0.0260603681592984,0.123945869169273,0.118331407209946,0.98486342037614,-0.0260603681592984,0.123945869169273,0.118331407209946,0.984862430758325,-0.0260506898093209,0.12396647103355,0.118320193123362,0.993544274773835,-0.00498230405413529,0.00206713207537879,0.113316714016203,0.962363921431022,-0.0306309306864104,0.073012502279491,0.25997423588517,0.981302156490637,-0.03036759435923,-0.00144745292376368,0.190057338084309,0.981302156490637,-0.03036759435923,-0.00144745292376368,0.190057338084309,0.988065650943119,0.0130843792714227,-0.0204866036017632,0.15210314762784,0.955292066362302,-0.085870821214734,0.186667771357412,0.21259918425433,0.97378064892882,-0.136131137981781,0.0941925280123524,0.156036305743875,0.978321856937441,-0.12000915138553,-0.00270717566215222,0.168750760063875
1276,2046,0.984841966227284,-0.0257929482234577,0.124427956493617,0.118062309914475,0.984841966227284,-0.0257929482234577,0.124427956493617,0.118062309914475,0.989892997965381,-0.0197593919036385,0.0742150077727657,0.119220600703058,0.989896824330212,-0.0197532430067913,0.0741639533773713,0.119221619646414,0.984841966227284,-0.0257929482234577,0.124427956493617,0.118062309914475,0.965219787443092,-0.0386028759868927,0.231833510795816,0.11451551495732,0.984841966227284,-0.0257929482234577,0.124427956493617,0.118062309914475,0.984841966227284,-0.0257929482234577,0.124427956493617,0.118062309914475,0.984843047748034,-0.0258063194519055,0.124403853239382,0.118075765836618,0.984843047748034,-0.0258063194519055,0.124403853239382,0.118075765836618,0.984842172560916,-0.0257955256836818,0.124423341852056,0.118064888949106,0.984841966227284,-0.0257929482234577,0.124427956493617,0.118062309914475,0.984843047748034,-0.0258063194519055,0.124403853239382,0.118075765836618,0.984843047748034,-0.0258063194519055,0.124403853239382,0.118075765836618,0.984842172560916,-0.0257955256836818,0.124423341852056,0.118064888949106,0.993597887089563,-0.00565921080269656,0.00306754681100974,0.112790967106455,0.962453757450257,-0.0312434529938645,0.0733288632784742,0.259479265501483,0.981306948847117,-0.0305594991782035,-0.00135905824593,0.19000247923389,0.981306948847117,-0.0305594991782035,-0.00135905824593,0.19000247923389,0.987983576817667,0.0143227809419079,-0.0213639581087179,0.152403711170654,0.956952438503243,-0.0804141282901452,0.180390645403469,0.212684774878113,0.975209580574246,-0.130299110872472,0.0878419378085905,0.155795409509008,0.979110358074994,-0.114149500109785,-0.00963528889134405,0.167987974399725
1277,2047,0.984820652152271,-0.0255456471218069,0.124850594561447,0.117847494861613,0.984820652152271,-0.0255456471218069,0.124850594561447,0.117847494861613,0.989893190966201,-0.0195233278313539,0.0746381829007245,0.118993494790343,0.989897039156532,-0.0195171906479378,0.0745871284948132,0.118994501558862,0.98482065215227,-0.0255456471218069,0.124850594561447,0.117847494861613,0.965152186956334,-0.038333479155801,0.232251251624994,0.11432915860725,0.98482065215227,-0.0255456471218069,0.124850594561447,0.117847494861613,0.98482065215227,-0.0255456471218069,0.124850594561447,0.117847494861613,0.984821779419962,-0.0255586809332356,0.124828258443426,0.117858909306996,0.984821779419962,-0.0255586809332356,0.124828258443426,0.117858909306996,0.984820868783276,-0.0255481459445607,0.124846322215041,0.117849668973344,0.98482065215227,-0.0255456471218069,0.124850594561447,0.117847494861613,0.984821779419962,-0.0255586809332356,0.124828258443426,0.117858909306996,0.984821779419962,-0.0255586809332356,0.124828258443426,0.117858909306996,0.984820868783276,-0.0255481459445607,0.124846322215041,0.117849668973344,0.993652515534768,-0.00637021069327754,0.00409097134612025,0.1122379737014,0.96254308355142,-0.0318662424263356,0.073621525930727,0.258988852695595,0.981315149939788,-0.0307497330718822,-0.00129391712327411,0.189929871776765,0.981315149939788,-0.0307497330718822,-0.00129391712327411,0.189929871776765,0.98790203564496,0.0156126079266864,-0.0221933415728999,0.152686836472895,0.958640640379784,-0.074681741881892,0.173768527735727,0.212685821836536,0.976648193116357,-0.124259037873866,0.0811310172984955,0.155356867956747,0.979883520468445,-0.10828092075854,-0.0158814797703769,0.166887108892064
1278,2048,0.984797995108265,-0.0253199142096283,0.125294098335887,0.117614623654355,0.984797995108265,-0.0253199142096283,0.125294098335887,0.117614623654355,0.98989310318134,-0.0193097217352543,0.0750822650236246,0.118749452206928,0.98989697427546,-0.0193035971387579,0.0750312106216502,0.118750447958915,0.984797995108265,-0.0253199142096283,0.125294098335887,0.117614623654355,0.965080960091628,-0.0380835370727206,0.232689584458957,0.114122486640317,0.984797995108265,-0.0253199142096283,0.125294098335887,0.117614623654355,0.984797995108265,-0.0253199142096283,0.125294098335887,0.117614623654355,0.98479919214185,-0.0253318527474772,0.125270807334631,0.117626838871363,0.98479919214185,-0.0253318527474772,0.125270807334631,0.117626838871363,0.984798225348218,-0.0253221965657431,0.125289620765697,0.117616974287192,0.984797995108265,-0.0253199142096283,0.125294098335887,0.117614623654355,0.98479919214185,-0.0253318527474772,0.125270807334631,0.117626838871363,0.98479919214185,-0.0253318527474772,0.125270807334631,0.117626838871363,0.984798225348218,-0.0253221965657431,0.125289620765697,0.117616974287192,0.99371244796231,-0.00705983290933034,0.00513148559589922,0.111621670743743,0.962635956886106,-0.0324849550302014,0.0738798248003293,0.258492773001742,0.98132060657359,-0.0309343963628926,-0.00124667733429465,0.189871999071294,0.98132060657359,-0.0309343963628926,-0.00124667733429465,0.189871999071294,0.987830812503873,0.0169252054645986,-0.0229417520415009,0.152897021884621,0.960344739248421,-0.0686861342773069,0.166863404617797,0.212548349688442,0.978071012261145,-0.117970105068426,0.0740858014059999,0.154827140109981,0.980643024210183,-0.102379152756671,-0.0212337011238238,0.165550288689925
1279,2049,0.984775466470831,-0.0251475980496697,0.125766367569028,0.117335841659664,0.984775466470831,-0.0251475980496697,0.125766367569028,0.117335841659664,0.989894605570212,-0.0191517966628577,0.075555068905698,0.118462272940519,0.98989850104946,-0.019145686878006,0.0755040144256082,0.118463260547812,0.984775466470831,-0.0251475980496697,0.125766367569028,0.117335841659664,0.965006701750782,-0.0378816465774143,0.233156522856276,0.113864315209961,0.984775466470831,-0.0251475980496697,0.125766367569028,0.117335841659664,0.984775466470831,-0.0251475980496697,0.125766367569028,0.117335841659664,0.984776661285895,-0.0251568110029808,0.125741590645361,0.117350392537651,0.984776661285895,-0.0251568110029808,0.125741590645361,0.117350392537651,0.984775695703959,-0.0251493440769191,0.125761600310726,0.11733865318202,0.984775466470831,-0.0251475980496697,0.125766367569028,0.117335841659664,0.984776661285895,-0.0251568110029808,0.125741590645361,0.117350392537651,0.984776661285895,-0.0251568110029808,0.125741590645361,0.117350392537651,0.984775695703959,-0.0251493440769191,0.125761600310726,0.11733865318202,0.993777960881759,-0.00774606471814301,0.00617654753060287,0.110937879949449,0.962733043525974,-0.0330930546117512,0.0741372749103892,0.257979846322423,0.981329800523192,-0.0311226732060977,-0.00123727914262569,0.189793759006829,0.981329800523192,-0.0311226732060977,-0.00123727914262569,0.189793759006829,0.987780403584374,0.018273350557892,-0.0236166403134947,0.152964745135547,0.962030419033364,-0.0624732772687474,0.159681189313375,0.212359318753049,0.979451924332945,-0.111465236560643,0.0667992968845754,0.154231264323092,0.981393288566782,-0.096467862071129,-0.0256013925374797,0.164029672448752
1280,2050,0.984755179550425,-0.0250486810239095,0.126276874231808,0.116978420923761,0.984755179550425,-0.0250486810239095,0.126276874231808,0.116978420923761,0.989900290101677,-0.0190711724900114,0.0760659468734996,0.118100286886656,0.98990421192974,-0.0190650813749045,0.0760148920995473,0.118101270336193,0.984755179550425,-0.0250486810239095,0.126276874231808,0.116978420923761,0.96493047222191,-0.0377440749031672,0.233661713583439,0.113519919805109,0.984755179550425,-0.0250486810239095,0.126276874231808,0.116978420923761,0.984755179550425,-0.0250486810239095,0.126276874231808,0.116978420923761,0.984756263858857,-0.0250540877832567,0.126250111361272,0.116997020720022,0.984756263858857,-0.0250540877832567,0.126250111361272,0.116997020720022,0.984755386690201,-0.0250496877048268,0.12627172174592,0.11698202348158,0.984755179550425,-0.0250486810239095,0.126276874231808,0.116978420923761,0.984756263858857,-0.0250540877832567,0.126250111361272,0.116997020720022,0.984756263858857,-0.0250540877832567,0.126250111361272,0.116997020720022,0.984755386690201,-0.0250496877048268,0.12627172174592,0.11698202348158,0.99384747206458,-0.00845797807283339,0.00726610616085985,0.110194684894613,0.962824494134572,-0.033703591476546,0.0743729358555082,0.257491218934392,0.981336882530384,-0.0313157560421395,-0.00123531627235577,0.189725381545974,0.981336882530384,-0.0313157560421395,-0.00123531627235577,0.189725381545974,0.987743103711204,0.0196886836498533,-0.0242150600441335,0.152936417095975,0.963683362546177,-0.0560834596225224,0.152249332549184,0.212106489874285,0.980760748604355,-0.104804665767713,0.0593123362342695,0.153643687799986,0.982127163677477,-0.0905987231279971,-0.0289107869033727,0.162426205198046
1281,2051,0.984743191869584,-0.0250262354119596,0.126775749659399,0.116543738166861,0.984743191869584,-0.0250262354119596,0.126775749659399,0.116543738166861,0.989913672018922,-0.0190708475576319,0.0765647868488786,0.117665025127411,0.989917619574924,-0.0190647788913991,0.0765137313840828,0.117666008560768,0.984743191869584,-0.0250262354119596,0.126775749659399,0.116543738166861,0.964863769107868,-0.0376740269413006,0.234156254877288,0.113090331411783,0.984743191869584,-0.0250262354119596,0.126775749659399,0.116543738166861,0.984743191869584,-0.0250262354119596,0.126775749659399,0.116543738166861,0.984743856758492,-0.0250276283175445,0.126749469195778,0.11656640363243,0.984743856758492,-0.0250276283175445,0.126749469195778,0.11656640363243,0.984743315995897,-0.0250264699902599,0.126770709660296,0.116548121278111,0.984743191869584,-0.0250262354119596,0.126775749659399,0.116543738166861,0.984743856758492,-0.0250276283175445,0.126749469195778,0.11656640363243,0.984743856758492,-0.0250276283175445,0.126749469195778,0.11656640363243,0.984743315995897,-0.0250264699902599,0.126770709660296,0.116548121278111,0.993919121536418,-0.00919459529495235,0.00841262247230288,0.109405059502635,0.962909983627042,-0.0342914892433429,0.0746122581437251,0.257024255920598,0.981343929564589,-0.0315088829575952,-0.00123335184074222,0.18965695622553,0.981343929564589,-0.0315088829575952,-0.00123335184074222,0.18965695622553,0.987719766798689,0.0211278283229366,-0.0247360600987707,0.152811663417066,0.965286016427292,-0.0495867642189945,0.144636479318563,0.211764841639376,0.981988152315302,-0.098009663545366,0.05168967991169,0.153041012655865,0.982854511327954,-0.0847820192503703,-0.0311378204002926,0.160746554908148
1282,2052,0.984741755593165,-0.0250579433292185,0.127267466538201,0.116011922785328,0.984741755593165,-0.0250579433292185,0.127267466538201,0.116011922785328,0.989937227889527,-0.0191295426966553,0.0770559412774943,0.117135508486779,0.989941200777068,-0.0191235013404676,0.0770048845971378,0.117136494948075,0.984741755593165,-0.0250579433292185,0.127267466538201,0.116011922785328,0.964808339747179,-0.037647137557016,0.234644839708983,0.11255825063496,0.984741755593165,-0.0250579433292185,0.127267466538201,0.116011922785328,0.984741755593165,-0.0250579433292185,0.127267466538201,0.116011922785328,0.984741874138933,-0.025056427921695,0.127241568411712,0.116039648419296,0.984741874138933,-0.025056427921695,0.127241568411712,0.116039648419296,0.984741773806349,-0.0250576286621939,0.127262499306184,0.116017285078118,0.984741755593165,-0.0250579433292185,0.127267466538201,0.116011922785328,0.984741874138933,-0.025056427921695,0.127241568411712,0.116039648419296,0.984741874138933,-0.025056427921695,0.127241568411712,0.116039648419296,0.984741773806349,-0.0250576286621939,0.127262499306184,0.116017285078118,0.993992157353512,-0.00995289438489618,0.00960138781578425,0.108574142248899,0.962990523183431,-0.0348757386496294,0.0748268510298794,0.256581132349004,0.98135015894541,-0.0316890085856882,-0.00123455811459352,0.189594694384988,0.98135015894541,-0.0316890085856882,-0.00123455811459352,0.189594694384988,0.987705574811768,0.0225735945151247,-0.0251522297314068,0.152628620042112,0.966827880399639,-0.0430125706423863,0.13691940334291,0.211298001497638,0.983122387476628,-0.0911631636744909,0.0439539445468535,0.152406363351037,0.98357891333918,-0.079111889068587,-0.0321574133519312,0.15899600941228
1283,2053,0.984752027042324,-0.0251439548814744,0.127731587061767,0.11539440383153,0.984752027042324,-0.0251439548814744,0.127731587061767,0.11539440383153,0.989971073839507,-0.0192468269656453,0.0775189399975067,0.116523158876123,0.989975070606427,-0.0192408171915825,0.0774678815709102,0.116524151387238,0.984752027042324,-0.0251439548814744,0.127731587061767,0.11539440383153,0.964767578005717,-0.0376648111197767,0.235107280887401,0.111935020909576,0.984752027042324,-0.0251439548814744,0.127731587061767,0.11539440383153,0.984752027042324,-0.0251439548814744,0.127731587061767,0.11539440383153,0.984751534931853,-0.0251395789296555,0.127707088141562,0.115426667884861,0.984751534931853,-0.0251395789296555,0.127707088141562,0.115426667884861,0.984751927510621,-0.0251430916958099,0.127726896572944,0.115400632996256,0.984752027042324,-0.0251439548814744,0.127731587061767,0.11539440383153,0.984751534931853,-0.0251395789296555,0.127707088141562,0.115426667884861,0.984751534931853,-0.0251395789296555,0.127707088141562,0.115426667884861,0.984751927510621,-0.0251430916958099,0.127726896572944,0.115400632996256,0.994067442523678,-0.010750745902887,0.0107952901308279,0.107693095823074,0.963068806033935,-0.0354316234740041,0.0750124384176461,0.256156610269981,0.981352081049926,-0.0318372417307079,-0.00122036783303866,0.189560000422852,0.981352081049926,-0.0318372417307079,-0.00122036783303866,0.189560000422852,0.987698143515222,0.0240042325083479,-0.0254539050996574,0.152408243981242,0.968304845055819,-0.0364172558142196,0.129153310357506,0.210663079214386,0.984167872956655,-0.0842647983858976,0.0361894061229643,0.151668614015645,0.984314440001512,-0.0735747055177346,-0.0319555704074764,0.157132706437652
1284,2054,0.984780984431032,-0.0252743257169505,0.128145841607623,0.114657160444843,0.984780984431032,-0.0252743257169505,0.128145841607623,0.114657160444843,0.990021047266559,-0.0194144978897746,0.0779311875150397,0.11579349400294,0.990025065295313,-0.0194085257483714,0.0778801265104869,0.115794495162749,0.984780984431032,-0.0252743257169505,0.128145841607623,0.114657160444843,0.964750865601887,-0.0377134271600175,0.235522209862867,0.111187919278882,0.984780984431032,-0.0252743257169505,0.128145841607623,0.114657160444843,0.984780984431032,-0.0252743257169505,0.128145841607623,0.114657160444843,0.98477953075256,-0.0252675888591009,0.128123906377331,0.114695638010466,0.98477953075256,-0.0252675888591009,0.128123906377331,0.114695638010466,0.984780697499917,-0.025273013469948,0.128141652630171,0.114664595594866,0.984780984431032,-0.0252743257169505,0.128145841607623,0.114657160444843,0.98477953075256,-0.0252675888591009,0.128123906377331,0.114695638010466,0.98477953075256,-0.0252675888591009,0.128123906377331,0.114695638010466,0.984780697499917,-0.025273013469948,0.128141652630171,0.114664595594866,0.994140650639517,-0.0116042591513023,0.0119823433475523,0.106799491400893,0.963134886772457,-0.0359899894998745,0.075199112944339,0.255775299726128,0.981360377786842,-0.0319738683536162,-0.00119115672712834,0.189494226292581,0.981360377786842,-0.0319738683536162,-0.00119115672712834,0.189494226292581,0.987690800060033,0.0254287732608297,-0.0255918891881706,0.152201564298802,0.969702970422018,-0.0298381056180552,0.121343813987159,0.20990835003613,0.985117655421707,-0.0773753635714703,0.0284743989633269,0.15081600277259,0.985055699063996,-0.0682092567988492,-0.0305426940760385,0.155177030732862
1285,2055,0.984823328442269,-0.025455863412082,0.128516800751668,0.11383515581046,0.984823328442269,-0.025455863412082,0.128516800751668,0.11383515581046,0.990082189635191,-0.0196375773308723,0.0782995152394863,0.114981777847711,0.990086226660577,-0.0196316470538966,0.0782484510809911,0.114982790514049,0.984823328442269,-0.025455863412082,0.128516800751668,0.11383515581046,0.96475221367365,-0.037803591834592,0.235895575480648,0.110350949813991,0.984823328442269,-0.025455863412082,0.128516800751668,0.11383515581046,0.984823328442269,-0.025455863412082,0.128516800751668,0.11383515581046,0.984821160360282,-0.0254464502465371,0.128497158875118,0.113878182447305,0.984821160360282,-0.0254464502465371,0.128497158875118,0.113878182447305,0.984822906344473,-0.0254540350212617,0.128513049819527,0.113843450696325,0.984823328442269,-0.025455863412082,0.128516800751668,0.11383515581046,0.984821160360282,-0.0254464502465371,0.128497158875118,0.113878182447305,0.984821160360282,-0.0254464502465371,0.128497158875118,0.113878182447305,0.984822906344473,-0.0254540350212617,0.128513049819527,0.113843450696325,0.994207954816195,-0.0124968211387553,0.0131708758074076,0.105928749978894,0.963187568918927,-0.036517308395588,0.0753845821872391,0.255447368426539,0.981361578304933,-0.0320909359734778,-0.00115247326508103,0.189468457165225,0.981361578304933,-0.0320909359734778,-0.00115247326508103,0.189468457165225,0.987695066211162,0.0268277892063382,-0.0255487806968081,0.151940730922735,0.971020897922285,-0.0232408617038531,0.113498164183239,0.209036946190132,0.985974935227648,-0.070439130344456,0.0209577584441128,0.14984167771402,0.985796157085627,-0.0628945821504789,-0.0281378252779769,0.15316158460904
1286,2056,0.98488103292816,-0.0256944365130067,0.128832550664531,0.112921746355211,0.98488103292816,-0.0256944365130067,0.128832550664531,0.112921746355211,0.990155866755889,-0.0199222638942886,0.0786119244215713,0.114081673677054,0.990159919893859,-0.0199163800403209,0.078560856462721,0.114082701027461,0.98488103292816,-0.0256944365130067,0.128832550664531,0.112921746355211,0.964774892544891,-0.037940408575358,0.236215752750241,0.109416864626832,0.98488103292816,-0.0256944365130067,0.128832550664531,0.112921746355211,0.98488103292816,-0.0256944365130067,0.128832550664531,0.112921746355211,0.984878064850059,-0.025682037864024,0.128815784414327,0.112969571098037,0.984878064850059,-0.025682037864024,0.128815784414327,0.112969571098037,0.984880456599746,-0.0256920326264978,0.128829356301421,0.11293096396629,0.98488103292816,-0.0256944365130067,0.128832550664531,0.112921746355211,0.984878064850059,-0.025682037864024,0.128815784414327,0.112969571098037,0.984878064850059,-0.025682037864024,0.128815784414327,0.112969571098037,0.984880456599746,-0.0256920326264978,0.128829356301421,0.11293096396629,0.994266655323042,-0.013376051723058,0.0143415942225683,0.105115260681735,0.963237904253229,-0.0370329923632657,0.0755846675013359,0.255123999900405,0.981366078967189,-0.0322240756648346,-0.00108541806939323,0.189422939127572,0.981366078967189,-0.0322240756648346,-0.00108541806939323,0.189422939127572,0.987708696568094,0.0281623482695563,-0.0253729418220975,0.151639792557871,0.972224967756536,-0.0166278501651942,0.105702354363606,0.20815652512395,0.986738486806663,-0.0635358870358881,0.0137896949090683,0.148728591828796,0.98651581972062,-0.0576278689855829,-0.0250905255453147,0.151115954435639
1287,2057,0.984943583946602,-0.0259607456554077,0.129160512970654,0.111936312323549,0.984943583946602,-0.0259607456554077,0.129160512970654,0.111936312323549,0.990235004810569,-0.0202383111263923,0.0789362839018508,0.113111047622818,0.990239074677458,-0.0202324773325974,0.0788852118609786,0.113112091274832,0.984943583946602,-0.0259607456554077,0.129160512970654,0.111936312323549,0.964801047432434,-0.0380968836394161,0.236548600802666,0.108408144475149,0.984943583946602,-0.0259607456554077,0.129160512970654,0.111936312323549,0.984943583946602,-0.0259607456554077,0.129160512970654,0.111936312323549,0.984940337662778,-0.0259468110449744,0.129143280430199,0.11198797864528,0.984940337662778,-0.0259468110449744,0.129143280430199,0.11198797864528,0.984942958402608,-0.0259580586756107,0.129157202154664,0.111946259493079,0.984943583946602,-0.0259607456554077,0.129160512970654,0.111936312323549,0.984940337662778,-0.0259468110449744,0.129143280430199,0.11198797864528,0.984940337662778,-0.0259468110449744,0.129143280430199,0.11198797864528,0.984942958402608,-0.0259580586756107,0.129157202154664,0.111946259493079,0.99431642053705,-0.0142701898331307,0.0155415528014123,0.104353618380178,0.963280694429921,-0.0375402197659673,0.0757790085486388,0.254830487779461,0.981367911480217,-0.032372243075242,-0.00103158153248673,0.189388479150075,0.981367911480217,-0.032372243075242,-0.00103158153248673,0.189388479150075,0.987726804227612,0.0294211649324154,-0.0250910698564637,0.151329420397309,0.973317770828504,-0.00999712065129439,0.0979253419799944,0.207275666604202,0.98739973602968,-0.0566792539610071,0.00712000466356733,0.147575502684338,0.987187501303251,-0.052352063014563,-0.0216741885322934,0.149165439429616
1288,2058,0.985011593313563,-0.0262635607006438,0.129473977181878,0.110900295986553,0.985011593313563,-0.0262635607006438,0.129473977181878,0.110900295986553,0.990318857330229,-0.0205933878050052,0.0792458866160822,0.112091759952702,0.990322943164943,-0.0205876065810817,0.0791948102500566,0.112092821919355,0.985011593313563,-0.0262635607006438,0.129473977181878,0.110900295986553,0.964834219874662,-0.0382840886930626,0.236867637908329,0.10734513879782,0.985011593313563,-0.0262635607006438,0.129473977181878,0.110900295986553,0.985011593313563,-0.0262635607006438,0.129473977181878,0.110900295986553,0.985008063230879,-0.0262477240860847,0.129457446638764,0.110954683813826,0.985008063230879,-0.0262477240860847,0.129457446638764,0.110954683813826,0.985010913265939,-0.0262605058477572,0.129470810259237,0.110910756333358,0.985011593313563,-0.0262635607006438,0.129473977181878,0.110900295986553,0.985008063230879,-0.0262477240860847,0.129457446638764,0.110954683813826,0.985008063230879,-0.0262477240860847,0.129457446638764,0.110954683813826,0.985010913265939,-0.0262605058477572,0.129470810259237,0.110910756333358,0.994359463055836,-0.0151921862645189,0.016758363438142,0.103622453950334,0.963330213002442,-0.0380598365404517,0.0759796075790071,0.254506284384734,0.981370868779986,-0.0324999828700147,-0.00096618126496348,0.189351618734113,0.981370868779986,-0.0324999828700147,-0.00096618126496348,0.189351618734113,0.987759615781835,0.0305425903996876,-0.0247201514647823,0.150953654191468,0.974302231734605,-0.00334729581050997,0.0901277951317623,0.20639994523355,0.987958994487686,-0.0497900792287244,0.00105882918135122,0.146481575981572,0.987795397092005,-0.0469536024358147,-0.0180097027238387,0.147415275022458
1289,2059,0.985091363976524,-0.0265494464332334,0.129731508153532,0.109817427146923,0.985091363976524,-0.0265494464332335,0.129731508153532,0.109817427146923,0.990411613278585,-0.0209339382109642,0.0794990306345273,0.111024819937077,0.990415712169224,-0.0209282120146283,0.0794479494842241,0.11102589946923,0.985091363976524,-0.0265494464332334,0.129731508153532,0.109817427146923,0.964885225221227,-0.0384493213590074,0.237132371764592,0.106237423246767,0.985091363976524,-0.0265494464332334,0.129731508153532,0.109817427146923,0.985091363976524,-0.0265494464332334,0.129731508153532,0.109817427146923,0.985087233246897,-0.0265343612368598,0.12971780959273,0.109874293818842,0.985087233246897,-0.0265343612368598,0.12971780959273,0.109874293818842,0.98509056606816,-0.0265465572045763,0.129728902043046,0.109828361176897,0.985091363976524,-0.0265494464332334,0.129731508153532,0.109817427146923,0.985087233246897,-0.0265343612368598,0.12971780959273,0.109874293818842,0.985087233246897,-0.0265343612368598,0.12971780959273,0.109874293818842,0.98509056606816,-0.0265465572045763,0.129728902043046,0.109828361176897,0.99439982292537,-0.0161292672751619,0.0180187676411867,0.102879360980964,0.963379802525801,-0.0386202904339974,0.0761951987511193,0.254169472870798,0.981372024699655,-0.0326376368511888,-0.000883164221069581,0.189322354249646,0.981372024699655,-0.0326376368511888,-0.000883164221069581,0.189322354249646,0.987812087292953,0.0314828686121835,-0.0243328647989581,0.150479303801432,0.975168846776958,0.00327671935293801,0.0823362134926708,0.205561989029267,0.988418021596576,-0.0428075697189217,-0.00433652823681419,0.145528420182188,0.988325753782338,-0.0413554847076488,-0.0141843330688821,0.145947706355938
1290,2060,0.98515059151378,-0.0268038377401203,0.129928650378854,0.108988128404794,0.98515059151378,-0.0268038377401203,0.129928650378854,0.108988128404794,0.990480783540833,-0.0212301478200835,0.0796929080003922,0.110209521704415,0.990484892430716,-0.0212244636728256,0.0796418232823354,0.110210616514832,0.98515059151378,-0.0268038377401203,0.129928650378854,0.108988128404794,0.964922443770991,-0.0386110979062915,0.237334826050117,0.105385202800247,0.98515059151378,-0.0268038377401203,0.129928650378854,0.108988128404794,0.98515059151378,-0.0268038377401203,0.129928650378854,0.108988128404794,0.98514744480671,-0.0267903644899172,0.129918111134856,0.109032439028295,0.98514744480671,-0.0267903644899172,0.129918111134856,0.109032439028295,0.985149995236936,-0.0268012650426396,0.12992665341983,0.108996531173713,0.98515059151378,-0.0268038377401203,0.129928650378854,0.108988128404794,0.98514744480671,-0.0267903644899172,0.129918111134856,0.109032439028295,0.98514744480671,-0.0267903644899172,0.129918111134856,0.109032439028295,0.985149995236936,-0.0268012650426396,0.12992665341983,0.108996531173713,0.994415534817401,-0.0169448874140536,0.0192147097061762,0.102378756757715,0.963505526466137,-0.0393020209718739,0.076427323615227,0.253517880674621,0.981351233163064,-0.0328106354950879,-0.000735214525698934,0.189400841675379,0.981351233163064,-0.0328106354950879,-0.000735214525698934,0.189400841675379,0.987868620862198,0.0322215008402181,-0.023872077354916,0.150024953664993,0.975921829126941,0.00984972605799781,0.0746197854990708,0.204722871077419,0.98874292469006,-0.0357326539810231,-0.00916742380509073,0.14500539526375,0.98873422808769,-0.0356014789260826,-0.0100617588778962,0.145037656883995
1291,2061,0.985269732457446,-0.0269080245566396,0.129930630576875,0.107877447854444,0.985269732457446,-0.0269080245566396,0.129930630576875,0.107877447854444,0.990599871157395,-0.0213906475805776,0.0796888305964081,0.109105571522322,0.990603979836825,-0.0213850203699674,0.0796377397363448,0.109106674612074,0.985269732457446,-0.0269080245566396,0.129930630576875,0.107877447854444,0.965040646580439,-0.0385926763591103,0.237349878673827,0.104269798468061,0.985269732457446,-0.0269080245566396,0.129930630576875,0.107877447854444,0.985269732457446,-0.0269080245566396,0.129930630576875,0.107877447854444,0.985263649966996,-0.0269021424229911,0.129930008810525,0.107935200918247,0.985263649966996,-0.0269021424229911,0.129930008810525,0.107935200918247,0.985268541318379,-0.0269069571315081,0.129930591627313,0.107888639372516,0.985269732457446,-0.0269080245566396,0.129930630576875,0.107877447854444,0.985263649966996,-0.0269021424229911,0.129930008810525,0.107935200918247,0.985263649966996,-0.0269021424229911,0.129930008810525,0.107935200918247,0.985268541318379,-0.0269069571315081,0.129930591627313,0.107888639372516,0.994454699416026,-0.0179071437590245,0.0205159200847332,0.101578944840219,0.963554277532477,-0.039928180919053,0.0766419107210256,0.253169729901486,0.981354349776697,-0.0329228205198075,-0.000609804420254181,0.18936566796002,0.981354349776697,-0.0329228205198075,-0.000609804420254181,0.18936566796002,0.98795620495408,0.0328332409559659,-0.0233614369386113,0.149394640617466,0.976531025580038,0.016225097650656,0.0670948656360867,0.204015149660758,0.988970614743906,-0.0288060254452436,-0.0134901390301823,0.144655978860381,0.988970614743906,-0.0288060254452436,-0.0134901390301823,0.144655978860381
1292,2062,0.985405853412966,-0.0269484765511007,0.129835651207232,0.106732316318126,0.985405853412966,-0.0269484765511007,0.129835651207232,0.106732316318126,0.990730989112985,-0.0214892457694035,0.0795870559585481,0.107963975710975,0.990735092543155,-0.0214836774371181,0.0795359583361368,0.107965083887503,0.985405853412966,-0.0269484765511006,0.129835651207232,0.106732316318126,0.965186375073159,-0.0385071220038005,0.237270423015759,0.1031271510808,0.985405853412966,-0.0269484765511006,0.129835651207232,0.106732316318126,0.985405853412966,-0.0269484765511006,0.129835651207232,0.106732316318126,0.985398777833898,-0.0269461607902152,0.12984037364674,0.10679246431,0.985398777833898,-0.0269461607902152,0.12984037364674,0.10679246431,0.985404486958021,-0.0269480615391178,0.129836601489993,0.106743880273352,0.985405853412966,-0.0269484765511006,0.129835651207232,0.106732316318126,0.985398777833898,-0.0269461607902152,0.12984037364674,0.10679246431,0.985398777833898,-0.0269461607902152,0.12984037364674,0.10679246431,0.985404486958021,-0.0269480615391178,0.129836601489993,0.106743880273352,0.994489972760634,-0.0188934840163395,0.0217845890616923,0.100787707681498,0.963589457839124,-0.0405937156639151,0.0768970738117968,0.252852421442002,0.981358179445714,-0.0330274615889772,-0.000485904473364372,0.189327954388212,0.981358179445714,-0.0330274615889772,-0.000485904473364372,0.189327954388212,0.988061528348188,0.0333322217295126,-0.0228106166067332,0.148670962070063,0.977005614379121,0.0223092010507712,0.0598099525444797,0.20343327799743,0.989017038108739,-0.0223534049311383,-0.0179743106471469,0.144991543806392,0.989017038108739,-0.0223534049311383,-0.0179743106471469,0.144991543806392
1293,2063,0.985548382512645,-0.0269817633464721,0.129735028276256,0.105523422099472,0.985548382512645,-0.0269817633464721,0.129735028276256,0.105523422099472,0.990868220111484,-0.021583928598922,0.0794793193744905,0.106758335464286,0.990872317984896,-0.0215784224480949,0.0794282146744553,0.106759448525739,0.985548382512645,-0.0269817633464721,0.129735028276256,0.105523422099472,0.965339092740527,-0.0384074431879763,0.237186061694249,0.101921913603654,0.985548382512645,-0.0269817633464721,0.129735028276256,0.105523422099472,0.985548382512645,-0.0269817633464721,0.129735028276256,0.105523422099472,0.985540940785846,-0.0269799842724541,0.12974030061547,0.105586878350561,0.985540940785846,-0.0269799842724541,0.12974030061547,0.105586878350561,0.985546950980183,-0.0269814265315479,0.129736044985855,0.10553562747914,0.985548382512645,-0.0269817633464721,0.129735028276256,0.105523422099472,0.985540940785846,-0.0269799842724541,0.12974030061547,0.105586878350561,0.985540940785846,-0.0269799842724541,0.12974030061547,0.105586878350561,0.985546950980183,-0.0269814265315479,0.129736044985855,0.10553562747914,0.994519007592611,-0.0198836618630551,0.0230353478241056,0.100029776959397,0.963618845215449,-0.0413325960548112,0.077174831271784,0.252535904510997,0.98136213333625,-0.0331553042826837,-0.000324972492721316,0.189285454920671,0.98136213333625,-0.0331553042826837,-0.000324972492721316,0.189285454920671,0.98818574252002,0.0337708382194777,-0.0221881432989315,0.147838273336294,0.977366773451521,0.0280549353326693,0.0528244033022786,0.202920410930495,0.988864187006992,-0.016234623977133,-0.0233081201749107,0.146084866338831,0.988864187006992,-0.016234623977133,-0.0233081201749107,0.146084866338831
1294,2064,0.985698680492977,-0.0270232361767402,0.129615703714812,0.104247903247276,0.985698680492977,-0.0270232361767402,0.129615703714812,0.104247903247276,0.991012259486928,-0.0216901729163031,0.0793525104939758,0.105486572717945,0.991016350819908,-0.0216847323572246,0.0793013983651963,0.105487691260701,0.985698680492977,-0.0270232361767402,0.129615703714812,0.104247903247276,0.965501586163156,-0.0383085839808705,0.237083965066204,0.100649555479883,0.985698680492977,-0.0270232361767402,0.129615703714812,0.104247903247276,0.985698680492977,-0.0270232361767402,0.129615703714812,0.104247903247276,0.985690836466282,-0.0270210747586571,0.129621939210966,0.104314856566447,0.985690836466282,-0.0270210747586571,0.129621939210966,0.104314856566447,0.985697171479809,-0.0270228183072342,0.129616908216966,0.104260781369187,0.985698680492977,-0.0270232361767402,0.129615703714812,0.104247903247276,0.985690836466282,-0.0270210747586571,0.129621939210966,0.104314856566447,0.985690836466282,-0.0270210747586571,0.129621939210966,0.104314856566447,0.985697171479809,-0.0270228183072342,0.129616908216966,0.104260781369187,0.994537883036722,-0.0208494570863668,0.0242519116410761,0.0993556446599458,0.96363036991567,-0.042129825501476,0.0774697945550655,0.252269734433207,0.981367251829504,-0.0333040639659159,-0.000143110114838249,0.189233020055848,0.981367251829504,-0.0333040639659159,-0.000143110114838249,0.189233020055848,0.988327561779492,0.0341479085565484,-0.0216223679150985,0.146884390504784,0.977589593796098,0.0331836532459554,0.0462763060935933,0.202671988082135,0.988537354049669,-0.0104181726344692,-0.0291194328133547,0.147774896244479,0.988537354049669,-0.0104181726344692,-0.0291194328133547,0.147774896244479
1295,2065,0.985857220066218,-0.0270742728791361,0.129453925270196,0.102928162441156,0.985857220066218,-0.0270742728791361,0.129453925270196,0.102928162441156,0.991162372191348,-0.0218082162175664,0.0791828837348915,0.104171131225761,0.991166454775531,-0.021802843502977,0.0791317638641891,0.104172255858417,0.985857220066218,-0.0270742728791361,0.129453925270196,0.102928162441156,0.965676933735143,-0.0382143742125857,0.236940576466853,0.0993321925610592,0.985857220066218,-0.0270742728791361,0.129453925270196,0.102928162441156,0.985857220066218,-0.0270742728791361,0.129453925270196,0.102928162441156,0.985848947282365,-0.0270716142464732,0.129462332062688,0.102997502014526,0.985848947282365,-0.0270716142464732,0.129462332062688,0.102997502014526,0.985855628513671,-0.0270737585786063,0.129455556273268,0.102941489567233,0.985857220066218,-0.0270742728791361,0.129453925270196,0.102928162441156,0.985848947282365,-0.0270716142464732,0.129462332062688,0.102997502014526,0.985848947282365,-0.0270716142464732,0.129462332062688,0.102997502014526,0.985855628513671,-0.0270737585786063,0.129455556273268,0.102941489567233,0.994549027307627,-0.0217967593809049,0.0254155762311249,0.0987480736358115,0.963639456517672,-0.042999638972212,0.0778178039566598,0.251980987929541,0.981369700962863,-0.0334496202871833,9.28457349352205e-05,0.189194673060246,0.981369700962863,-0.0334496202871833,9.28457349352205e-05,0.189194673060246,0.98848906474088,0.034340817213831,-0.0211035826667716,0.145824263959784,0.977643068928412,0.0377419271025583,0.0401754819656515,0.202917489053183,0.988059315612509,-0.0051217287598809,-0.035146550604009,0.149924236554641,0.988059315612509,-0.0051217287598809,-0.035146550604009,0.149924236554641
1296,2066,0.986026935294237,-0.027100646964771,0.129213465928826,0.101588966088872,0.986026935294237,-0.027100646964771,0.129213465928826,0.101588966088872,0.991319647346803,-0.0219026175534353,0.0789341097833811,0.102835005913468,0.991323717100119,-0.0218973137501465,0.0788829818014536,0.102836135416704,0.986026935294237,-0.027100646964771,0.129213465928826,0.101588966088872,0.965872030326298,-0.0380935143430396,0.236720210240781,0.0979982002993513,0.986026935294237,-0.027100646964771,0.129213465928826,0.101588966088872,0.986026935294237,-0.027100646964771,0.129213465928826,0.101588966088872,0.98601808456356,-0.0270991966661167,0.12922591561815,0.1016593979242,0.98601808456356,-0.0270991966661167,0.12922591561815,0.1016593979242,0.986025231587308,-0.0271003783381192,0.129215888059808,0.101602492292473,0.986026935294237,-0.027100646964771,0.129213465928826,0.101588966088872,0.98601808456356,-0.0270991966661167,0.12922591561815,0.1016593979242,0.98601808456356,-0.0270991966661167,0.12922591561815,0.1016593979242,0.986025231587308,-0.0271003783381192,0.129215888059808,0.101602492292473,0.994552045904659,-0.0227465087303245,0.0265569010199327,0.0982016055655701,0.96364018129768,-0.0439405608058024,0.0781802970323097,0.251703534461846,0.981375752641173,-0.0335985244467999,0.000370255236062454,0.189136549069791,0.981375752641173,-0.0335985244467999,0.000370255236062454,0.189136549069791,0.988644303837416,0.0343683328865868,-0.0205524926647987,0.144840785794926,0.977528829893784,0.0418554518861751,0.0343341434395508,0.203731869053828,0.987437386024911,-0.000404837743407583,-0.041393147383116,0.152492137949514,0.987437386024911,-0.000404837743407583,-0.041393147383116,0.152492137949514
1297,2067,0.98620598056788,-0.0270886853847266,0.128861871773394,0.100292497323235,0.98620598056788,-0.0270886853847266,0.128861871773394,0.100292497323235,0.991480592339357,-0.0219565612411501,0.0785738704608194,0.101539604655855,0.99148464351291,-0.0219513242488492,0.0785227341785411,0.101540736942991,0.98620598056788,-0.0270886853847266,0.128861871773394,0.100292497323235,0.966088605674453,-0.0379392431610223,0.236390406088715,0.0967108873063039,0.98620598056788,-0.0270886853847266,0.128861871773394,0.100292497323235,0.98620598056788,-0.0270886853847266,0.128861871773394,0.100292497323235,0.986196633460936,-0.0270892122590798,0.128880080204016,0.100360847226925,0.986196633460936,-0.0270892122590798,0.128880080204016,0.100360847226925,0.986204182226935,-0.0270888025656096,0.128865413132867,0.100305598207472,0.98620598056788,-0.0270886853847266,0.128861871773394,0.100292497323235,0.986196633460936,-0.0270892122590798,0.128880080204016,0.100360847226925,0.986196633460936,-0.0270892122590798,0.128880080204016,0.100360847226925,0.986204182226935,-0.0270888025656096,0.128865413132867,0.100305598207472,0.994546203163893,-0.0236848054526673,0.0276702937761237,0.097730418014538,0.963633026117332,-0.0449564445991356,0.0786008863480137,0.251420384476407,0.981381067310754,-0.0337576836821144,0.000681531114696754,0.189079758387207,0.981381067310754,-0.0337576836821144,0.000681531114696754,0.189079758387207,0.988769565550421,0.0342866290029563,-0.0198935618882019,0.144095175173375,0.977248543415132,0.0455052974343869,0.028809018114799,0.20514529673788,0.986779128737681,0.0038492552742696,-0.0465998285327316,0.155179219943452,0.986779128737681,0.0038492552742696,-0.0465998285327316,0.155179219943452
1298,2068,0.98638702334668,-0.0270771119249382,0.128428054877895,0.0990641453976179,0.98638702334668,-0.0270771119249382,0.128428054877895,0.0990641453976179,0.991639353488839,-0.0220074306780867,0.0781314131363339,0.100312251936168,0.991643381842192,-0.0220022569871356,0.0780802686664471,0.100313386848556,0.98638702334668,-0.0270771119249382,0.128428054877895,0.0990641453976179,0.9663161963847,-0.0377928385402835,0.235979095919639,0.0954912365017024,0.98638702334668,-0.0270771119249382,0.128428054877895,0.0990641453976179,0.98638702334668,-0.0270771119249382,0.128428054877895,0.0990641453976179,0.986377548879151,-0.0270777181779426,0.128450662014325,0.0991289850322039,0.986377548879151,-0.0270777181779426,0.128450662014325,0.0991289850322039,0.986385203557915,-0.0270772290680868,0.128432429584447,0.0990765607953864,0.98638702334668,-0.0270771119249382,0.128428054877895,0.0990641453976179,0.986377548879151,-0.0270777181779426,0.128450662014325,0.0991289850322039,0.986377548879151,-0.0270777181779426,0.128450662014325,0.0991289850322039,0.986385203557915,-0.0270772290680868,0.128432429584447,0.0990765607953864,0.994531327126691,-0.0246268750352356,0.0287304895837056,0.097342258849393,0.963628380563092,-0.0460698928441909,0.0790706315847802,0.251089116385919,0.981388660099555,-0.0338992920572396,0.00105298311621113,0.189013298613024,0.981388660099555,-0.0338992920572396,0.00105298311621113,0.189013298613024,0.988857727701198,0.0341026906647746,-0.0192286266745687,0.143623329481168,0.976749100921341,0.0484250122403157,0.0239316907947445,0.207469241610852,0.98619628354172,0.00459733774945185,-0.0489838753551156,0.158102292106449,0.98619628354172,0.00459733774945185,-0.0489838753551156,0.158102292106449
1299,2069,0.986580767292138,-0.0270262295996421,0.127879675294613,0.0978507085790847,0.986580767292138,-0.0270262295996421,0.127879675294613,0.0978507085790847,0.991804977026775,-0.0220182840250059,0.0775738956680475,0.0990977972731771,0.991808976625626,-0.0220131729702332,0.0775227426567737,0.099098932746948,0.986580767292138,-0.0270262295996421,0.127879675294613,0.0978507085790847,0.966568993040669,-0.0376090008468897,0.235455310911746,0.0942907275987421,0.986580767292138,-0.0270262295996421,0.127879675294613,0.0978507085790847,0.986580767292138,-0.0270262295996421,0.127879675294613,0.0978507085790847,0.986570653323618,-0.0270288053157064,0.12790823072644,0.0979146270801596,0.986570653323618,-0.0270288053157064,0.12790823072644,0.0979146270801596,0.986578820684399,-0.0270267398418557,0.127885204009701,0.097862968000656,0.986580767292138,-0.0270262295996421,0.127879675294613,0.0978507085790847,0.986570653323618,-0.0270288053157064,0.12790823072644,0.0979146270801596,0.986570653323618,-0.0270288053157064,0.12790823072644,0.0979146270801596,0.986578820684399,-0.0270267398418557,0.127885204009701,0.097862968000656,0.994508717145954,-0.0255288926424508,0.0297261933482062,0.0970414374903055,0.963610993976737,-0.0472516048881166,0.0795830058459408,0.250774167934394,0.981396590221903,-0.0340514630244811,0.00147455360055634,0.188941938855283,0.981396590221903,-0.0340514630244811,0.00147455360055634,0.188941938855283,0.988934977235036,0.0337030341539108,-0.0187164760996712,0.143252957429748,0.976181392756567,0.0504107337722517,0.0198333800940882,0.210083991275957,0.985598519793597,0.00534535067902317,-0.0513671811804873,0.161022972598202,0.985598519793597,0.00534535067902317,-0.0513671811804873,0.161022972598202
1300,2070,0.98678415906472,-0.0269821141890359,0.127229824669994,0.0966517493233576,0.98678415906472,-0.0269821141890359,0.127229824669994,0.0966517493233576,0.991975078909924,-0.0220351597555103,0.0769145479624928,0.0978981453753056,0.991979044502314,-0.0220301105734468,0.0768633861789943,0.0978992817210475,0.98678415906472,-0.0269821141890359,0.127229824669994,0.0966517493233576,0.966842523009417,-0.0374334791041661,0.234831728195767,0.0931038655241193,0.98678415906472,-0.0269821141890359,0.127229824669994,0.0966517493233576,0.98678415906472,-0.0269821141890359,0.127229824669994,0.0966517493233576,0.986773533056833,-0.0269844500937517,0.127263751338907,0.0967148980603451,0.986773533056833,-0.0269844500937517,0.127263751338907,0.0967148980603451,0.986782115159901,-0.026982560704915,0.127236379687758,0.0966638624425433,0.98678415906472,-0.0269821141890359,0.127229824669994,0.0966517493233576,0.986773533056833,-0.0269844500937517,0.127263751338907,0.0967148980603451,0.986773533056833,-0.0269844500937517,0.127263751338907,0.0967148980603451,0.986782115159901,-0.026982560704915,0.127236379687758,0.0966638624425433,0.994481656090097,-0.0264112378512416,0.0306889483868213,0.0967825948317869,0.963579213717271,-0.0485210247662557,0.0801368238786157,0.250477341303133,0.981419125851918,-0.0342172613121785,0.00194300103373646,0.188790633208682,0.981419125851918,-0.0342172613121785,0.00194300103373646,0.188790633208682,0.989009209846313,0.0331581912729121,-0.0183276395828326,0.142917510536679,0.975613401471151,0.0515184040845105,0.0164612220642559,0.212728402143736,0.985019259093148,0.00535702291792816,-0.053921235216358,0.163709687904492,0.985019259093148,0.00535702291792816,-0.053921235216358,0.163709687904492
1301,2071,0.986994316052799,-0.0269441801917478,0.126492321051251,0.0954773478283227,0.986994316052799,-0.0269441801917478,0.126492321051251,0.0954773478283227,0.992147482519836,-0.0220569608238118,0.0761673167114147,0.0967233336571519,0.992151409573117,-0.0220519722333046,0.0761161460370953,0.0967244711288589,0.986994316052799,-0.0269441801917478,0.126492321051251,0.0954773478283227,0.967132403577765,-0.037266798388871,0.234121765659155,0.0919407338037887,0.986994316052799,-0.0269441801917478,0.126492321051251,0.0954773478283227,0.986994316052799,-0.0269441801917478,0.126492321051251,0.0954773478283227,0.98698332793038,-0.0269461950806937,0.12653089911973,0.0955392302988624,0.98698332793038,-0.0269461950806937,0.12653089911973,0.0955392302988624,0.986992203853211,-0.0269445642648147,0.126499762897353,0.0954892139274151,0.986994316052799,-0.0269441801917478,0.126492321051251,0.0954773478283227,0.98698332793038,-0.0269461950806937,0.12653089911973,0.0955392302988624,0.98698332793038,-0.0269461950806937,0.12653089911973,0.0955392302988624,0.986992203853211,-0.0269445642648147,0.126499762897353,0.0954892139274151,0.994464128636018,-0.0272596762182709,0.0316367841593984,0.0964215784808129,0.96356654722352,-0.049850443792855,0.080736501833767,0.250072108794736,0.98142988557172,-0.0344921284007769,0.00244870362253439,0.188678765725331,0.98142988557172,-0.0344921284007769,0.00244870362253439,0.188678765725331,0.989069467010396,0.0325679154767291,-0.0181604628850135,0.14265734435028,0.974968145220055,0.0516648124367413,0.0140292585755348,0.21580325035982,0.98460617912496,0.00630443523052438,-0.0552172299412111,0.165716576246898,0.98460617912496,0.00630443523052438,-0.0552172299412111,0.165716576246898
1302,2072,0.9872085566162,-0.0269215443172664,0.125709688492527,0.0942951240226344,0.9872085566162,-0.0269215443172664,0.125709688492527,0.0942951240226344,0.992321670861413,-0.0220944377947066,0.0753748073028648,0.0955414872262641,0.992325557040338,-0.0220895101585542,0.0753236276457363,0.0955426266324391,0.9872085566162,-0.0269215443172664,0.125709688492527,0.0942951240226344,0.96743129921151,-0.0371144641918452,0.233367395629853,0.0907681470044573,0.9872085566162,-0.0269215443172664,0.125709688492527,0.0942951240226344,0.9872085566162,-0.0269215443172664,0.125709688492527,0.0942951240226344,0.987197348483154,-0.0269227783095644,0.125750755827251,0.0943573344515353,0.987197348483154,-0.0269227783095644,0.125750755827251,0.0943573344515353,0.987206403337178,-0.0269217747963263,0.125717590544476,0.0943070659048436,0.9872085566162,-0.0269215443172664,0.125709688492527,0.0942951240226344,0.987197348483154,-0.0269227783095644,0.125750755827251,0.0943573344515353,0.987197348483154,-0.0269227783095644,0.125750755827251,0.0943573344515353,0.987206403337178,-0.0269217747963263,0.125717590544476,0.0943070659048436,0.994459712036132,-0.0280968957919947,0.0325370586325927,0.0959259370525296,0.963567508710328,-0.0512658532449639,0.0813978788046265,0.249567333148682,0.981451896023085,-0.0347645950555887,0.00297291930231998,0.188506658964969,0.981451896023085,-0.0347645950555887,0.00297291930231998,0.188506658964969,0.989116098018059,0.0318741206995585,-0.0183036281592359,0.142472321056996,0.974298621198557,0.050828232251291,0.0125567793116483,0.219091339012106,0.984291290299592,0.00580074329185063,-0.054496873506923,0.167830563353637,0.984291290299592,0.00580074329185063,-0.054496873506923,0.167830563353637
1303,2073,0.987424841330876,-0.0269192474606774,0.124886195649297,0.0931180700782106,0.987424841330876,-0.0269192474606774,0.124886195649297,0.0931180700782106,0.99249582408998,-0.0221519647540179,0.0745413865246064,0.0943658376557771,0.992499667284521,-0.0221470977525869,0.0744901978865342,0.0943669800305016,0.987424841330876,-0.0269192474606774,0.124886195649297,0.0931180700782106,0.967736714026619,-0.0369829137546212,0.232572636967512,0.0895984651049223,0.987424841330876,-0.0269192474606774,0.124886195649297,0.0931180700782106,0.987424841330876,-0.0269192474606774,0.124886195649297,0.0931180700782106,0.987413521443115,-0.0269194254960352,0.124929430600716,0.0931800384849249,0.987413521443115,-0.0269194254960352,0.124929430600716,0.0931800384849249,0.987422667471781,-0.0269192730208843,0.124894510931971,0.0931299610329733,0.987424841330876,-0.0269192474606774,0.124886195649297,0.0931180700782106,0.987413521443115,-0.0269194254960352,0.124929430600716,0.0931800384849249,0.987413521443115,-0.0269194254960352,0.124929430600716,0.0931800384849249,0.987422667471781,-0.0269192730208843,0.124894510931971,0.0931299610329733,0.994463369339911,-0.0289491918645913,0.0334441762567296,0.0953207134153286,0.963590110249937,-0.05275172359934,0.0820799752564426,0.248946244694943,0.981479738613748,-0.0350258531756302,0.0035518372300535,0.188303204307044,0.981479738613748,-0.0350258531756302,0.0035518372300535,0.188303204307044,0.98914397668161,0.0310305610210909,-0.0187261315018544,0.142410075753726,0.973692308594822,0.0491213787459243,0.0120868434257002,0.222180751977725,0.983971144654551,0.00529702037305773,-0.0537762260203422,0.169943654125099,0.983971144654551,0.00529702037305773,-0.0537762260203422,0.169943654125099
1304,2074,0.987639846128664,-0.0269327485484919,0.124057004566109,0.0919348737566798,0.987639846128664,-0.0269327485484919,0.124057004566109,0.0919348737566798,0.992668409456782,-0.0222255814131439,0.0737023399188238,0.0931848565373187,0.992672209376785,-0.0222207753213907,0.0736511423806786,0.0931860027104351,0.987639846128664,-0.0269327485484919,0.124057004566109,0.0919348737566798,0.968041482464058,-0.036866391129097,0.23177207396871,0.0884209430064472,0.987639846128664,-0.0269327485484919,0.124057004566109,0.0919348737566798,0.987639846128664,-0.0269327485484919,0.124057004566109,0.0919348737566798,0.987628585316673,-0.0269320839070837,0.124100632847103,0.0919971371769705,0.987628585316673,-0.0269320839070837,0.124100632847103,0.0919971371769705,0.98763768498426,-0.0269326140833982,0.124065380969663,0.0919468256244822,0.987639846128664,-0.0269327485484919,0.124057004566109,0.0919348737566798,0.987628585316673,-0.0269320839070837,0.124100632847103,0.0919971371769705,0.987628585316673,-0.0269320839070837,0.124100632847103,0.0919971371769705,0.98763768498426,-0.0269326140833982,0.124065380969663,0.0919468256244822,0.994470832057207,-0.0297818617167375,0.0343168452154834,0.0946739617560666,0.963635529164318,-0.0542964149966755,0.0827928111888247,0.248201161693828,0.981498349119304,-0.0353814691315368,0.00414159141220587,0.188127588457275,0.981499408279064,-0.035331803044688,0.00388248003104728,0.188136922453481,0.989149346373028,0.0300849691893227,-0.0193362773076637,0.142494117698136,0.973188165515121,0.0466320185723552,0.0126235730111062,0.224879733968212,0.983825516577343,0.00391554104298203,-0.0513199321969832,0.171575889999045,0.983825516577343,0.00391554104298203,-0.0513199321969832,0.171575889999045
1305,2075,0.98785878998035,-0.0269561985577654,0.123217266984508,0.0906966346384596,0.98785878998035,-0.0269561985577654,0.123217266984508,0.0906966346384596,0.992844392787417,-0.0223119315503822,0.0728525602512142,0.0919494093831981,0.992848148879315,-0.0223071891774067,0.0728013536377585,0.0919505600115153,0.987858789980349,-0.0269561985577654,0.123217266984508,0.0906966346384596,0.968351324375739,-0.0367537122863288,0.230961460863765,0.0871876184363449,0.987858789980349,-0.0269561985577654,0.123217266984508,0.0906966346384596,0.987858789980349,-0.0269561985577654,0.123217266984508,0.0906966346384596,0.987847338988126,-0.0269549944413948,0.123261442686007,0.0907616652321191,0.987847338988126,-0.0269549944413948,0.123261442686007,0.0907616652321191,0.987856590331407,-0.0269559630240588,0.123225749549831,0.0907091375999994,0.987858789980349,-0.0269561985577654,0.123217266984508,0.0906966346384596,0.987847338988126,-0.0269549944413948,0.123261442686007,0.0907616652321191,0.987847338988126,-0.0269549944413948,0.123261442686007,0.0907616652321191,0.987856590331407,-0.0269559630240588,0.123225749549831,0.0907091375999994,0.994476722236943,-0.0306218162512749,0.0351901810920274,0.0940212978694152,0.963697090109443,-0.0558964509995774,0.0835230930493972,0.2473608663627,0.981520845065028,-0.0356919336891435,0.0047619584554582,0.187936798749026,0.981525835588854,-0.0354672817299289,0.00358881834321968,0.187979324344971,0.989140912191668,0.029136978356378,-0.0200739370562239,0.142647570508429,0.972812194662628,0.0433641976725369,0.0142696607064861,0.227051441438323,0.983894796779894,0.00242344596598647,-0.0478870354764365,0.172197524989134,0.983894796779894,0.00242344596598647,-0.0478870354764365,0.172197524989134
1306,2076,0.988083522209549,-0.0269753977173827,0.122356572177799,0.0893988271783289,0.988083522209549,-0.0269753977173827,0.122356572177799,0.0893988271783289,0.993025091916257,-0.0223970637445847,0.0719815562615717,0.0906542548284012,0.993028803085386,-0.0223923881698318,0.0719303403296137,0.0906554098491826,0.988083522209549,-0.0269753977173827,0.122356572177799,0.0893988271783289,0.968669221235203,-0.0366302663386958,0.230130652996758,0.0858955526836396,0.988083522209549,-0.0269753977173827,0.122356572177799,0.0893988271783289,0.988083522209549,-0.0269753977173827,0.122356572177799,0.0893988271783289,0.988071777162382,-0.0269743793036225,0.122401823663793,0.0894669749132904,0.988071777162382,-0.0269743793036225,0.122401823663793,0.0894669749132904,0.988081265236,-0.0269752037074276,0.122365265484032,0.0894119314051036,0.988083522209549,-0.0269753977173827,0.122356572177799,0.0893988271783289,0.988071777162382,-0.0269743793036225,0.122401823663793,0.0894669749132904,0.988071777162382,-0.0269743793036225,0.122401823663793,0.0894669749132904,0.988081265236,-0.0269752037074276,0.122365265484032,0.0894119314051036,0.99448177141005,-0.0314570416845531,0.0360675937736774,0.0933573218390619,0.963775260560248,-0.0575318721249502,0.0842440962360411,0.246435109250281,0.981545173012673,-0.0359800379766671,0.0053778160942166,0.187738086963667,0.981554399715083,-0.0355801574861485,0.00328754777670388,0.18781428279777,0.989136164080594,0.02817841607519,-0.0208861489879322,0.142756416864094,0.972640295603621,0.0397413403346609,0.0167489650222682,0.228278236823375,0.984151886654261,0.000843520846524792,-0.0446001863527614,0.171625102606649,0.984151886654261,0.000843520846524792,-0.0446001863527614,0.171625102606649
1307,2077,0.988315079515926,-0.0270333247663239,0.121475534117185,0.088012485275965,0.988315079515926,-0.0270333247663239,0.121475534117185,0.088012485275965,0.993211573406804,-0.0225253733235516,0.0710898884399753,0.0892726484932991,0.993215238587408,-0.0225207690057637,0.0710386628913138,0.0892738101335579,0.988315079515926,-0.0270333247663239,0.121475534117185,0.088012485275965,0.968996136043199,-0.0365355909131089,0.229280374478448,0.084511234809364,0.988315079515926,-0.0270333247663239,0.121475534117185,0.088012485275965,0.988315079515926,-0.0270333247663239,0.121475534117185,0.088012485275965,0.988302985659839,-0.0270303794410832,0.121521857377535,0.0880852161411503,0.988302985659839,-0.0270303794410832,0.121521857377535,0.0880852161411503,0.988312755109803,-0.0270327439312314,0.121484433123551,0.088026480967196,0.988315079515926,-0.0270333247663239,0.121475534117185,0.088012485275965,0.988302985659839,-0.0270303794410832,0.121521857377535,0.0880852161411503,0.988302985659839,-0.0270303794410832,0.121521857377535,0.0880852161411503,0.988312755109803,-0.0270327439312314,0.121484433123551,0.088026480967196,0.994490113641181,-0.0323539911478484,0.0369561202710187,0.092611437205505,0.96386740850203,-0.0592085004149068,0.0849413898413052,0.245436208816114,0.981562034737659,-0.0363345689867077,0.00601457309554557,0.187562245584492,0.981576170691157,-0.0357397120454398,0.00290245743068809,0.187676503204466,0.989137516003792,0.0271437721056698,-0.0217334855543377,0.142821026727099,0.972680347000601,0.0365435616960516,0.0191814695978788,0.228450392605096,0.984231916792895,3.79274750010256e-05,-0.0459281709162663,0.170816087193157,0.984231916792895,3.79274750010256e-05,-0.0459281709162663,0.170816087193157
1308,2078,0.988561812227609,-0.0271084273397907,0.120531754822771,0.086503021055758,0.988561812227609,-0.0271084273397907,0.120531754822771,0.086503021055758,0.993410022023878,-0.0226770936175912,0.0701347892126899,0.0877689518546771,0.99341363794443,-0.0226725668536145,0.070083553430198,0.0877701213219966,0.988561812227609,-0.0271084273397907,0.120531754822771,0.086503021055758,0.969345024887124,-0.0364444654706328,0.228369400844272,0.083002653097172,0.988561812227609,-0.0271084273397907,0.120531754822771,0.086503021055758,0.988561812227609,-0.0271084273397907,0.120531754822771,0.086503021055758,0.988548954397676,-0.0271045272324595,0.120581270161379,0.0865821381639164,0.988548954397676,-0.0271045272324595,0.120581270161379,0.0865821381639164,0.988559337785042,-0.0271076709476071,0.120541283577682,0.0865182570746774,0.988561812227609,-0.0271084273397907,0.120531754822771,0.086503021055758,0.988548954397676,-0.0271045272324595,0.120581270161379,0.0865821381639164,0.988548954397676,-0.0271045272324595,0.120581270161379,0.0865821381639164,0.988559337785042,-0.0271076709476071,0.120541283577682,0.0865182570746774,0.99450954941008,-0.0332857396606116,0.0378793711295402,0.0916949775627636,0.963961726556318,-0.0609100071070732,0.0856466860728407,0.24440213978916,0.98158061666954,-0.0366694822254225,0.00667918039041166,0.187377241417626,0.981599962351268,-0.0358857772255438,0.00257534153670155,0.187528911160062,0.989134358567785,0.0257568367931255,-0.0224575205884121,0.142987642221733,0.972839274860875,0.0341970149274152,0.0209035119493671,0.227985422004134,0.984501089928423,-0.00213313040295203,-0.0443795151328568,0.169657043240198,0.984501089928423,-0.00213313040295203,-0.0443795151328568,0.169657043240198
1309,2079,0.988839050809762,-0.0270530857118531,0.119413486674891,0.0848874628391089,0.988839050809762,-0.0270530857118531,0.119413486674891,0.0848874628391089,0.993630069125458,-0.0227039302474353,0.0690038762385479,0.0861526688217699,0.993633626718234,-0.0226994868441433,0.0689526291085051,0.0861538396753536,0.988839050809762,-0.0270530857118531,0.119413486674891,0.0848874628391089,0.969743397948097,-0.0362120333113275,0.227288344052846,0.081402944893003,0.988839050809762,-0.0270530857118531,0.119413486674891,0.0848874628391089,0.988839050809762,-0.0270530857118531,0.119413486674891,0.0848874628391089,0.988824647491114,-0.0270556605669512,0.119471888149941,0.0849722053806288,0.988824647491114,-0.0270556605669512,0.119471888149941,0.0849722053806288,0.988836273318514,-0.0270536321019191,0.119424767023318,0.0849037724784517,0.988839050809762,-0.0270530857118531,0.119413486674891,0.0848874628391089,0.988824647491114,-0.0270556605669512,0.119471888149941,0.0849722053806288,0.988824647491114,-0.0270556605669512,0.119471888149941,0.0849722053806288,0.988836273318514,-0.0270536321019191,0.119424767023318,0.0849037724784517,0.994532243239902,-0.0342492806172227,0.0388717521007445,0.0906729883814865,0.964024320296222,-0.0626242439543487,0.0863531040690391,0.243471672611405,0.98160022201206,-0.0370238767766075,0.00742794726822847,0.187176553803318,0.981626109415317,-0.0360047275817169,0.00208604144072016,0.187375263407479,0.989135390867662,0.0238625289977537,-0.0228853742227219,0.143241118012935,0.97321321292264,0.0324259775770533,0.0220841528330788,0.226532311965889,0.985001254260771,-0.00539609672606238,-0.0381369359749967,0.168193297605083,0.985001254260771,-0.00539609672606238,-0.0381369359749967,0.168193297605083
1310,2080,0.989130485052739,-0.0268757670020088,0.118164740358156,0.0832806749701104,0.989130485052739,-0.0268757670020088,0.118164740358156,0.0832806749701104,0.993857662313466,-0.0226085016950998,0.0677419322531385,0.0845389456199101,0.993861154820458,-0.0226041415206305,0.0676906733865255,0.084540111553858,0.989130485052739,-0.0268757670020088,0.118164740358156,0.0832806749701104,0.970170210293255,-0.0358593250735503,0.226079157341226,0.0798253498626401,0.989130485052739,-0.0268757670020088,0.118164740358156,0.0832806749701104,0.989130485052739,-0.0268757670020088,0.118164740358156,0.0832806749701104,0.989115303476039,-0.0268847646846125,0.118230110977156,0.0833652608445864,0.989115303476039,-0.0268847646846125,0.118230110977156,0.0833652608445864,0.989127564184288,-0.0268775462317081,0.118177343172638,0.0832969077461815,0.989130485052739,-0.0268757670020088,0.118164740358156,0.0832806749701104,0.989115303476039,-0.0268847646846125,0.118230110977156,0.0833652608445864,0.989115303476039,-0.0268847646846125,0.118230110977156,0.0833652608445864,0.989127564184288,-0.0268775462317081,0.118177343172638,0.0832969077461815,0.994553234763341,-0.0351996049876065,0.0399156091969671,0.0896191674416009,0.9640254135978,-0.064327683101807,0.0870352475044069,0.24277935829924,0.98161013751769,-0.0375388017046018,0.00832950781122013,0.186983944735126,0.981644428337382,-0.0362245921851607,0.00143495367461374,0.187242986899763,0.989186566983304,0.0219176161657518,-0.0228968735136372,0.143196672393938,0.973947719506186,0.0307520860557016,0.0232125565906011,0.2234755603829,0.985238011204166,-0.00870247779622681,-0.0347951343998387,0.167390641258002,0.985238011204166,-0.00870247779622681,-0.0347951343998387,0.167390641258002
1311,2081,0.989402000798168,-0.0266337635873313,0.116977121121012,0.0817965560888477,0.989402000798168,-0.0266337635873313,0.116977121121012,0.0817965560888477,0.994068469376816,-0.0224422376828423,0.0665420486610788,0.0830444454410328,0.994071899998846,-0.0224379545882943,0.066490778923567,0.083045602801807,0.989402000798168,-0.0266337635873313,0.116977121121012,0.0817965560888476,0.970570511471484,-0.0354557952612128,0.224928540454873,0.0783767856780107,0.989402000798168,-0.0266337635873313,0.116977121121012,0.0817965560888476,0.989402000798168,-0.0266337635873313,0.116977121121012,0.0817965560888476,0.989387764051425,-0.0266463162924565,0.117039782259155,0.0818749994937068,0.989387764051425,-0.0266463162924565,0.117039782259155,0.0818749994937068,0.989399275169912,-0.0266362019197827,0.11698912556477,0.0818115611642446,0.989402000798168,-0.0266337635873313,0.116977121121012,0.0817965560888476,0.989387764051425,-0.0266463162924565,0.117039782259155,0.0818749994937068,0.989387764051425,-0.0266463162924565,0.117039782259155,0.0818749994937068,0.989399275169912,-0.0266362019197827,0.11698912556477,0.0818115611642446,0.99453981438664,-0.0360320046217488,0.0408498135157677,0.089014296483508,0.964025489737531,-0.0661457884646869,0.0878042757659639,0.242012394232017,0.981587443756459,-0.0381782064863466,0.00940740728000873,0.186922485264387,0.981632268883477,-0.0365196844368028,0.000705506022568985,0.187253580997976,0.989276994677643,0.0201555964467014,-0.0226385409812795,0.142871537388267,0.974848718909903,0.0286637557846713,0.0246432867619661,0.219638504733587,0.985396646942636,-0.0119444093902559,-0.030925334869649,0.16701617568885,0.985392766763407,-0.0119234956211236,-0.0310487254641422,0.167017670051956
1312,2082,0.989676591504343,-0.0263263943753134,0.115813923694639,0.080214090196131,0.989676591504343,-0.0263263943753134,0.115813923694639,0.080214090196131,0.994283588605108,-0.022215690588378,0.0653663990422478,0.0814484032899297,0.994286958592052,-0.0222114898109167,0.0653151182114026,0.0814495489685309,0.989676591504343,-0.0263263943753134,0.115813923694639,0.080214090196131,0.970971186936544,-0.0349764942843383,0.223802535357044,0.076837648027352,0.989676591504343,-0.0263263943753134,0.115813923694639,0.080214090196131,0.989676591504343,-0.0263263943753134,0.115813923694639,0.080214090196131,0.989662254649856,-0.0263423932635694,0.115875228900353,0.0802971441945551,0.989662254649856,-0.0263423932635694,0.115875228900353,0.0802971441945551,0.989673838453496,-0.0263294929879411,0.115825678075208,0.0802300665470308,0.989676591504343,-0.0263263943753134,0.115813923694639,0.080214090196131,0.989662254649856,-0.0263423932635694,0.115875228900353,0.0802971441945551,0.989662254649856,-0.0263423932635694,0.115875228900353,0.0802971441945551,0.989673838453496,-0.0263294929879411,0.115825678075208,0.0802300665470308,0.994543519403124,-0.0369489710331774,0.0418561003505544,0.0881250725746156,0.963981680323515,-0.0679177509644164,0.0885624198044137,0.241419131186772,0.981593727651481,-0.0387910107587945,0.0105923359213818,0.186699795766654,0.981650872952727,-0.0367905701017651,8.5884514585503e-05,0.187104276291554,0.989480229719102,0.0184982236406833,-0.0222981491748831,0.141737374254454,0.975599763478524,0.0257678602825707,0.0264903463656306,0.216424075431861,0.985602706240503,-0.011809841697232,-0.0249370289116794,0.166811203699099,0.985208734110342,-0.00970026949857712,-0.0373938523321804,0.166947161737212
1313,2083,0.989952381061346,-0.0258772902904402,0.114689919311884,0.0785548947324756,0.989952381061346,-0.0258772902904402,0.114689919311884,0.0785548947324756,0.994501897024199,-0.0218514913750903,0.0642298308892731,0.0797685274020424,0.9945052083917,-0.0218473772386717,0.0641785388005582,0.0797696542990955,0.989952381061346,-0.0258772902904402,0.114689919311884,0.0785548947324756,0.971368749707202,-0.0343478891007921,0.222715617892105,0.0752378106640918,0.989952381061346,-0.0258772902904402,0.114689919311884,0.0785548947324756,0.989952381061346,-0.0258772902904402,0.114689919311884,0.0785548947324756,0.989937986194151,-0.0259005483711086,0.114749197751661,0.078642016119217,0.989937986194151,-0.0259005483711086,0.114749197751661,0.078642016119217,0.989949617087694,-0.0258818128815327,0.114701279393389,0.0785716481653023,0.989952381061346,-0.0258772902904402,0.114689919311884,0.0785548947324756,0.989937986194151,-0.0259005483711086,0.114749197751661,0.078642016119217,0.989937986194151,-0.0259005483711086,0.114749197751661,0.078642016119217,0.989949617087694,-0.0258818128815327,0.114701279393389,0.0785716481653023,0.994539044210943,-0.0378210443727271,0.0428461184769855,0.0873262175637851,0.963937940877084,-0.0697739622096707,0.0893013555752908,0.240791420585591,0.981600482166379,-0.0394135586562732,0.0120260596646338,0.186446879013093,0.981673914610592,-0.0369976449330964,-0.000676811230955864,0.186941278398002,0.989753399492508,0.0169410244742805,-0.0215838866023859,0.140126177860958,0.97616563239156,0.0222790723231138,0.0287801100858038,0.213953280735435,0.985090498717361,-0.0111491991392637,-0.0309446221104859,0.168863362094252,0.985090498717361,-0.0111491991392637,-0.0309446221104859,0.168863362094252
1314,2084,0.990246488047263,-0.0251040331788388,0.113489826369496,0.076822781379215,0.990246488047263,-0.0251040331788388,0.113489826369496,0.076822781379215,0.994734632188258,-0.0211672639087062,0.0630163415679573,0.0779993535825912,0.994737880969045,-0.0211632410193478,0.0629650374774073,0.078000445192575,0.990246488047263,-0.0251040331788388,0.113489826369496,0.076822781379215,0.971792875373825,-0.0333890835827153,0.221555083787285,0.0736010959034535,0.990246488047263,-0.0251040331788388,0.113489826369496,0.076822781379215,0.990246488047263,-0.0251040331788388,0.113489826369496,0.076822781379215,0.990231195236723,-0.0251438623295861,0.113552810159688,0.0769137534647756,0.990231195236723,-0.0251438623295861,0.113552810159688,0.0769137534647756,0.990243544918298,-0.0251118116311984,0.113501943842304,0.0768402720470189,0.990246488047263,-0.0251040331788388,0.113489826369496,0.076822781379215,0.990231195236723,-0.0251438623295861,0.113552810159688,0.0769137534647756,0.990231195236723,-0.0251438623295861,0.113552810159688,0.0769137534647756,0.990243544918298,-0.0251118116311984,0.113501943842304,0.0768402720470189,0.994522003784071,-0.038607403323947,0.0438169838546566,0.0866921237701484,0.963839510877439,-0.0717011702020367,0.0900066608181181,0.240356278202943,0.981605641129488,-0.0401827356246937,0.0137867894713034,0.186133386302825,0.981701004186924,-0.0372437571931281,-0.00168779132157382,0.186743653945669,0.990081147092212,0.0158916598059098,-0.0203343656991499,0.138106085647218,0.976683755883028,0.0188799180775846,0.031031218162029,0.211587932517397,0.985085219619504,-0.0122788528234801,-0.0289959288700489,0.169161390303746,0.98500822107459,-0.0118482237957917,-0.0315033048951275,0.169192097300796
1315,2085,0.990520350671461,-0.0240473865994946,0.112364557077881,0.0752686150803337,0.990520350671461,-0.0240473865994946,0.112364557077881,0.0752686150803337,0.994950951878862,-0.0201909694808508,0.0618786080723438,0.0763934942897649,0.994954141980106,-0.020187029415901,0.0618272928264955,0.0763945355489418,0.990520350671461,-0.0240473865994946,0.112364557077881,0.0752686150803337,0.972188661783319,-0.0321681454321827,0.22046669744336,0.0721723744782651,0.990520350671461,-0.0240473865994946,0.112364557077881,0.0752686150803337,0.990520350671461,-0.0240473865994946,0.112364557077881,0.0752686150803337,0.99050602002214,-0.0241022135217899,0.112423984207583,0.0753508817343484,0.99050602002214,-0.0241022135217899,0.112423984207583,0.0753508817343484,0.990517606996497,-0.0240580314506379,0.112375933721169,0.075284333516007,0.990520350671461,-0.0240473865994946,0.112364557077881,0.0752686150803337,0.99050602002214,-0.0241022135217899,0.112423984207583,0.0753508817343484,0.99050602002214,-0.0241022135217899,0.112423984207583,0.0753508817343484,0.990517606996497,-0.0240580314506379,0.112375933721169,0.075284333516007,0.994485139313625,-0.0392823728480378,0.0447622629662906,0.0863281106124992,0.963640429968512,-0.0736277233989079,0.0907413031398697,0.240295850945608,0.981606163942618,-0.0411496103426351,0.01588544709036,0.185751718832554,0.981730700035512,-0.0376067703391009,-0.00280020127577169,0.186501266229645,0.990457021253465,0.0159919421826987,-0.0189730454077669,0.135569798933588,0.977176727508752,0.0158846910613774,0.0330412553579654,0.209240520094796,0.985785316579122,-0.00761344076332245,-0.0229114442709003,0.166266084509636,0.985358363097754,-0.00524170034075145,-0.0369664839400797,0.166357746786736
1316,2086,0.990727679282885,-0.0229420339038673,0.111558700891556,0.0740741846967676,0.990727679282885,-0.0229420339038673,0.111558700891556,0.0740741846967676,0.995117056917492,-0.019147749193828,0.061063256330888,0.0751444306582151,0.995120204966285,-0.0191438735514358,0.0610119325191619,0.0751454181143713,0.990727679282885,-0.0229420339038673,0.111558700891556,0.0740741846967676,0.972483237760357,-0.0309383030206326,0.219688485171608,0.0711065620343197,0.990727679282885,-0.0229420339038673,0.111558700891556,0.0740741846967676,0.990727679282885,-0.0229420339038673,0.111558700891556,0.0740741846967676,0.990716685110118,-0.0230000449774133,0.111601975083316,0.0741380262278387,0.990716685110118,-0.0230000449774133,0.111601975083316,0.0741380262278387,0.990725595340231,-0.022953194274302,0.111566875114146,0.0740862874465641,0.990727679282885,-0.0229420339038673,0.111558700891556,0.0740741846967676,0.990716685110118,-0.0230000449774133,0.111601975083316,0.0741380262278387,0.990716685110118,-0.0230000449774133,0.111601975083316,0.0741380262278387,0.990725595340231,-0.022953194274302,0.111566875114146,0.0740862874465641,0.994422478163288,-0.0398774947130731,0.0455823326873285,0.0863479663094356,0.963414916679552,-0.0755574908959985,0.0915951129486115,0.240277129941166,0.981592214626427,-0.0423319372775529,0.0182599398073569,0.185341052844071,0.981754344471388,-0.03814034060033,-0.00388694334104659,0.186248793826726,0.99087751856839,0.0168335894731635,-0.0182464784156163,0.132459199328049,0.977667841413678,0.0132432115885507,0.0347720782755084,0.206835953800934,0.985367377189451,-0.0107655550972522,-0.025200459470644,0.168226548548971,0.985208940441591,-0.00981311867197144,-0.0307778306692758,0.168284792881535
1317,2087,0.990837019069152,-0.0221183359020107,0.111291911064649,0.0732590703644348,0.990837019069152,-0.0221183359020107,0.111291911064649,0.0732590703644348,0.995212696472707,-0.0183665418208012,0.0607912543528067,0.0742885072893523,0.995215830492715,-0.0183627103241846,0.0607399256087777,0.0742894544554304,0.990837019069152,-0.0221183359020107,0.111291911064649,0.0732590703644348,0.97262121580065,-0.030030069209483,0.219435317122678,0.070386839089485,0.990837019069152,-0.0221183359020107,0.111291911064649,0.0732590703644348,0.990837019069152,-0.0221183359020107,0.111291911064649,0.0732590703644348,0.990831041447284,-0.0221624222402795,0.111307418659118,0.0733030210590115,0.990831041447284,-0.0221624222402795,0.111307418659118,0.0733030210590115,0.99083591203797,-0.022126684648645,0.111294661515246,0.0732673430700965,0.990837019069152,-0.0221183359020107,0.111291911064649,0.0732590703644348,0.990831041447284,-0.0221624222402795,0.111307418659118,0.0733030210590115,0.990831041447284,-0.0221624222402795,0.111307418659118,0.0733030210590115,0.99083591203797,-0.022126684648645,0.111294661515246,0.0732673430700965,0.994338448464751,-0.0404598997351578,0.0461954574858629,0.0867180841912747,0.96323272122851,-0.0775599850932059,0.092529394617067,0.240011425975639,0.981573423004073,-0.0435907812828808,0.020897652447977,0.18486954092381,0.981783546581796,-0.0387153839451949,-0.00491571836435258,0.185951666892794,0.991306221546532,0.0174554025538278,-0.0184296769380862,0.129103179870908,0.978177657351468,0.0107998542778896,0.0363103956917046,0.204287515454766,0.985444086045946,-0.0104506521744672,-0.0241804871201792,0.167946542652212,0.985211983572668,-0.00906953977701853,-0.0322814204319815,0.168026785864444
1318,2088,0.990867874440881,-0.0216308730786564,0.111468388863797,0.0727169788630894,0.990867874440881,-0.0216308730786564,0.111468388863797,0.0727169788630894,0.995252481016545,-0.0179072594014961,0.0609659359420724,0.0737223422433625,0.995255624045802,-0.0179034571057759,0.0609146051459005,0.0737232657224406,0.990867874440881,-0.0216308730786564,0.111468388863797,0.0727169788630894,0.972632503230395,-0.029486020906111,0.219614116064192,0.0699015611860302,0.990867874440881,-0.0216308730786564,0.111468388863797,0.0727169788630894,0.990867874440881,-0.0216308730786564,0.111468388863797,0.0727169788630894,0.990866048164198,-0.0216574508752244,0.111460342082108,0.0727462821042631,0.990866048164198,-0.0216574508752244,0.111460342082108,0.0727462821042631,0.990867557661273,-0.0216358312569305,0.111466651910132,0.0727224827144376,0.990867874440881,-0.0216308730786564,0.111468388863797,0.0727169788630894,0.990866048164198,-0.0216574508752244,0.111460342082108,0.0727462821042631,0.990866048164198,-0.0216574508752244,0.111460342082108,0.0727462821042631,0.990867557661273,-0.0216358312569305,0.111466651910132,0.0727224827144376,0.994246793774802,-0.0409841113692891,0.0466358033091389,0.0872852652714492,0.96309761591648,-0.0796916224571824,0.0934953601261797,0.239480364875725,0.981548188470144,-0.0447852919433254,0.0238379726512329,0.184361553466038,0.981819054145835,-0.0391553772292672,-0.00603656734563102,0.185638792295396,0.991681751307305,0.0175255769800413,-0.0191264609181448,0.126072743954988,0.978657268088368,0.00849063544825891,0.037624214692983,0.201847167917297,0.985573985456721,-0.0101472814245459,-0.022620343310892,0.167419449106561,0.985351352072346,-0.0087522635031127,-0.030829753643935,0.167498170566204
1319,2089,0.990857022080777,-0.0214189429896753,0.111863082712406,0.0723204079115734,0.990857022080778,-0.0214189429896753,0.111863082712406,0.0723204079115734,0.995261702016967,-0.0177157579247476,0.0613606712723904,0.0733155129590121,0.995264865404913,-0.0177119766117348,0.0613093400001151,0.0733164265618333,0.990857022080777,-0.0214189429896753,0.111863082712406,0.0723204079115734,0.972578370092533,-0.0292318201751895,0.220005230639777,0.0695306638004896,0.990857022080777,-0.0214189429896753,0.111863082712406,0.0723204079115734,0.990857022080777,-0.0214189429896753,0.111863082712406,0.0723204079115734,0.990857482810742,-0.0214308685884996,0.111842946743675,0.0723417023105909,0.990857482810742,-0.0214308685884996,0.111842946743675,0.0723417023105909,0.990857129231592,-0.0214211119112819,0.111859118606789,0.0723244287908605,0.990857022080777,-0.0214189429896753,0.111863082712406,0.0723204079115734,0.990857482810742,-0.0214308685884996,0.111842946743675,0.0723417023105909,0.990857482810742,-0.0214308685884996,0.111842946743675,0.0723417023105909,0.990857129231592,-0.0214211119112819,0.111859118606789,0.0723244287908605,0.994171416325081,-0.0414850863196183,0.0468932776044612,0.0877678932796423,0.962986611235147,-0.081984732346256,0.0945122227126685,0.238752445017578,0.981509116029536,-0.0459445407206802,0.0270617883485723,0.183838554009391,0.981851088110615,-0.0393880531873718,-0.00780551175159444,0.185353974946335,0.991973116546885,0.0169798179777533,-0.0197534107177388,0.12373691686283,0.979007697032968,0.00633950471226166,0.0386835414315714,0.20001830779336,0.985536214445968,-0.0104836570081071,-0.022807334123148,0.167595609911014,0.985071550937544,-0.00791665665041825,-0.0378925323486587,0.167736466140156
1320,2090,0.990835018972158,-0.0214253448146747,0.112315945631757,0.071916953042095,0.990835018972158,-0.0214253448146747,0.112315945631757,0.071916953042095,0.995262742977742,-0.0177426560698609,0.0618140672107404,0.0729129048308544,0.995265929749841,-0.0177388955215564,0.0617627358841739,0.0729138198214982,0.990835018972158,-0.0214253448146747,0.112315945631757,0.071916953042095,0.972506765359265,-0.0291938746941326,0.220452937823867,0.0691289462933573,0.990835018972158,-0.0214253448146747,0.112315945631757,0.071916953042095,0.990835018972158,-0.0214253448146747,0.112315945631757,0.071916953042095,0.990836151687111,-0.0214256212093042,0.112292296765234,0.0719381911981447,0.990836151687111,-0.0214256212093042,0.112292296765234,0.0719381911981447,0.990835241915153,-0.0214253025254338,0.112311377569838,0.0719210279334166,0.990835018972158,-0.0214253448146747,0.112315945631757,0.071916953042095,0.990836151687111,-0.0214256212093042,0.112292296765234,0.0719381911981447,0.990836151687111,-0.0214256212093042,0.112292296765234,0.0719381911981447,0.990835241915153,-0.0214253025254338,0.112311377569838,0.0719210279334166,0.994120036290113,-0.042070131315168,0.0469999496909255,0.0880139888126806,0.962882248417331,-0.0844729820144126,0.0955687900826939,0.237883789600107,0.981448070864454,-0.0470927114424811,0.0305645945653129,0.183324210851969,0.981880333586989,-0.0396221644874118,-0.00924774348695775,0.185082613545504,0.992182061180147,0.0159086234761241,-0.0199023919054954,0.122170241744258,0.979187913830234,0.00444230251010149,0.0396107160008512,0.199003232474006,0.985591887623911,-0.0104871808759019,-0.0221868275084062,0.167351112253029,0.985198526989227,-0.0082080337475749,-0.0356017792140712,0.167478368504856
1321,2091,0.990813348860573,-0.0215700777110811,0.112771805293712,0.071457395684638,0.990813348860573,-0.0215700777110811,0.112771805293712,0.071457395684638,0.99526426880723,-0.0179105577910551,0.0622704390952577,0.0724612970495718,0.995267479116967,-0.0179068205344565,0.0622191076893887,0.0724622207004434,0.990813348860573,-0.0215700777110811,0.112771805293712,0.071457395684638,0.972435162497835,-0.0292872622058053,0.220903660194477,0.0686562737335884,0.990813348860573,-0.0215700777110811,0.112771805293712,0.071457395684638,0.990813348860573,-0.0215700777110811,0.112771805293712,0.071457395684638,0.990814500355633,-0.0215628551325825,0.112747831157607,0.0714814362810656,0.990814500355633,-0.0215628551325825,0.112747831157607,0.0714814362810656,0.990813569990265,-0.0215686300069916,0.112767201266428,0.0714620321660734,0.990813348860573,-0.0215700777110811,0.112771805293712,0.071457395684638,0.990814500355633,-0.0215628551325825,0.112747831157607,0.0714814362810656,0.990814500355633,-0.0215628551325825,0.112747831157607,0.0714814362810656,0.990813569990265,-0.0215686300069916,0.112767201266428,0.0714620321660734,0.994099217217914,-0.0427823243878845,0.0469453050844471,0.0879349610634384,0.9627548944814,-0.0871361249923716,0.0967273927586352,0.236968606282645,0.981362896779608,-0.0482110342999282,0.0343418052255299,0.182820134038681,0.981902461050435,-0.0397277640305906,-0.0109568127167214,0.184849154727091,0.992319556377972,0.0145600996965726,-0.0192953983320379,0.121316071193635,0.979227117244102,0.00287130404747813,0.04052264817648,0.198655288003207,0.985612159224333,-0.010758862557829,-0.0219989155230264,0.167239248328327,0.985240143925229,-0.00857067606689388,-0.0348875263272029,0.167365656025118
1322,2092,0.990805321500179,-0.0217406063109828,0.113115033744536,0.0709728826040719,0.990805321500179,-0.0217406063109828,0.113115033744536,0.0709728826040719,0.995273695555407,-0.0181054901927131,0.0626136319628835,0.071986076798101,0.995276923565499,-0.0181017774456111,0.0625623000703681,0.0719870105033546,0.990805321500178,-0.0217406063109828,0.113115033744536,0.0709728826040719,0.972389489350815,-0.029403548677382,0.221243930927294,0.0681559634447152,0.990805321500178,-0.0217406063109828,0.113115033744536,0.0709728826040719,0.990805321500178,-0.0217406063109828,0.113115033744536,0.0709728826040719,0.990805790447322,-0.0217317189709534,0.113096674756035,0.0709983110063447,0.990805790447322,-0.0217317189709534,0.113096674756035,0.0709983110063447,0.990805405897337,-0.0217388865897905,0.113111555637841,0.0709777742369873,0.990805321500178,-0.0217406063109828,0.113115033744536,0.0709728826040719,0.990805790447322,-0.0217317189709534,0.113096674756035,0.0709983110063447,0.990805790447322,-0.0217317189709534,0.113096674756035,0.0709983110063447,0.990805405897337,-0.0217388865897905,0.113111555637841,0.0709777742369873,0.994115171073329,-0.0436326369888434,0.04675627047135,0.0874360955375763,0.962600125056287,-0.0899449107021626,0.0979665506732541,0.236037003941301,0.981251073661358,-0.0493404688811781,0.0383704903075618,0.182317179779024,0.981917632552218,-0.03977646664577,-0.0127955840451199,0.18463983484928,0.992394668553653,0.0130710540814589,-0.0179692307011102,0.121074671667925,0.979205205507751,0.00145923947756759,0.0413792227497653,0.198602104851122,0.985635799513644,-0.0110720491021675,-0.0217972727209834,0.167105832775844,0.9852897551093,-0.0089991856673462,-0.0340168907695408,0.167230273205403
1323,2093,0.990813754609752,-0.0218609641773596,0.113320731677331,0.0704883940338943,0.990813754609752,-0.0218609641773596,0.113320731677331,0.0704883940338943,0.995292571854189,-0.0182503154507697,0.0628186354805055,0.0715083312222342,0.99529581043743,-0.018246627343476,0.0627673026141615,0.0715092723975686,0.990813754609752,-0.0218609641773596,0.113320731677331,0.0704883940338943,0.972375281107099,-0.0294699705813984,0.221449310777093,0.0676611874132642,0.990813754609752,-0.0218609641773596,0.113320731677331,0.0704883940338943,0.990813754609752,-0.0218609641773596,0.113320731677331,0.0704883940338943,0.990813364096153,-0.0218545020864577,0.113309529710693,0.0705138904313075,0.990813364096153,-0.0218545020864577,0.113309529710693,0.0705138904313075,0.990813672585253,-0.0218597434336942,0.113318640084115,0.0704932879402227,0.990813754609752,-0.0218609641773596,0.113320731677331,0.0704883940338943,0.990813364096153,-0.0218545020864577,0.113309529710693,0.0705138904313075,0.990813364096153,-0.0218545020864577,0.113309529710693,0.0705138904313075,0.990813672585253,-0.0218597434336942,0.113318640084115,0.0704932879402227,0.994157739871743,-0.0446522121161682,0.0464690374862307,0.0865863543599339,0.96242684241744,-0.0928236388935885,0.0992713054524991,0.235082013286227,0.981104437773088,-0.0505163860152838,0.0425451103058603,0.181857335609458,0.981917803447312,-0.0398500408863552,-0.01460929506139,0.184488400752925,0.992397229477937,0.0114283715720167,-0.0161433640329787,0.121476429999514,0.979173570258595,6.79075399552432e-05,0.0421593329770277,0.19859935885731,0.985649180776459,-0.0114211848234827,-0.0216862281126458,0.167017832826833,0.985326306639817,-0.00945784634063736,-0.0332666424304233,0.167140507021909
1324,2094,0.990833192280113,-0.0219223887297983,0.113431629900574,0.0700161359007979,0.990833192280113,-0.0219223887297983,0.113431629900574,0.0700161359007979,0.995317620532436,-0.0183356619727343,0.0629284025186614,0.0710398051385349,0.995320864776941,-0.0183319980298275,0.0628770683602715,0.071040750716288,0.990833192280113,-0.0219223887297983,0.113431629900574,0.0700161359007978,0.972382422038194,-0.0294791588310155,0.221561672897269,0.0671850400663358,0.990833192280113,-0.0219223887297983,0.113431629900574,0.0700161359007978,0.990833192280113,-0.0219223887297983,0.113431629900574,0.0700161359007978,0.990832207169754,-0.0219189945368443,0.113425525611911,0.0700410240735344,0.990832207169754,-0.0219189945368443,0.113425525611911,0.0700410240735344,0.990832998283545,-0.0219217623033705,0.113430500139785,0.0700209075062108,0.990833192280113,-0.0219223887297983,0.113431629900574,0.0700161359007978,0.990832207169754,-0.0219189945368443,0.113425525611911,0.0700410240735344,0.990832207169754,-0.0219189945368443,0.113425525611911,0.0700410240735344,0.990832998283545,-0.0219217623033705,0.113430500139785,0.0700209075062108,0.994214333843331,-0.045791116829873,0.04611387240947,0.0855251002416116,0.962231498655954,-0.0957430001724572,0.100644610609968,0.234124930896863,0.980922600908345,-0.0517753637174614,0.0467943741568729,0.181439932998225,0.981900817364775,-0.0399931528629678,-0.0164209404088676,0.184395458996568,0.992330705372902,0.00951028961872604,-0.0141546725656925,0.122429452379909,0.979155408348036,-0.0013439193486227,0.0428418564577226,0.198538297360561,0.985668255401917,-0.0117327676321652,-0.0215319895937249,0.166903582588179,0.985364353760202,-0.0098579941457516,-0.0325979542557502,0.167024799561328
1325,2095,0.990843147430959,-0.0219362689749383,0.113608518287221,0.0695827698870422,0.990843147430958,-0.0219362689749383,0.113608518287221,0.0695827698870422,0.995336552731821,-0.0183715490333605,0.0631045563667193,0.0706077045924079,0.995339806061537,-0.0183679073762384,0.0630532212316562,0.0706086520216314,0.990843147430958,-0.0219362689749383,0.113608518287221,0.0695827698870422,0.972372890576998,-0.0294453616059057,0.221738584619907,0.0667527710405446,0.990843147430958,-0.0219362689749383,0.113608518287221,0.0695827698870422,0.990843147430958,-0.0219362689749383,0.113608518287221,0.0695827698870422,0.99084260615749,-0.0219354053800679,0.11359936931118,0.069605683000365,0.99084260615749,-0.0219354053800679,0.11359936931118,0.069605683000365,0.990843047037973,-0.0219361239325367,0.113606738231632,0.06958715134054,0.990843147430958,-0.0219362689749383,0.113608518287221,0.0695827698870422,0.99084260615749,-0.0219354053800679,0.11359936931118,0.069605683000365,0.99084260615749,-0.0219354053800679,0.11359936931118,0.069605683000365,0.990843047037973,-0.0219361239325367,0.113606738231632,0.06958715134054,0.994266503391801,-0.0470529794616238,0.0458017092591069,0.084393961785014,0.962008129089527,-0.098671543988634,0.10204855560742,0.233217448470322,0.980713279054219,-0.0530390164204083,0.0511027183749469,0.181043749404862,0.981875367677817,-0.0401391794241378,-0.0181875200656309,0.184333455283005,0.992216311809373,0.0071708686264428,-0.0122554266484407,0.123714080606097,0.979167485190767,-0.00278736903510162,0.0434641926487158,0.198328340073846,0.985681531479343,-0.0121009106403164,-0.0213291460770607,0.166824920170336,0.985387618969957,-0.0102668879707061,-0.0321598251325318,0.166947827298114
1326,2096,0.990830071014917,-0.022030687862738,0.113925067584368,0.069220648225559,0.990830071014917,-0.022030687862738,0.113925067584368,0.069220648225559,0.995339581047419,-0.0184842498390948,0.0634213611638501,0.0702508495063078,0.995342850716519,-0.0184806265868276,0.0633700258721786,0.0702518027486143,0.990830071014917,-0.022030687862738,0.113925067584368,0.069220648225559,0.972325128897146,-0.0294994401201694,0.222051783074754,0.066382470435112,0.990830071014917,-0.022030687862738,0.113925067584368,0.069220648225559,0.990830071014917,-0.022030687862738,0.113925067584368,0.069220648225559,0.990830703974389,-0.0220259238763016,0.113908783383134,0.0692399003984446,0.990830703974389,-0.0220259238763016,0.113908783383134,0.0692399003984446,0.990830201975648,-0.0220297422500899,0.113921884428743,0.0692243133407265,0.990830071014917,-0.022030687862738,0.113925067584368,0.069220648225559,0.990830703974389,-0.0220259238763016,0.113908783383134,0.0692399003984446,0.990830703974389,-0.0220259238763016,0.113908783383134,0.0692399003984446,0.990830201975648,-0.0220297422500899,0.113921884428743,0.0692243133407265,0.994312981744816,-0.048276334350297,0.0455563214306878,0.0832809189018483,0.961758296680686,-0.101560111767691,0.103450089846942,0.232388901142586,0.980475295625776,-0.0543200905039169,0.0553929818308352,0.18069073025223,0.981837201778433,-0.0403152680727961,-0.0198971599093407,0.184321706241171,0.992084371450081,0.00446964073202587,-0.0105510061384809,0.125049184346365,0.979199629088934,-0.00422999400406251,0.0440579609954632,0.19801285214789,0.985703728628629,-0.012464243111686,-0.0210756885333224,0.166699182253905,0.985412613889698,-0.0106316523551307,-0.0319062010682198,0.166826085156571
1327,2097,0.990782871255298,-0.0222363681884103,0.114415426129226,0.0690214185638411,0.990782871255298,-0.0222363681884103,0.114415426129226,0.0690214185638411,0.995317363540987,-0.0186997897177027,0.0639134848294383,0.0700623305014128,0.995320658591676,-0.0186961761881242,0.0638621506829928,0.0700632948605624,0.990782871255298,-0.0222363681884103,0.114415426129226,0.0690214185638411,0.972224362044886,-0.0296819963422375,0.222533991910539,0.0661618574702592,0.990782871255298,-0.0222363681884103,0.114415426129226,0.0690214185638411,0.990782871255298,-0.0222363681884103,0.114415426129226,0.0690214185638411,0.990785271150711,-0.0222258461575567,0.114390094944228,0.0690323432315819,0.990785271150711,-0.0222258461575567,0.114390094944228,0.0690323432315819,0.990783346179422,-0.022234301965202,0.114410490898669,0.06902344762436,0.990782871255298,-0.0222363681884103,0.114415426129226,0.0690214185638411,0.990785271150711,-0.0222258461575567,0.114390094944228,0.0690323432315819,0.990785271150711,-0.0222258461575567,0.114390094944228,0.0690323432315819,0.990783346179422,-0.022234301965202,0.114410490898669,0.06902344762436,0.994346186386027,-0.0493787089386715,0.0453939053080427,0.0823213100235777,0.961489404576522,-0.104428812669114,0.104802930339938,0.231622740169798,0.980209397494076,-0.0556089957760959,0.0596551778470141,0.180384135691361,0.981785419369709,-0.0405029381060569,-0.0216007752800518,0.184364608385454,0.991951233102348,0.00180490801378348,-0.00904911665748742,0.126283834838476,0.979254346008266,-0.0056711957793309,0.0446471918315565,0.197573762488626,0.985726636510409,-0.0128907118886388,-0.0207893777706764,0.166567191825974,0.985432678469007,-0.0110280691803695,-0.0318062314588317,0.166700874430638
1328,2098,0.990705920020035,-0.0225253094113503,0.115052876920683,0.0689726466467177,0.990705920020035,-0.0225253094113503,0.115052876920683,0.0689726466467177,0.995272908605372,-0.0189908362538405,0.0645540226993852,0.0700283063332954,0.995276236692226,-0.0189872244786908,0.0645026908448764,0.0700292857033816,0.990705920020035,-0.0225253094113503,0.115052876920683,0.0689726466467177,0.97207786958193,-0.02996383353605,0.223159135863908,0.0660816482039751,0.990705920020035,-0.0225253094113503,0.115052876920683,0.0689726466467177,0.990705920020035,-0.0225253094113503,0.115052876920683,0.0689726466467177,0.990709900254928,-0.0225103365355743,0.115019739291216,0.0689756323588671,0.990709900254928,-0.0225103365355743,0.115019739291216,0.0689756323588671,0.990706696762727,-0.0225223993930537,0.115046453348049,0.0689731548292657,0.990705920020035,-0.0225253094113503,0.115052876920683,0.0689726466467177,0.990709900254928,-0.0225103365355743,0.115019739291216,0.0689756323588671,0.990709900254928,-0.0225103365355743,0.115019739291216,0.0689756323588671,0.990706696762727,-0.0225223993930537,0.115046453348049,0.0689731548292657,0.994353900582757,-0.050321343779398,0.0453571762679812,0.0816750226023081,0.961199714761253,-0.107256784781864,0.106136085468328,0.230924710290179,0.979915190980766,-0.0569260066671622,0.0638378753803778,0.180139873201305,0.981717071880617,-0.040738331073046,-0.02325180909294,0.184475831841016,0.991816157181674,-0.000374980263807368,-0.00773211966196697,0.127439334856676,0.979333748140218,-0.00708082420604037,0.0452444345966074,0.196998002071665,0.985757780254704,-0.0133448092051286,-0.0204406250410628,0.166390190764154,0.985452225272444,-0.0114027214746363,-0.0319395082982614,0.166534553346218
1329,2099,0.990609874701109,-0.0228361414729945,0.115741381216565,0.069097897662375,0.990609874701109,-0.0228361414729945,0.115741381216565,0.069097897662375,0.995211978929116,-0.0192949010551794,0.0652465185068004,0.0701691927558349,0.995215342731918,-0.0192912820133275,0.0651951897938534,0.0701701878080495,0.990609874701109,-0.0228361414729945,0.115741381216565,0.069097897662375,0.971906791688398,-0.0302865408572342,0.22383292754023,0.0661720051202754,0.990609874701109,-0.0228361414729945,0.115741381216565,0.069097897662375,0.990609874701109,-0.0228361414729945,0.115741381216565,0.069097897662375,0.990614891315875,-0.0228198515779052,0.115705300908285,0.0690917854663046,0.990614891315875,-0.0228198515779052,0.115705300908285,0.0690917854663046,0.990610845894798,-0.0228330041204129,0.115734432284536,0.0690966504412914,0.990609874701109,-0.0228361414729945,0.115741381216565,0.069097897662375,0.990614891315875,-0.0228198515779052,0.115705300908285,0.0690917854663046,0.990614891315875,-0.0228198515779052,0.115705300908285,0.0690917854663046,0.990610845894798,-0.0228330041204129,0.115734432284536,0.0690966504412914,0.994327692683617,-0.0510987216404031,0.0454410874405435,0.0814645185428085,0.960875535700216,-0.110055712948482,0.107450644551986,0.23034822318739,0.979600746930216,-0.0582325819815109,0.0680064174776476,0.179906837533731,0.981640385097411,-0.0409476897071079,-0.0249930100265167,0.184609833170587,0.991682149823014,-0.00200988647503441,-0.00663337849773242,0.128524209269959,0.979414048631402,-0.00849289435714461,0.045835473682171,0.196405451658591,0.985783635192719,-0.013899345723158,-0.0201019860362705,0.166232797402012,0.985462452447192,-0.0118569576031192,-0.0322059012160261,0.166390947169694
1330,2100,0.990500227374103,-0.0231498059913846,0.116441883858859,0.0693878500734194,0.990500227374103,-0.0231498059913846,0.116441883858859,0.0693878500734194,0.995138074608846,-0.0195934241129152,0.0659516884435003,0.0704747116828548,0.995141474781288,-0.0195897893133532,0.065900363541273,0.0704757221311603,0.990500227374103,-0.0231498059913846,0.116441883858859,0.0693878500734194,0.97172087636984,-0.030630151486476,0.224517151175093,0.0664257561128634,0.990500227374103,-0.0231498059913846,0.116441883858859,0.0693878500734194,0.990500227374103,-0.0231498059913846,0.116441883858859,0.0693878500734194,0.990505978267572,-0.0231333086822276,0.116405056787003,0.0693730480808527,0.990505978267572,-0.0231333086822276,0.116405056787003,0.0693730480808527,0.990501336981152,-0.0231466380522782,0.116434809744545,0.0693849383164619,0.990500227374103,-0.0231498059913846,0.116441883858859,0.0693878500734194,0.990505978267572,-0.0231333086822276,0.116405056787003,0.0693730480808527,0.990505978267572,-0.0231333086822276,0.116405056787003,0.0693730480808527,0.990501336981152,-0.0231466380522782,0.116434809744545,0.0693849383164619,0.994261397629108,-0.0517182480062067,0.0456326807603502,0.0817750234142744,0.960503335172895,-0.112792358770508,0.108769565413315,0.229957405978866,0.979265977032453,-0.0595304400355891,0.0722171411086695,0.179663456122656,0.981559313447709,-0.0411277265152869,-0.026804541169257,0.184746693795727,0.991557231092491,-0.00315465982870065,-0.0057029718272619,0.129505913771899,0.979458299568835,-0.00992497385140886,0.0464481232448817,0.195973228137936,0.985808153271993,-0.0145361018647136,-0.0197269036844198,0.166077800912918,0.985466717389726,-0.0123672762429597,-0.0325916354855809,0.166253374978742
1331,2101,0.990376867565595,-0.0235358984558648,0.117222359510457,0.0697039461267245,0.990376867565595,-0.0235358984558648,0.117222359510457,0.0697039461267245,0.995054539957572,-0.0199629528323752,0.0667374249433078,0.0708100214374664,0.995057980654934,-0.0199593007385296,0.0666861043483828,0.0708110509439806,0.990376867565595,-0.0235358984558648,0.117222359510457,0.0697039461267245,0.971512548646677,-0.0310486231281108,0.225279358131802,0.0666975383624511,0.990376867565595,-0.0235358984558648,0.117222359510457,0.0697039461267245,0.990376867565595,-0.0235358984558648,0.117222359510457,0.0697039461267245,0.990383345593531,-0.0235157694984915,0.11718149702995,0.0696874028048021,0.990383345593531,-0.0235157694984915,0.11718149702995,0.0696874028048021,0.990378116618221,-0.0235320059548251,0.117214484527484,0.0697007563548908,0.990376867565595,-0.0235358984558648,0.117222359510457,0.0697039461267245,0.990383345593531,-0.0235157694984915,0.11718149702995,0.0696874028048021,0.990383345593531,-0.0235157694984915,0.11718149702995,0.0696874028048021,0.990378116618221,-0.0235320059548251,0.117214484527484,0.0697007563548908,0.994134684919385,-0.0520910893788141,0.0457134852721717,0.0830242368940266,0.960081282624161,-0.115545770262623,0.110198337312688,0.229672445414511,0.978865442963847,-0.0610402688621322,0.0765379746645772,0.179550740969438,0.981426664064088,-0.0414220099043421,-0.0289364831760997,0.185063773064639,0.991427097986823,-0.00393655801979579,-0.00486754407796972,0.130510995333853,0.979446222635069,-0.0113084285206833,0.0471343611444002,0.195794709861622,0.985810414461265,-0.0151351617911673,-0.0193312530294513,0.166057388494387,0.985446780768612,-0.0128270600289994,-0.0330229144195162,0.166251604284088
1332,2102,0.990223730724522,-0.0241235652722065,0.118048079867665,0.0702827685007097,0.990223730724522,-0.0241235652722065,0.118048079867665,0.0702827685007097,0.994943566204529,-0.0205204429956081,0.0675698610228577,0.0714179625082567,0.994947049835405,-0.0205167595461131,0.0675185461503602,0.0714190207668358,0.990223730724522,-0.0241235652722065,0.118048079867665,0.0702827685007096,0.971269655102476,-0.0316963031985389,0.226083265916679,0.0672083202670105,0.990223730724522,-0.0241235652722065,0.118048079867665,0.0702827685007096,0.990223730724522,-0.0241235652722065,0.118048079867665,0.0702827685007096,0.990231746754188,-0.0240931763355256,0.118004754921329,0.0702530027128455,0.990231746754188,-0.0240931763355256,0.118004754921329,0.0702530027128455,0.990225281482329,-0.0241176498457049,0.118039744734704,0.0702769488675194,0.990223730724522,-0.0241235652722065,0.118048079867665,0.0702827685007096,0.990231746754188,-0.0240931763355256,0.118004754921329,0.0702530027128455,0.990231746754188,-0.0240931763355256,0.118004754921329,0.0702530027128455,0.990225281482329,-0.0241176498457049,0.118039744734704,0.0702769488675194,0.993998745839214,-0.0525278483394326,0.0459195974750886,0.0842538366285176,0.95958723312793,-0.11820699341235,0.111656530775452,0.229678618642411,0.978462507318384,-0.0625464594305893,0.0808931240332633,0.1793191698315,0.981313599708676,-0.0417447585248685,-0.0309223991701833,0.185269531742435,0.991357420752798,-0.00447332919938287,-0.00408402656038031,0.13104874807219,0.97935957786643,-0.0126602871875374,0.0478887510913832,0.195962246079505,0.985827638792992,-0.0158391859184119,-0.0189754346307725,0.165930466346149,0.985439944909432,-0.0133872088449561,-0.0335308142532818,0.166146267221837
1333,2103,0.990038704570852,-0.0249714522665223,0.118960262933757,0.0710510089027759,0.990038704570852,-0.0249714522665223,0.118960262933757,0.0710510089027759,0.994805138602178,-0.0213281903529364,0.0684902687708227,0.0722283018675537,0.994808669703794,-0.0213244651086519,0.0684389610365837,0.0722294017850863,0.990038704570852,-0.0249714522665223,0.118960262933757,0.0710510089027759,0.9709855695535,-0.032623431856272,0.226969611235655,0.0678787963087202,0.990038704570852,-0.0249714522665223,0.118960262933757,0.0710510089027759,0.990038704570852,-0.0249714522665223,0.118960262933757,0.0710510089027759,0.990048412138892,-0.0249275398514815,0.11891249417773,0.0710111125574187,0.990048412138892,-0.0249275398514815,0.11891249417773,0.0710111125574187,0.990040581172716,-0.024962914512383,0.118951059049926,0.0710432690769447,0.990038704570852,-0.0249714522665223,0.118960262933757,0.0710510089027759,0.990048412138892,-0.0249275398514815,0.11891249417773,0.0710111125574187,0.990048412138892,-0.0249275398514815,0.11891249417773,0.0710111125574187,0.990040581172716,-0.024962914512383,0.118951059049926,0.0710432690769447,0.99383775761586,-0.0529412041559083,0.0461414208435743,0.0857596042559581,0.959015136827662,-0.120837529756926,0.113234929166656,0.229926313314261,0.978033462620769,-0.0640621549009047,0.0853413510197803,0.179062670899323,0.981199021635329,-0.0420662690894196,-0.0328797831764062,0.185466516668221,0.991327093751335,-0.00490961046131742,-0.00328314941059037,0.131284842421344,0.979208515448232,-0.0139567251435746,0.0487304584433916,0.196421066886504,0.985842412771129,-0.0165320238420502,-0.0186119685596237,0.165816235621304,0.985428654395002,-0.0139264626700485,-0.0340886387132449,0.166055368613705
1334,2104,0.989837752866265,-0.0259834476117948,0.119801143588507,0.0720678114400135,0.989837752866265,-0.0259834476117948,0.119801143588507,0.0720678114400135,0.994647182261261,-0.022287201430021,0.0693402756281326,0.0732952225453058,0.994650757202676,-0.0222834211574177,0.0692889760394516,0.0732963719229634,0.989837752866265,-0.0259834476117948,0.119801143588507,0.0720678114400135,0.9706934854219,-0.0337409740154236,0.227783336449211,0.0687783081213746,0.989837752866265,-0.0259834476117948,0.119801143588507,0.0720678114400135,0.989837752866265,-0.0259834476117948,0.119801143588507,0.0720678114400135,0.989848357904088,-0.025930654088693,0.119756719817891,0.0720149817161212,0.989848357904088,-0.025930654088693,0.119756719817891,0.0720149817161212,0.98983979513873,-0.0259732426431445,0.119792644432112,0.0720575670299741,0.989837752866265,-0.0259834476117948,0.119801143588507,0.0720678114400135,0.989848357904088,-0.025930654088693,0.119756719817891,0.0720149817161212,0.989848357904088,-0.025930654088693,0.119756719817891,0.0720149817161212,0.98983979513873,-0.0259732426431445,0.119792644432112,0.0720575670299741,0.993649899190976,-0.0533535104597544,0.0463502174856957,0.0875496322003327,0.958406540827099,-0.123497308969079,0.114874303321299,0.230237294141667,0.977579605490699,-0.0656241108400943,0.0898676360503348,0.178760731134722,0.98108212113385,-0.0424170291039543,-0.034870455576781,0.185641370823876,0.99131017603829,-0.00542905996979479,-0.00253120778123407,0.131408725653772,0.979027786954655,-0.0152223508699964,0.0496685143433998,0.196992159964757,0.985857047602768,-0.0171915970581323,-0.0181693468258258,0.165711211203307,0.985408999964502,-0.0143877154920257,-0.0348331201743946,0.165978161728574
1335,2105,0.989645092718445,-0.0269987412713488,0.120379042448769,0.0733658269712896,0.989645092718445,-0.0269987412713488,0.120379042448769,0.0733658269712896,0.994484141364418,-0.0232352146059541,0.0699272191443298,0.0746431604343874,0.994487746577996,-0.0232313648114235,0.0698759279637955,0.0746443587045732,0.989645092718445,-0.0269987412713488,0.120379042448769,0.0733658269712896,0.970438524115352,-0.0348926781635568,0.228336581202835,0.0699569696884656,0.989645092718445,-0.0269987412713488,0.120379042448769,0.0733658269712896,0.989645092718445,-0.0269987412713488,0.120379042448769,0.0733658269712896,0.989655335760916,-0.0269453390585083,0.120347936003684,0.0732982905845978,0.989655335760916,-0.0269453390585083,0.120347936003684,0.0732982905845978,0.989647055150043,-0.026988486699997,0.120373180339538,0.0733527455071479,0.989645092718445,-0.0269987412713488,0.120379042448769,0.0733658269712896,0.989655335760916,-0.0269453390585083,0.120347936003684,0.0732982905845978,0.989655335760916,-0.0269453390585083,0.120347936003684,0.0732982905845978,0.989647055150043,-0.026988486699997,0.120373180339538,0.0733527455071479,0.993429033818053,-0.0538223239968064,0.0464757956650765,0.0896767117160923,0.957793374271466,-0.126196682763152,0.116602239007753,0.230456432584631,0.977095984862479,-0.0671809668144946,0.0944989045997763,0.17843797547869,0.980962695365261,-0.0427444006377457,-0.0368618624957829,0.185812565800012,0.99128525204647,-0.00621446607568191,-0.00194956477391812,0.131571762486308,0.978840735357791,-0.0164924709271546,0.0506728535016882,0.197562838420926,0.985857980076895,-0.0178761883970536,-0.0177951251999314,0.165673831748462,0.985372168720953,-0.0148642429364469,-0.0356975135316395,0.165971174966471
1336,2106,0.989478751928479,-0.027932973901358,0.120587892490512,0.0749006584469232,0.989478751928479,-0.027932973901358,0.120587892490512,0.0749006584469232,0.994328629821967,-0.0240902359243762,0.0701442531474433,0.0762234885049517,0.994332246229405,-0.0240863046223857,0.070092969987217,0.0762247308712484,0.989478751928479,-0.027932973901358,0.120587892490512,0.0749006584469232,0.970250252975706,-0.0359898194194407,0.228525899919075,0.0713799170979671,0.989478751928479,-0.027932973901358,0.120587892490512,0.0749006584469232,0.989478751928479,-0.027932973901358,0.120587892490512,0.0749006584469232,0.98948766647243,-0.0278835945387445,0.120575905060175,0.0748205464659521,0.98948766647243,-0.0278835945387445,0.120575905060175,0.0748205464659521,0.98948045143099,-0.0279235294889815,0.120585747374921,0.0748851805555335,0.989478751928479,-0.027932973901358,0.120587892490512,0.0749006584469232,0.98948766647243,-0.0278835945387445,0.120575905060175,0.0748205464659521,0.98948766647243,-0.0278835945387445,0.120575905060175,0.0748205464659521,0.98948045143099,-0.0279235294889815,0.120585747374921,0.0748851805555335,0.993195906988809,-0.0542792785099523,0.0464663532448232,0.0919593838672439,0.957211573984515,-0.128965263892253,0.118333810399034,0.230458396800234,0.97655870263658,-0.0687977180596034,0.0992032621226686,0.178209671675729,0.980818189510378,-0.0431162144165773,-0.0387797116622237,0.186098912257336,0.991222070707142,-0.00727759925456481,-0.00152802953873471,0.131998137175735,0.978669027249227,-0.0177526042953063,0.0517453028438557,0.198025765438195,0.985858311073921,-0.018560768829619,-0.0174208927171382,0.165636351215148,0.985437851972861,-0.0158311300806139,-0.033650214199903,0.165919493441202
1337,2107,0.989325649701395,-0.0288214329311201,0.120528559576698,0.0766612690546898,0.989325649701395,-0.0288214329311201,0.120528559576698,0.0766612690546898,0.994172710000582,-0.0248880681312758,0.0700927779505153,0.078026977603721,0.994176323753365,-0.0248840438122439,0.0700415028320113,0.0780282611162707,0.989325649701395,-0.0288214329311201,0.120528559576698,0.0766612690546898,0.97010459295021,-0.0370662596700746,0.228450111769789,0.0730323049297309,0.989325649701395,-0.0288214329311201,0.120528559576698,0.0766612690546898,0.989325649701395,-0.0288214329311201,0.120528559576698,0.0766612690546898,0.989333851493553,-0.0287745439188609,0.120530939150935,0.0765692406818011,0.989333851493553,-0.0287745439188609,0.120530939150935,0.0765692406818011,0.989327217249395,-0.0288124544596777,0.120529133834341,0.0766435096712179,0.989325649701395,-0.0288214329311201,0.120528559576698,0.0766612690546898,0.989333851493553,-0.0287745439188609,0.120530939150935,0.0765692406818011,0.989333851493553,-0.0287745439188609,0.120530939150935,0.0765692406818011,0.989327217249395,-0.0288124544596777,0.120529133834341,0.0766435096712179,0.99296408354289,-0.0547606052697907,0.0462925710469899,0.0942369501319635,0.956636374742878,-0.131844784100078,0.120088953970195,0.230309449564609,0.975954780818189,-0.0705375172887978,0.103935504685058,0.178140773880419,0.980630131540682,-0.0435805199565843,-0.040680074367225,0.186575493954313,0.991101944588919,-0.0084643482972523,-0.00115761718735416,0.132830531740312,0.978531487816082,-0.0189695695957746,0.0528129094739363,0.198310562942807,0.985853571730642,-0.0193270488995292,-0.0169928761546149,0.165621382818664,0.98538593005345,-0.0163329536804909,-0.0347935566846387,0.165943399657842
1338,2108,0.989161287913753,-0.0297683015771398,0.120400098617947,0.0785977796557033,0.989161287913753,-0.0297683015771398,0.120400098617947,0.0785977796557033,0.994002031907911,-0.0257352947907963,0.0699728362820159,0.0800091079041933,0.994005639474861,-0.0257311682411353,0.0699215699664915,0.0800104351103056,0.989161287913753,-0.0297683015771398,0.120400098617947,0.0785977796557033,0.969955333313456,-0.0382200740740291,0.228304377161696,0.0748531140525881,0.989161287913753,-0.0297683015771398,0.120400098617947,0.0785977796557033,0.989161287913753,-0.0297683015771398,0.120400098617947,0.0785977796557033,0.989170037073449,-0.0297186172923185,0.120406655374995,0.0784963622325979,0.989170037073449,-0.0297186172923185,0.120406655374995,0.0784963622325979,0.989162970598293,-0.0297587438022617,0.120401391818138,0.0785782387988361,0.989161287913753,-0.0297683015771398,0.120400098617947,0.0785977796557033,0.989170037073449,-0.0297186172923185,0.120406655374995,0.0784963622325979,0.989170037073449,-0.0297186172923185,0.120406655374995,0.0784963622325979,0.989162970598293,-0.0297587438022617,0.120401391818138,0.0785782387988361,0.992736007909177,-0.0552985385317861,0.0459716165389007,0.0964567297268507,0.95605854552459,-0.134782871294318,0.121839981842356,0.230088361200036,0.97531217793488,-0.0721926827926268,0.108760167681845,0.178116810124538,0.980432585005073,-0.0439277593444979,-0.0425977084188,0.187103536729559,0.990913228720927,-0.00961609977796074,-0.000807129809863393,0.134156074452103,0.978418002181694,-0.0201614062514494,0.053881426846371,0.198465419017385,0.985848412569562,-0.0200425250032604,-0.0164983045741753,0.165617060026276,0.985319338248242,-0.0167173858821354,-0.0362641461197413,0.165985669229368
1339,2109,0.988963269526145,-0.0308158246065516,0.120397990384825,0.0806620133227026,0.988963269526145,-0.0308158246065516,0.120397990384825,0.0806620133227026,0.993804162273605,-0.0266765545500404,0.0699807945668333,0.0821239117236407,0.99380777025127,-0.0266723189269129,0.0699295384565377,0.0821252874729498,0.988963269526145,-0.0308158246065516,0.120397990384825,0.0806620133227026,0.969758744237382,-0.039487960937374,0.228280534727957,0.0767898195105447,0.988963269526145,-0.0308158246065516,0.120397990384825,0.0806620133227026,0.988963269526145,-0.0308158246065516,0.120397990384825,0.0806620133227026,0.988973747355194,-0.030760968531652,0.120398440610592,0.0805537420344772,0.988973747355194,-0.030760968531652,0.120398440610592,0.0805537420344772,0.988965293460447,-0.0308052546276952,0.120398027676686,0.0806411777541636,0.988963269526145,-0.0308158246065516,0.120397990384825,0.0806620133227026,0.988973747355194,-0.030760968531652,0.120398440610592,0.0805537420344772,0.988973747355194,-0.030760968531652,0.120398440610592,0.0805537420344772,0.988965293460447,-0.0308052546276952,0.120398027676686,0.0806411777541636,0.992498317326839,-0.0558924596308654,0.0455773280699024,0.0987209715603261,0.95544990418712,-0.137715555740764,0.123633304858669,0.229923274649523,0.974617000004606,-0.0739224079144116,0.113573670309175,0.178208311598139,0.980201898885097,-0.0443253431452154,-0.0445141854640225,0.187771107121365,0.990659023644015,-0.010642832925911,-0.000469499122834263,0.135945608794735,0.978298199347135,-0.0213280573075706,0.0549717292692039,0.19863498208219,0.985836545681834,-0.0207175400959605,-0.0160514838485369,0.165648539374007,0.985238966384365,-0.0170425861100997,-0.0378883102486637,0.166066870034481
1340,2110,0.988736424525247,-0.0319314533303205,0.120550204626988,0.0827545362480879,0.988736424525247,-0.0319314533303205,0.120550204626988,0.0827545362480879,0.993585346335712,-0.0276843942593,0.0701443409372432,0.0842704295463015,0.993588962748667,-0.0276800479269495,0.070093096112287,0.0842718572726643,0.988736424525247,-0.0319314533303205,0.120550204626988,0.0827545362480879,0.969516554773974,-0.0408266483437167,0.22840691547714,0.0787471635453685,0.988736424525247,-0.0319314533303205,0.120550204626988,0.0827545362480879,0.988736424525247,-0.0319314533303205,0.120550204626988,0.0827545362480879,0.98874843845191,-0.0318729338015118,0.120542634435201,0.0826445087904599,0.98874843845191,-0.0318729338015118,0.120542634435201,0.0826445087904599,0.988738741653124,-0.0319201922507463,0.120548686323066,0.0827334050227272,0.988736424525247,-0.0319314533303205,0.120550204626988,0.0827545362480879,0.98874843845191,-0.0318729338015118,0.120542634435201,0.0826445087904599,0.98874843845191,-0.0318729338015118,0.120542634435201,0.0826445087904599,0.988738741653124,-0.0319201922507463,0.120548686323066,0.0827334050227272,0.992242707389214,-0.0565161827297435,0.045091259625041,0.101129170015423,0.954777854105577,-0.140747029561887,0.12558425256913,0.22982192777389,0.973879143319574,-0.0757125415443307,0.11833546412168,0.178392105181637,0.979945968118534,-0.0447805862266105,-0.0463655845427622,0.188549280654791,0.990352306295214,-0.0115372835556303,-0.000187445682142661,0.138091148767849,0.978181892838832,-0.0224690133744268,0.056046104960166,0.198781694526969,0.985825639088935,-0.0213332352479997,-0.0156624110409293,0.165672542290906,0.985157000190471,-0.0173139424243375,-0.0395371569594187,0.166140680126828
1341,2111,0.988488238320465,-0.03301686519088,0.120867151670984,0.0848057837769014,0.988488238320465,-0.03301686519088,0.120867151670984,0.0848057837769014,0.993353588909281,-0.0286641538742505,0.0704734918391645,0.0863741896154204,0.993357222298689,-0.0286596990379699,0.0704222589667922,0.0863756678706468,0.988488238320465,-0.03301686519088,0.120867151670984,0.0848057837769014,0.969235061762461,-0.0421307686798534,0.228694688834856,0.0806668003548671,0.988488238320465,-0.03301686519088,0.120867151670984,0.0848057837769014,0.988488238320465,-0.03301686519088,0.120867151670984,0.0848057837769014,0.988501392785044,-0.0329596733875573,0.120850943454537,0.0846977323094465,0.988501392785044,-0.0329596733875573,0.120850943454537,0.0846977323094465,0.98849077105857,-0.0330058993764302,0.120863970401806,0.0847850623464914,0.988488238320465,-0.03301686519088,0.120867151670984,0.0848057837769014,0.988501392785044,-0.0329596733875573,0.120850943454537,0.0846977323094465,0.988501392785044,-0.0329596733875573,0.120850943454537,0.0846977323094465,0.98849077105857,-0.0330058993764302,0.120863970401806,0.0847850623464914,0.991973308582528,-0.05708546067824,0.0445492578592607,0.103660835724851,0.954079000422786,-0.143683534052901,0.12756159693829,0.22981806278202,0.973088785858867,-0.0775911555658294,0.123041128966909,0.178714039728898,0.979745881450169,-0.0456796518590491,-0.0462483768706393,0.189400276727092,0.990016596757315,-0.0123921113423656,6.45628934873576e-05,0.14040501968653,0.978068521521548,-0.0235435102957742,0.0570965011781939,0.198916213227616,0.985811538276759,-0.0219914352883742,-0.0152639996382424,0.165707567990761,0.985083090045968,-0.0176824222739304,-0.0408495335350583,0.166222601525731
1342,2112,0.988226262454375,-0.0340641940983631,0.121339733279328,0.0867476455218665,0.988226262454375,-0.0340641940983631,0.121339733279328,0.0867476455218664,0.993115969382675,-0.029611439011889,0.0709587770043343,0.0883667697882158,0.993119627801259,-0.0296068814058881,0.0709075563866793,0.088368296897564,0.988226262454375,-0.0340641940983631,0.121339733279328,0.0867476455218664,0.968922770262229,-0.0433850233565088,0.229135640929579,0.0824818954165915,0.988226262454375,-0.0340641940983631,0.121339733279328,0.0867476455218664,0.988226262454375,-0.0340641940983631,0.121339733279328,0.0867476455218664,0.988240153627178,-0.0340089726513061,0.121315310296989,0.0866451615826237,0.988240153627178,-0.0340089726513061,0.121315310296989,0.0866451615826237,0.988228933312517,-0.0340536120301379,0.121334978810528,0.0867280219349837,0.988226262454375,-0.0340641940983631,0.121339733279328,0.0867476455218664,0.988240153627178,-0.0340089726513061,0.121315310296989,0.0866451615826237,0.988240153627178,-0.0340089726513061,0.121315310296989,0.0866451615826237,0.988228933312517,-0.0340536120301379,0.121334978810528,0.0867280219349837,0.991699794979548,-0.0574742956516102,0.0439563118088825,0.10628294608748,0.953355661466243,-0.146509533592332,0.129525726799889,0.229937003141685,0.972263850765903,-0.0795723798863253,0.127626779355128,0.179116291957266,0.979537252672237,-0.0467555842612414,-0.0457423320572087,0.19033739786412,0.989674060449656,-0.0132497102543096,0.000296128893418366,0.142722148102341,0.977955356081658,-0.0245682098270829,0.0580655183480328,0.199068129433279,0.985803753477667,-0.022515711068857,-0.0148036295474091,0.165725239286692,0.985018919908846,-0.017930311274777,-0.0420227942912329,0.16628384202669
1343,2113,0.987954268107708,-0.0350913747945403,0.121926436845397,0.0885940378410298,0.987954268107708,-0.0350913747945403,0.121926436845397,0.0885940378410298,0.992874144287851,-0.0305434539725465,0.0715585458119343,0.090262979927408,0.992877833640175,-0.0305387985671851,0.071507337665749,0.0902645551034381,0.987954268107708,-0.0350913747945403,0.121926436845397,0.0885940378410298,0.968587987677499,-0.0446087669660309,0.229688924419319,0.0842043112656298,0.987954268107708,-0.0350913747945403,0.121926436845397,0.0885940378410298,0.987954268107708,-0.0350913747945403,0.121926436845397,0.0885940378410298,0.98796868968653,-0.0350372591598092,0.121895896199658,0.0884966053548543,0.98796868968653,-0.0350372591598092,0.121895896199658,0.0884966053548543,0.987957039136807,-0.0350809980240494,0.1219205252683,0.0885753798522585,0.987954268107708,-0.0350913747945403,0.121926436845397,0.0885940378410298,0.98796868968653,-0.0350372591598092,0.121895896199658,0.0884966053548543,0.98796868968653,-0.0350372591598092,0.121895896199658,0.0884966053548543,0.987957039136807,-0.0350809980240494,0.1219205252683,0.0885753798522585,0.991421586806142,-0.0576359889272229,0.043397609992934,0.108986134173453,0.95261385673409,-0.14923267287989,0.131488294401904,0.230146209481286,0.971408125490177,-0.0817062927233002,0.132040704527869,0.17959840703319,0.979289238582701,-0.0479600630819171,-0.0453991312325426,0.191393151467401,0.989338415312306,-0.0140977172546404,0.000569201039611977,0.144949751175088,0.977826004066348,-0.025558148485034,0.0589882582516552,0.199307481560755,0.985787648704415,-0.0230634892946508,-0.0144195412714622,0.165779564340418,0.984947579494956,-0.0182180236285412,-0.0431680107913828,0.166381766147655
1344,2114,0.987678973521763,-0.0360528076200843,0.122592853827039,0.0903406470878331,0.987678973521763,-0.0360528076200843,0.122592853827039,0.0903406470878331,0.992633074455306,-0.0314148772556916,0.0722380927479943,0.0920561944713611,0.992636798855972,-0.031410129363107,0.0721868970342194,0.0920578145891596,0.987678973521763,-0.0360528076200843,0.122592853827039,0.0903406470878331,0.968241170457857,-0.0457562019364502,0.230321076710014,0.0858347682346146,0.987678973521763,-0.0360528076200843,0.122592853827039,0.0903406470878331,0.987678973521763,-0.0360528076200843,0.122592853827039,0.0903406470878331,0.987693576664538,-0.0360020344374199,0.122558020479016,0.0902484556557272,0.987693576664538,-0.0360020344374199,0.122558020479016,0.0902484556557272,0.987681776620268,-0.0360430903358161,0.122586133321638,0.0903229964545289,0.987678973521763,-0.0360528076200843,0.122592853827039,0.0903406470878331,0.987693576664538,-0.0360020344374199,0.122558020479016,0.0902484556557272,0.987693576664538,-0.0360020344374199,0.122558020479016,0.0902484556557272,0.987681776620268,-0.0360430903358161,0.122586133321638,0.0903229964545289,0.991126826405841,-0.0576488955365837,0.0429292174867863,0.111809217455766,0.951862552486377,-0.151855312233334,0.133394194208935,0.230442257999666,0.970527650971655,-0.0839196383930473,0.136315748098936,0.180143248032362,0.979007153825807,-0.0492031805459162,-0.0452868329454008,0.192543871737936,0.989014927885586,-0.0149422680126827,0.000938681000617013,0.147055499469027,0.977672914717854,-0.0265042493776898,0.0598868631623027,0.199666622680411,0.985773919040613,-0.0236212776507023,-0.0140695669922254,0.165812734933455,0.984881306210587,-0.0185346289782682,-0.044237821521446,0.166458088877055
1345,2115,0.987397778520138,-0.0369916040227579,0.123334801454576,0.0920096459914965,0.987397778520138,-0.0369916040227579,0.123334801454576,0.0920096459914965,0.992389950489948,-0.0322676377222187,0.0729933725957436,0.0937707485279107,0.992393713844927,-0.0322628013993954,0.0729421894202216,0.093772412625037,0.987397778520138,-0.0369916040227579,0.123334801454576,0.0920096459914965,0.967880193518804,-0.0468726140151296,0.231027654773939,0.0873905703096489,0.987397778520138,-0.0369916040227579,0.123334801454576,0.0920096459914965,0.987397778520138,-0.0369916040227579,0.123334801454576,0.0920096459914965,0.987412680344141,-0.0369421296966187,0.123295976352926,0.0919215968326044,0.987412680344141,-0.0369421296966187,0.123295976352926,0.0919215968326044,0.987400639938489,-0.0369821196820015,0.123327317445232,0.0919927814812236,0.987397778520138,-0.0369916040227579,0.123334801454576,0.0920096459914965,0.987412680344141,-0.0369421296966187,0.123295976352926,0.0919215968326044,0.987412680344141,-0.0369421296966187,0.123295976352926,0.0919215968326044,0.987400639938489,-0.0369821196820015,0.123327317445232,0.0919927814812236,0.990820268350181,-0.0575717424946525,0.0425396708158822,0.114678100348242,0.951099343694133,-0.154352667274087,0.135257810275384,0.230847606202605,0.969629021130388,-0.0862214832444449,0.140439723836486,0.180726592336558,0.978697666975142,-0.0505147987031959,-0.045328041066845,0.193764032943248,0.988691092074076,-0.0158109449360881,0.00139523441903232,0.149124081873168,0.977487130990494,-0.0273884616494016,0.0607660462608634,0.200190580543329,0.98574984142875,-0.0242788351167554,-0.0138406839151598,0.165880148774135,0.984811311761323,-0.0189921019509123,-0.0451773686151228,0.16656826124878
1346,2116,0.987112398092904,-0.0379025319774971,0.12410469500341,0.0936511413656079,0.987112398092904,-0.0379025319774971,0.12410469500341,0.0936511413656079,0.99214406678995,-0.0330939635538686,0.0737767749641719,0.0954564182529467,0.99214787054968,-0.0330890402905675,0.0737256044692002,0.0954581249660576,0.987112398092904,-0.0379025319774971,0.12410469500341,0.0936511413656079,0.967511987369032,-0.0479583057000477,0.23176155006351,0.0889220958129477,0.987112398092904,-0.0379025319774971,0.12410469500341,0.0936511413656079,0.987112398092904,-0.0379025319774971,0.12410469500341,0.0936511413656079,0.987127521416427,-0.0378545160192361,0.124064272768659,0.0935646744321518,0.987127521416427,-0.0378545160192361,0.124064272768659,0.0935646744321518,0.987115301449438,-0.0378933286518583,0.124096923854459,0.0936345597412031,0.987112398092904,-0.0379025319774971,0.12410469500341,0.0936511413656079,0.987127521416427,-0.0378545160192361,0.124064272768659,0.0935646744321518,0.987127521416427,-0.0378545160192361,0.124064272768659,0.0935646744321518,0.987115301449438,-0.0378933286518583,0.124096923854459,0.0936345597412031,0.990516308052088,-0.0574425482046906,0.0422175115428273,0.11745415640898,0.950322589724302,-0.15679379537696,0.137109185763769,0.231308781437673,0.968710000605,-0.0886148004176203,0.144517380383632,0.181281765883552,0.978368474176156,-0.0518735769114361,-0.0456011758982894,0.194999470546273,0.988355792291206,-0.0167071834431469,0.00195102378791718,0.151227945076295,0.977270888655639,-0.028216132727936,0.06161006276493,0.200872248472005,0.985723207066224,-0.0248830295662164,-0.0136998815100392,0.165960558981035,0.98474997119304,-0.0194497227615616,-0.0458848770033887,0.166684674107097
1347,2117,0.986822034183096,-0.0388002353791095,0.124852246907555,0.0953348363789297,0.986822034183096,-0.0388002353791095,0.124852246907555,0.0953348363789297,0.991892070588842,-0.0339049372304631,0.0745381178331455,0.0971835609775128,0.991895913615601,-0.033899924887711,0.0744869603340092,0.0971853095147571,0.986822034183096,-0.0388002353791095,0.124852246907555,0.0953348363789297,0.967141281505057,-0.049035487311517,0.232472691548675,0.0904970180558102,0.986822034183096,-0.0388002353791095,0.124852246907555,0.0953348363789297,0.986822034183096,-0.0388002353791095,0.124852246907555,0.0953348363789297,0.98683741969723,-0.0387529537436974,0.124812862230982,0.0952463389488602,0.98683741969723,-0.0387529537436974,0.124812862230982,0.0952463389488602,0.986824988204054,-0.0387911671445286,0.124844696372229,0.0953178356623784,0.986822034183096,-0.0388002353791095,0.124852246907555,0.0953348363789297,0.98683741969723,-0.0387529537436974,0.124812862230982,0.0952463389488602,0.98683741969723,-0.0387529537436974,0.124812862230982,0.0952463389488602,0.986824988204054,-0.0387911671445286,0.124844696372229,0.0953178356623784,0.990230032626923,-0.0572869836562208,0.0419191063322419,0.120022799965511,0.949535141522319,-0.159161424238929,0.138961206751456,0.23181984183112,0.967770166742255,-0.0911600808445212,0.14849828232254,0.181821352352643,0.978019205051808,-0.053381435593688,-0.045926789991309,0.196264074259352,0.988003708618227,-0.0176234869034836,0.00259478155180834,0.153399320646122,0.977042238527337,-0.0289875107325241,0.0623938485625133,0.20163133689132,0.985696018850599,-0.0254620052126972,-0.0136416736309657,0.166038999795758,0.984695112827658,-0.0199188841559529,-0.046457201924997,0.166794787738132
1348,2118,0.986533587418986,-0.0396849467937508,0.125510441314092,0.097075820951178,0.986533587418986,-0.0396849467937508,0.125510441314092,0.097075820951178,0.991637447682695,-0.0347000241098656,0.0752101212469669,0.0989672589402311,0.991641325368752,-0.0346949197708149,0.0751589768792586,0.0989690484821629,0.986533587418986,-0.0396849467937507,0.125510441314092,0.097075820951178,0.966782294689537,-0.0501060472276369,0.233095226590906,0.0921303101405277,0.986533587418986,-0.0396849467937507,0.125510441314092,0.097075820951178,0.986533587418986,-0.0396849467937507,0.125510441314092,0.097075820951178,0.986548891382142,-0.039638351623051,0.12547557662408,0.096984357832227,0.986548891382142,-0.039638351623051,0.12547557662408,0.096984357832227,0.986536523001085,-0.0396760098584523,0.125503786604255,0.0970582432080632,0.986533587418986,-0.0396849467937507,0.125510441314092,0.097075820951178,0.986548891382142,-0.039638351623051,0.12547557662408,0.096984357832227,0.986548891382142,-0.039638351623051,0.12547557662408,0.096984357832227,0.986536523001085,-0.0396760098584523,0.125503786604255,0.0970582432080632,0.989974598311504,-0.0570938354485699,0.0416150967074733,0.122306060265937,0.948699496841932,-0.161476872186414,0.140876028353051,0.232483180200694,0.966805687837642,-0.0939250839777798,0.152381121369503,0.182331660483644,0.977639685204348,-0.0550861085752877,-0.0464100215318571,0.19756587877715,0.987635267227856,-0.0185669936295539,0.00331893772587061,0.155630428668992,0.976807490200651,-0.0296696057824905,0.0631414259130136,0.202435179537274,0.985668519552232,-0.0259974114593727,-0.0136152321175989,0.166121430331881,0.984643439521886,-0.0203616410232786,-0.0469585134817053,0.166905957332076
1349,2119,0.986256347049365,-0.0405112014156139,0.125977416355419,0.0989290201766834,0.986256347049366,-0.0405112014156139,0.125977416355419,0.0989290201766834,0.991384298439001,-0.0354310267086983,0.0756905828710185,0.100860055619767,0.991388200905478,-0.0354258247466057,0.075639451558988,0.100861882861058,0.986256347049366,-0.0405112014156139,0.125977416355419,0.0989290201766834,0.96645544674757,-0.0511308276843827,0.233528929639778,0.093881558005633,0.986256347049366,-0.0405112014156139,0.125977416355419,0.0989290201766834,0.986256347049366,-0.0405112014156139,0.125977416355419,0.0989290201766834,0.98627108860859,-0.0404675635867891,0.125952338952288,0.0988317984488003,0.98627108860859,-0.0404675635867891,0.125952338952288,0.0988317984488003,0.986259170780715,-0.0405028503962015,0.125972682860613,0.0989103145966986,0.986256347049366,-0.0405112014156139,0.125977416355419,0.0989290201766834,0.98627108860859,-0.0404675635867891,0.125952338952288,0.0988317984488003,0.98627108860859,-0.0404675635867891,0.125952338952288,0.0988317984488003,0.986259170780715,-0.0405028503962015,0.125972682860613,0.0989103145966986,0.989756174984517,-0.0568491979935295,0.0413183243551733,0.12427259891059,0.947810935624692,-0.163768578261565,0.142813461104292,0.233320805784322,0.965797094619367,-0.0967971585775641,0.156416327212306,0.182757256210286,0.97723805599174,-0.0567897903625107,-0.0472850643996916,0.198858804976759,0.987252545453183,-0.0195361073182046,0.00412343751011047,0.157904240823869,0.976575315639118,-0.0303086756335479,0.063846338567977,0.203237993783546,0.985642707564,-0.0264527869447015,-0.0136368983939874,0.166200896781456,0.984596621760897,-0.0207422711300403,-0.0474025778721633,0.167009718928181
1350,2120,0.985998374115687,-0.0412350690608383,0.126261718292537,0.100820899691413,0.985998374115687,-0.0412350690608383,0.126261718292537,0.100820899691413,0.991141107824457,-0.0360578088157353,0.0759876282395356,0.102786279037846,0.991145025611542,-0.0360525075067362,0.0759365094698048,0.10278813860322,0.985998374115687,-0.0412350690608383,0.126261718292537,0.100820899691413,0.96616781138561,-0.0520580884671655,0.233783180548351,0.095682496623901,0.985998374115687,-0.0412350690608383,0.126261718292537,0.100820899691413,0.985998374115687,-0.0412350690608383,0.126261718292537,0.100820899691413,0.986012120280299,-0.0411966983752718,0.126246263454384,0.100721455842992,0.986012120280299,-0.0411966983752718,0.126246263454384,0.100721455842992,0.986001003256855,-0.0412277477543512,0.126258830647383,0.10080179599161,0.985998374115687,-0.0412350690608383,0.126261718292537,0.100820899691413,0.986012120280299,-0.0411966983752718,0.126246263454384,0.100721455842992,0.986012120280299,-0.0411966983752718,0.126246263454384,0.100721455842992,0.986001003256855,-0.0412277477543512,0.126258830647383,0.10080179599161,0.989563208891665,-0.0566223689953877,0.0409718004243246,0.126015374091302,0.946907237147937,-0.166069578581627,0.144846174172084,0.234109301682553,0.964773763334091,-0.0996295342585816,0.160618556970128,0.182995138302707,0.976865203739159,-0.0584443649361036,-0.048177888960013,0.199993802269531,0.986872593766241,-0.020477052538386,0.00499074930181249,0.160119537889162,0.97636074947375,-0.0308798638573662,0.0644867950530096,0.203979347383503,0.985615555942827,-0.0268787050508343,-0.0137434119577711,0.166284785010726,0.984554980876865,-0.0211269703809618,-0.0477325373229193,0.167112972667579
1351,2121,0.985762284631901,-0.0419040776157569,0.126461175636465,0.102588193926549,0.985762284631901,-0.0419040776157569,0.126461175636465,0.102588193926549,0.990915460363801,-0.0366361344646983,0.0761988264874,0.104585290100583,0.990919389043857,-0.0366307403699071,0.0761477193552849,0.10458717949104,0.985762284631901,-0.0419040776157569,0.126461175636465,0.102588193926549,0.965911244983313,-0.0529171396765615,0.233955503377987,0.0973656283417813,0.985762284631901,-0.0419040776157569,0.126461175636465,0.102588193926549,0.985762284631901,-0.0419040776157569,0.126461175636465,0.102588193926549,0.985774872264034,-0.0418687127038053,0.126450442315296,0.102494866933034,0.985774872264034,-0.0418687127038053,0.126450442315296,0.102494866933034,0.985764690101127,-0.0418973150900535,0.1264591545306,0.102570331838599,0.985762284631901,-0.0419040776157569,0.126461175636465,0.102588193926549,0.985774872264034,-0.0418687127038053,0.126450442315296,0.102494866933034,0.985774872264034,-0.0418687127038053,0.126450442315296,0.102494866933034,0.985764690101127,-0.0418973150900535,0.1264591545306,0.102570331838599,0.989360477066425,-0.0562485907359816,0.0402156782263478,0.128002506553217,0.946056617002405,-0.168439328897287,0.146950282782893,0.234543565881957,0.963675807776393,-0.102553037979128,0.165060258454074,0.183212780631818,0.976468424718841,-0.0600931693702316,-0.0492480145946401,0.201178675760211,0.986482290278282,-0.0214253920232441,0.00594322090851522,0.162352461235417,0.976182053885343,-0.0313833832783416,0.0650955026913779,0.204563575583618,0.985584491716215,-0.0272810839888185,-0.0138669528924949,0.166393088084698,0.984511092147265,-0.0214954392991873,-0.0480311579397379,0.167238941025414
1352,2122,0.985538140740135,-0.0424156579364666,0.126608786464623,0.104334559462574,0.985538140740135,-0.0424156579364666,0.126608786464623,0.104334559462574,0.9906991080873,-0.0370582989730777,0.0763576381156199,0.106355398610765,0.990703044958443,-0.0370528135833677,0.0763065421417858,0.106357309772244,0.985538140740135,-0.0424156579364666,0.126608786464623,0.104334559462574,0.965672245850754,-0.0536174164577747,0.234077605202056,0.0990452471793893,0.985538140740135,-0.0424156579364666,0.126608786464623,0.104334559462574,0.985538140740135,-0.0424156579364666,0.126608786464623,0.104334559462574,0.98555006544312,-0.0423883144502051,0.126600880572603,0.104242584107334,0.98555006544312,-0.0423883144502051,0.126600880572603,0.104242584107334,0.985540423089456,-0.0424104752303991,0.12660729230965,0.104316918960478,0.985538140740135,-0.0424156579364666,0.126608786464623,0.104334559462574,0.98555006544312,-0.0423883144502051,0.126600880572603,0.104242584107334,0.98555006544312,-0.0423883144502051,0.126600880572603,0.104242584107334,0.985540423089456,-0.0424104752303991,0.12660729230965,0.104316918960478,0.9892079333015,-0.0559642723174185,0.0393329488395233,0.129570768512591,0.945236921013464,-0.170952512785075,0.148923486721718,0.23478542677965,0.96253079319397,-0.105513178645737,0.16962719433621,0.183379541462738,0.9760706201109,-0.0617632998205585,-0.0502499498637776,0.202352123513165,0.98613256610635,-0.0222631463246891,0.0068910230794344,0.164315027252986,0.976022237545665,-0.0318344562186115,0.065614768646795,0.205089886023291,0.985561024057317,-0.0276014857233918,-0.0140168115032661,0.166466677867485,0.984477829246411,-0.0217970906279665,-0.0482742878549128,0.167325681515217
1353,2123,0.985312229262574,-0.0429113677511167,0.126750832037466,0.106078517906109,0.985312229262574,-0.0429113677511167,0.126750832037466,0.106078517906109,0.990480707668952,-0.0374647358193475,0.0765109815136643,0.108122296560028,0.990484652449159,-0.0374591593003261,0.0764598968037526,0.108124228681369,0.985312229262573,-0.0429113677511167,0.126750832037466,0.106078517906109,0.965432101016681,-0.0543016543770272,0.234193981312692,0.100724216429546,0.985312229262573,-0.0429113677511167,0.126750832037466,0.106078517906109,0.985312229262573,-0.0429113677511167,0.126750832037466,0.106078517906109,0.985324208208323,-0.0428852188644565,0.126743345667926,0.105986730539677,0.985324208208323,-0.0428852188644565,0.126743345667926,0.105986730539677,0.985314527915672,-0.0429063595509404,0.1267493987894,0.106060903705967,0.985312229262573,-0.0429113677511167,0.126750832037466,0.106078517906109,0.985324208208323,-0.0428852188644565,0.126743345667926,0.105986730539677,0.985324208208323,-0.0428852188644565,0.126743345667926,0.105986730539677,0.985314527915672,-0.0429063595509404,0.1267493987894,0.106060903705967,0.989099862126364,-0.0556313291921478,0.038179207119982,0.130877676085773,0.944462685091323,-0.173572578940777,0.150840744320388,0.234754906578772,0.961320470039639,-0.108498870289401,0.174419322237852,0.183490732896188,0.975665221385367,-0.0633900075022227,-0.0513470726155554,0.203525332235878,0.985815405776487,-0.0230188626228919,0.00789489326012406,0.166059592790357,0.975895870681893,-0.0322462682490647,0.0660960933285958,0.205471979152236,0.985537427210032,-0.027921883839933,-0.0141666682766988,0.166540245829644,0.984408548721584,-0.0219759240399317,-0.049239457000415,0.167428623122691
1354,2124,0.98508351767877,-0.0433770922980571,0.12703532091177,0.107661127164032,0.98508351767877,-0.0433770922980571,0.12703532091177,0.107661127164032,0.99026675009048,-0.0378494263200663,0.0768067264422487,0.109726529908249,0.990270710124186,-0.0378437670612822,0.076755652766928,0.109728481868089,0.98508351767877,-0.0433770922980571,0.12703532091177,0.107661127164032,0.965173529477726,-0.0549383685693436,0.234451631593909,0.102246105536607,0.98508351767877,-0.0433770922980571,0.12703532091177,0.107661127164032,0.98508351767877,-0.0433770922980571,0.12703532091177,0.107661127164032,0.985095626814229,-0.0433525018983845,0.127020731762511,0.107577415441853,0.985095626814229,-0.0433525018983845,0.127020731762511,0.107577415441853,0.985085842008094,-0.0433723855947164,0.127032463523704,0.107645126476432,0.98508351767877,-0.0433770922980571,0.12703532091177,0.107661127164032,0.985095626814229,-0.0433525018983845,0.127020731762511,0.107577415441853,0.985095626814229,-0.0433525018983845,0.127020731762511,0.107577415441853,0.985085842008094,-0.0433723855947164,0.127032463523704,0.107645126476432,0.989036035978292,-0.0553206945932781,0.036717935518667,0.131905775071867,0.943698362298791,-0.176282991441388,0.152742453120654,0.234579306286255,0.960010056380715,-0.111533630503739,0.179578214322497,0.18355545716566,0.975234846532508,-0.0649143982777375,-0.0527696647713095,0.204740024140074,0.985537810247086,-0.0237571875358674,0.00893618617213196,0.16754392018352,0.975804472431822,-0.0326293784450172,0.0665271850716066,0.205706317090153,0.985516726288768,-0.0281951384725094,-0.014328776977169,0.166602828673238,0.984368962104999,-0.0222023806673174,-0.0496616359871296,0.167506783886837
1355,2125,0.984843207225721,-0.0438279704137546,0.1275053491904,0.109111649784065,0.984843207225721,-0.0438279704137546,0.1275053491904,0.109111649784066,0.990050638212068,-0.0382260025513756,0.0772883604864832,0.111198092780999,0.990054623086611,-0.038220267395395,0.0772372979566154,0.111200064161016,0.984843207225721,-0.0438279704137546,0.1275053491904,0.109111649784065,0.964883052754233,-0.0555458199967253,0.234892425161994,0.103638337453285,0.984843207225721,-0.0438279704137546,0.1275053491904,0.109111649784065,0.984843207225721,-0.0438279704137546,0.1275053491904,0.109111649784065,0.984855895539761,-0.0438041999728982,0.127481127024283,0.109034945489637,0.984855895539761,-0.0438041999728982,0.127481127024283,0.109034945489637,0.98484564644816,-0.0438234151364642,0.12750062199836,0.109096985970807,0.984843207225721,-0.0438279704137546,0.1275053491904,0.109111649784065,0.984855895539761,-0.0438041999728982,0.127481127024283,0.109034945489637,0.984855895539761,-0.0438041999728982,0.127481127024283,0.109034945489637,0.98484564644816,-0.0438234151364642,0.12750062199836,0.109096985970807,0.989012985399298,-0.0550577880725166,0.0349260017010373,0.132673015678809,0.942922958487724,-0.179100240812929,0.154711380738784,0.234272889527165,0.958543449385326,-0.114680210290208,0.185257083823605,0.183637463229722,0.974764308942015,-0.0663681104126876,-0.0544083953001843,0.206081397641571,0.985298950232918,-0.0245137985043795,0.0099796403813372,0.168776358328577,0.975750711615194,-0.0329740952250418,0.0669069030695976,0.205783196952932,0.985495056375184,-0.0284360439582656,-0.0145007196022012,0.166675176301377,0.984330107108044,-0.0224035131831073,-0.050050147348193,0.167592677608975
1356,2126,0.984595403204839,-0.0442739096730989,0.128167341967224,0.110384987037258,0.984595403204839,-0.0442739096730989,0.128167341967224,0.110384987037258,0.98983679856931,-0.0386066513156684,0.0779620917953278,0.112492448258307,0.989840818192214,-0.0386008494020587,0.0779110402934657,0.112494439268779,0.984595403204839,-0.0442739096730989,0.128167341967224,0.110384987037258,0.964564045692929,-0.0561289034317826,0.235523199102619,0.10485499816653,0.984595403204839,-0.0442739096730989,0.128167341967224,0.110384987037258,0.984595403204839,-0.0442739096730989,0.128167341967224,0.110384987037258,0.98460848820474,-0.0442504268929815,0.128133039064854,0.110317491699953,0.98460848820474,-0.0442504268929815,0.128133039064854,0.110317491699953,0.984597917184315,-0.0442694052451409,0.128160676267883,0.11037210831596,0.984595403204839,-0.0442739096730989,0.128167341967224,0.110384987037258,0.98460848820474,-0.0442504268929815,0.128133039064854,0.110317491699953,0.98460848820474,-0.0442504268929815,0.128133039064854,0.110317491699953,0.984597917184315,-0.0442694052451409,0.128160676267883,0.11037210831596,0.989026037957904,-0.0548580807301466,0.0328122803296686,0.133197002516811,0.942171034575446,-0.182031262786024,0.156743584570588,0.233687418727502,0.956943443094941,-0.117857600793227,0.191355317953393,0.183717105746362,0.97428162582222,-0.0677567586726269,-0.0559725341275263,0.207488338618668,0.985096948947929,-0.0253339120350899,0.010986354642661,0.169768943232105,0.975732680752043,-0.0332975172210478,0.0672526720235947,0.205703887092667,0.985468431662875,-0.0286675424866243,-0.0146997173472722,0.166775479353536,0.984291786389936,-0.0226161261212121,-0.0503367732327477,0.167703307495987
1357,2127,0.984360758935807,-0.0446875365331535,0.128921333709681,0.111428048804766,0.984360758935807,-0.0446875365331535,0.128921333709681,0.111428048804766,0.989640777291338,-0.0389667326184473,0.0787270343678549,0.113555183637215,0.989644836366854,-0.0389608758931746,0.0786759929748847,0.113557193217673,0.984360758935807,-0.0446875365331535,0.128921333709681,0.111428048804766,0.964248015189481,-0.0566545803988002,0.23624686076498,0.105846324932305,0.984360758935807,-0.0446875365331535,0.128921333709681,0.111428048804766,0.984360758935807,-0.0446875365331535,0.128921333709681,0.111428048804766,0.984373194666465,-0.0446656832799007,0.12888192541557,0.11137252650655,0.984373194666465,-0.0446656832799007,0.12888192541557,0.11137252650655,0.984363139897262,-0.0446833556446797,0.128913728361083,0.111417490458089,0.984360758935807,-0.0446875365331535,0.128921333709681,0.111428048804766,0.984373194666465,-0.0446656832799007,0.12888192541557,0.11137252650655,0.984373194666465,-0.0446656832799007,0.12888192541557,0.11137252650655,0.984363139897262,-0.0446833556446797,0.128913728361083,0.111417490458089,0.989073959814087,-0.0546893972849591,0.0303517042417281,0.133493617420131,0.941476312531646,-0.185178754965757,0.158763508714429,0.232648511604587,0.955125821750373,-0.121316823078152,0.197876889637347,0.184015297221043,0.973698010258692,-0.0691997674771956,-0.057730266283294,0.209262498681026,0.984933319318199,-0.0261846316979913,0.0119966789773665,0.170519210803914,0.975734702514391,-0.0335726424717823,0.0675691850988213,0.205545793466314,0.985439616089157,-0.0289306556159875,-0.0149116151779799,0.166881466737529,0.984255456810379,-0.0228756714114979,-0.050544920260611,0.167818683203966
1358,2128,0.984153247950007,-0.0450655154189102,0.12965483679309,0.112254653202605,0.984153247950007,-0.0450655154189102,0.12965483679309,0.112254653202605,0.989470812946991,-0.0393022129237871,0.0794701357769835,0.114399929654272,0.989474910348612,-0.03929631262981,0.0794191031490332,0.114401956536195,0.984153247950007,-0.0450655154189102,0.12965483679309,0.112254653202605,0.963961203968576,-0.057121053044621,0.236953137556445,0.106626418605722,0.984153247950007,-0.0450655154189102,0.12965483679309,0.112254653202605,0.984153247950007,-0.0450655154189102,0.12965483679309,0.112254653202605,0.984164282307481,-0.0450455255018275,0.129616196090983,0.112210551078628,0.984164282307481,-0.0450455255018275,0.129616196090983,0.112210551078628,0.984155353885925,-0.0450616941415188,0.129647426631289,0.112246282373404,0.984153247950007,-0.0450655154189102,0.12965483679309,0.112254653202605,0.984164282307481,-0.0450455255018275,0.129616196090983,0.112210551078628,0.984164282307481,-0.0450455255018275,0.129616196090983,0.112210551078628,0.984155353885925,-0.0450616941415188,0.129647426631289,0.112246282373404,0.989143895593656,-0.0545348582935602,0.0275408203351162,0.133648068657865,0.940838095138824,-0.188495670038482,0.16078355427642,0.2311746304994,0.953083962736117,-0.12492695820741,0.204895461956994,0.184504917976986,0.973040762501164,-0.0705849234445763,-0.0595219696120932,0.211344690557803,0.984805349197291,-0.0270216489046789,0.0129657837941991,0.171055964916389,0.975736808841704,-0.0338115000448073,0.0678746839099699,0.205395933796776,0.985410857494249,-0.0291379008707584,-0.0151390037129638,0.166994716179508,0.984224255566458,-0.0230977687907086,-0.0506592761063967,0.167936730871836
1359,2129,0.983981202353859,-0.0454482032246426,0.130311316252953,0.112846865682346,0.983981202353859,-0.0454482032246426,0.130311316252953,0.112846865682346,0.989332353625746,-0.0396543084517225,0.0801345106596641,0.11501082597692,0.989336485293066,-0.0396483766499503,0.0800834851719487,0.115012871017558,0.983981202353859,-0.0454482032246426,0.130311316252953,0.112846865682346,0.963718102570728,-0.0575664645275242,0.237586751538883,0.107173021010323,0.983981202353859,-0.0454482032246426,0.130311316252953,0.112846865682346,0.983981202353859,-0.0454482032246426,0.130311316252953,0.112846865682346,0.983990381680086,-0.045428070504675,0.130276563592702,0.112815052851017,0.983990381680086,-0.045428070504675,0.130276563592702,0.112815052851017,0.983982948648445,-0.0454443383539113,0.130304677988544,0.112840860396347,0.983981202353859,-0.0454482032246426,0.130311316252953,0.112846865682346,0.983990381680086,-0.045428070504675,0.130276563592702,0.112815052851017,0.983990381680086,-0.045428070504675,0.130276563592702,0.112815052851017,0.983982948648445,-0.0454443383539113,0.130304677988544,0.112840860396347,0.989227518443753,-0.0543425844950405,0.0243310898023604,0.133730319423248,0.940252561956719,-0.191997024509806,0.162780517734897,0.229270070788067,0.950844760501561,-0.128805310866927,0.21202615328414,0.185333061386075,0.97228118061425,-0.0721155157072204,-0.0610749872951232,0.213865621698631,0.984703049627146,-0.0278153055707831,0.0139291070643887,0.171441514247254,0.975736783949456,-0.0339830822981702,0.0681541843195837,0.205275146389478,0.985385201218372,-0.0293139358879858,-0.0153283837186998,0.167097992313363,0.984196430964116,-0.0232853247507617,-0.0507576536602507,0.168044159445228
1360,2130,0.983844269022075,-0.0458597331597938,0.130858285234571,0.113240665718635,0.983844269022075,-0.0458597331597938,0.130858285234571,0.113240665718635,0.989223395594837,-0.0400452926567962,0.0806877320906539,0.115425032094076,0.989227555795013,-0.0400393394915869,0.0806367122217753,0.115427097299397,0.983844269022075,-0.0458597331597938,0.130858285234571,0.113240665718635,0.963521927807135,-0.0580187534494405,0.238115373583764,0.10751924360811,0.983844269022075,-0.0458597331597938,0.130858285234571,0.113240665718635,0.983844269022075,-0.0458597331597938,0.130858285234571,0.113240665718635,0.983851591648488,-0.0458381508165024,0.130829201409102,0.113219387028536,0.983851591648488,-0.0458381508165024,0.130829201409102,0.113219387028536,0.983845659023507,-0.0458555793606742,0.130852749587794,0.113236668033871,0.983844269022075,-0.0458597331597938,0.130858285234571,0.113240665718635,0.983851591648488,-0.0458381508165024,0.130829201409102,0.113219387028536,0.983851591648488,-0.0458381508165024,0.130829201409102,0.113219387028536,0.983845659023507,-0.0458555793606742,0.130852749587794,0.113236668033871,0.989315373993944,-0.0540610587973015,0.0207365409680973,0.133800181500687,0.939673634829649,-0.195720643708302,0.164859783397792,0.226998108913875,0.948273912414659,-0.133286711669584,0.219433366156585,0.186708964282103,0.97129564512088,-0.0738772367526257,-0.0629220543071205,0.217181349891704,0.984614591776877,-0.0285544450788173,0.0148829965095363,0.171747622228642,0.975722873996223,-0.0341200808534325,0.0684300121064029,0.205226768931893,0.985361680675546,-0.0294390306971806,-0.0155061576356294,0.167198267943346,0.984166301265319,-0.0234059704403341,-0.0509389254116797,0.16814897525525
1361,2131,0.983740217134198,-0.0463275458529829,0.131300549525923,0.113442097045986,0.983740217134198,-0.0463275458529829,0.131300549525923,0.113442097045986,0.98914195515895,-0.0405022635483037,0.0811347130233326,0.11564997853184,0.989146138412531,-0.0404962987807457,0.0810836973541965,0.115652067305396,0.983740217134198,-0.0463275458529829,0.131300549525923,0.113442097045986,0.963369934565633,-0.0585058581957649,0.238543535414517,0.107668079966758,0.983740217134198,-0.0463275458529829,0.131300549525923,0.113442097045986,0.983740217134198,-0.0463275458529829,0.131300549525923,0.113442097045986,0.983745798095583,-0.0463030766752234,0.13127698375107,0.113430962955071,0.983745798095583,-0.0463030766752234,0.13127698375107,0.113430962955071,0.983741273873967,-0.0463228262969786,0.131296071835944,0.113440043023329,0.983740217134198,-0.0463275458529829,0.131300549525923,0.113442097045986,0.983745798095583,-0.0463030766752234,0.13127698375107,0.113430962955071,0.983745798095583,-0.0463030766752234,0.13127698375107,0.113430962955071,0.983741273873967,-0.0463228262969786,0.131296071835944,0.113440043023329,0.989406810420436,-0.0536209858036487,0.016824187450928,0.133850289845487,0.939064087028632,-0.199674749314737,0.167026505854062,0.224478910549213,0.94542843979485,-0.138248945984139,0.226935437460822,0.188553974728236,0.970395320938498,-0.0768156391087838,-0.0605602893745443,0.220827376110505,0.984532555500703,-0.0292473243611913,0.0157956305287244,0.172019589678519,0.975700687886208,-0.0342381459199348,0.0687090855562076,0.205219342617543,0.985344332924529,-0.0295162577963117,-0.015635927445996,0.167274785524064,0.984746762707725,-0.0257614903606283,-0.0377061001727289,0.167894040873461
1362,2132,0.983674038410979,-0.0468183919229789,0.131623149904079,0.113440604473486,0.983674038410979,-0.0468183919229789,0.131623149904079,0.113440604473486,0.989092257322631,-0.0409925511545677,0.0814602598747351,0.115673433922416,0.989096457366543,-0.0409865851766324,0.0814092467683604,0.115675547982805,0.983674038410979,-0.0468183919229789,0.131623149904079,0.113440604473486,0.963268727238107,-0.0589935713034281,0.238856916499218,0.107612690285258,0.983674038410979,-0.0468183919229789,0.131623149904079,0.113440604473486,0.983674038410979,-0.0468183919229789,0.131623149904079,0.113440604473486,0.983677635521284,-0.0467926265932662,0.131605842816412,0.113440123449956,0.983677635521284,-0.0467926265932662,0.131605842816412,0.113440123449956,0.983674712504369,-0.0468134363491791,0.131619879355857,0.113440599059499,0.983674038410979,-0.0468183919229789,0.131623149904079,0.113440604473486,0.983677635521284,-0.0467926265932662,0.131605842816412,0.113440123449956,0.983677635521284,-0.0467926265932662,0.131605842816412,0.113440123449956,0.983674712504369,-0.0468134363491791,0.131619879355857,0.113440599059499,0.989498049262146,-0.0529414185727434,0.0127077688268456,0.133900445545776,0.938360288885786,-0.203835755283019,0.169334848917755,0.22193841950502,0.942292033406285,-0.1436422500136,0.234557911416782,0.190880103682593,0.969282722099037,-0.0798617907381901,-0.0585038004700154,0.225145296088851,0.984442932188423,-0.0299262805524443,0.0166924065531649,0.172330770786939,0.975674825395145,-0.0343279062709379,0.0689961550153847,0.205230993113367,0.985328259212914,-0.0295622383313098,-0.0157255834845313,0.167352925535721,0.985014964927124,-0.0272359345824522,-0.0294039325447191,0.167747224978365
1363,2133,0.983648985441114,-0.0472456089522501,0.131799366961064,0.113276002507423,0.983648985441114,-0.0472456089522501,0.131799366961064,0.113276002507423,0.989076192523609,-0.0414275815782935,0.0816375224616063,0.115530756917387,0.989080401709962,-0.0414216229584276,0.0815865101835469,0.115532893414908,0.983648985441114,-0.0472456089522501,0.131799366961064,0.113276002507423,0.963224473141687,-0.0594001271054168,0.239029316259722,0.10740216575652,0.983648985441114,-0.0472456089522501,0.131799366961064,0.113276002507423,0.983648985441114,-0.0472456089522501,0.131799366961064,0.113276002507423,0.983650424262207,-0.0472229601366953,0.131789691599816,0.11328420928238,0.983650424262207,-0.0472229601366953,0.131789691599816,0.11328420928238,0.983649243913163,-0.0472412872837464,0.131797572245915,0.113277648611364,0.983648985441114,-0.0472456089522501,0.131799366961064,0.113276002507423,0.983650424262207,-0.0472229601366953,0.131789691599816,0.11328420928238,0.983650424262207,-0.0472229601366953,0.131789691599816,0.11328420928238,0.983649243913163,-0.0472412872837464,0.131797572245915,0.113277648611364,0.989578837867138,-0.0519888754694176,0.00848514168619712,0.134010756447067,0.937501145156145,-0.20808858900982,0.171798813620619,0.219717795349778,0.938955823572674,-0.149346531688688,0.241949333407023,0.193695882546372,0.968008826181546,-0.0831429782865604,-0.0560038480085786,0.230021143820517,0.98434582810182,-0.0306001982768791,0.0175259135677191,0.1726839914919,0.975654987322608,-0.0344205560620457,0.069304188752831,0.205205995171225,0.985317564735595,-0.0295694520813937,-0.0157336864552143,0.167413844223393,0.985156364799132,-0.028202310505344,-0.0237737073615045,0.167649567300988
1364,2134,0.9836690725054,-0.0475616544425292,0.131802953785255,0.112964712173921,0.9836690725054,-0.0475616544425292,0.131802953785255,0.112964712173921,0.989096435920842,-0.0417590392024213,0.0816400837753191,0.115235931092424,0.989100645239268,-0.0417530957879249,0.0815890704531915,0.115238084685453,0.9836690725054,-0.0475616544425292,0.131802953785255,0.112964712173921,0.963244044787343,-0.0596800740845402,0.239035087407417,0.107058049333579,0.9836690725054,-0.0475616544425292,0.131802953785255,0.112964712173921,0.9836690725054,-0.0475616544425292,0.131802953785255,0.112964712173921,0.983668145170171,-0.0475447199721034,0.131802291356227,0.11298068761296,0.983668145170171,-0.0475447199721034,0.131802291356227,0.11298068761296,0.983668875198107,-0.0475584508181524,0.131802900100988,0.112967841650787,0.9836690725054,-0.0475616544425292,0.131802953785255,0.112964712173921,0.983668145170171,-0.0475447199721034,0.131802291356227,0.11298068761296,0.983668145170171,-0.0475447199721034,0.131802291356227,0.11298068761296,0.983668875198107,-0.0475584508181524,0.131802900100988,0.112967841650787,0.989648754759731,-0.0507345408665877,0.00425856117855967,0.134176053087946,0.936496824800873,-0.212148424188416,0.174268694067551,0.21816774628768,0.935342560843786,-0.155586627984107,0.249208212613153,0.197033910362866,0.9666125171019,-0.0872639943635166,-0.0512901661294085,0.235402964994222,0.984239086269256,-0.0312807551692401,0.018340462308707,0.173085420698003,0.975641257475191,-0.0345169023391348,0.0696137637886095,0.205150296261844,0.985306253261522,-0.0295366808224177,-0.0157059337963186,0.167488791903589,0.985235288011449,-0.0288642803173057,-0.0196600185571857,0.167605979156751
1365,2135,0.983741260440461,-0.047711619749615,0.13157755620875,0.112534797063022,0.983741260440461,-0.047711619749615,0.13157755620875,0.112534797063022,0.989157075294637,-0.0419306600787847,0.0814113087071663,0.114814193175342,0.989161272813778,-0.0419247384154339,0.0813602922578327,0.114816355620376,0.983741260440461,-0.047711619749615,0.13157755620875,0.112534797063022,0.96334054988476,-0.0597819177543236,0.238818981110342,0.106614265081004,0.983741260440461,-0.047711619749615,0.13157755620875,0.112534797063022,0.983741260440461,-0.047711619749615,0.13157755620875,0.112534797063022,0.983737611277663,-0.0477032750804917,0.131588793849535,0.112557092346673,0.983737611277663,-0.0477032750804917,0.131588793849535,0.112557092346673,0.983740537888205,-0.0477100881232921,0.131579809821677,0.112539127657828,0.983741260440461,-0.047711619749615,0.13157755620875,0.112534797063022,0.983737611277663,-0.0477032750804917,0.131588793849535,0.112557092346673,0.983737611277663,-0.0477032750804917,0.131588793849535,0.112557092346673,0.983740537888205,-0.0477100881232921,0.131579809821677,0.112539127657828,0.989705426975958,-0.0493201278088731,3.61995125455177e-05,0.134352861885589,0.935410364062908,-0.215872777780715,0.176670010327568,0.217242035683229,0.931483594466973,-0.162038578222303,0.256502546011632,0.200719347089744,0.965133649615774,-0.0919536803403372,-0.0444103732352914,0.241017173247687,0.984113089447357,-0.0319869492250495,0.0191031442217385,0.173589550775662,0.975638285179801,-0.0346106289725486,0.0699367636828811,0.20503875228626,0.985294246480526,-0.0294745026292075,-0.0156473525782847,0.167575839262189,0.985281631679046,-0.0293426602547736,-0.0164224866025125,0.167598975232068
1366,2136,0.983857544224865,-0.0477073293712772,0.131189991509056,0.111971110220144,0.983857544224865,-0.0477073293712772,0.131189991509056,0.111971110220144,0.989253511790874,-0.041955023230766,0.0810183350220956,0.114251016736732,0.989257689042044,-0.0419491306135293,0.0809673135995173,0.114253180439059,0.983857544224865,-0.0477073293712772,0.131189991509056,0.111971110220144,0.963498693766533,-0.0597157476057469,0.238446531345109,0.106054459064944,0.983857544224865,-0.0477073293712772,0.131189991509056,0.111971110220144,0.983857544224865,-0.0477073293712772,0.131189991509056,0.111971110220144,0.983851559653296,-0.0477071272423015,0.131209933238077,0.112000410703371,0.983851559653296,-0.0477071272423015,0.131209933238077,0.112000410703371,0.983856376539472,-0.0477073570741123,0.131193890009597,0.111976790665627,0.983857544224865,-0.0477073293712772,0.131189991509056,0.111971110220144,0.983851559653296,-0.0477071272423015,0.131209933238077,0.112000410703371,0.983851559653296,-0.0477071272423015,0.131209933238077,0.112000410703371,0.983856376539472,-0.0477073570741123,0.131193890009597,0.111976790665627,0.989725194931189,-0.047965367290398,-0.00425761090714813,0.134629992232339,0.934278157203276,-0.219422761997391,0.178980907908219,0.216665205085255,0.927441258683471,-0.168433532912884,0.263924121943758,0.204516294065585,0.963639444114529,-0.0972248298996688,-0.0346735086024648,0.24646318588953,0.983968415594226,-0.0326832319849103,0.0198374979141124,0.174196547429958,0.975612067449299,-0.034717618218862,0.07029144420807,0.205024129564442,0.985285172023238,-0.0294061977057943,-0.0155837606401573,0.167647104752629,0.985285172023238,-0.0294061977057943,-0.0155837606401573,0.167647104752629
1367,2137,0.983995021269412,-0.047577679541822,0.130734406877998,0.111349348380147,0.983995021269412,-0.047577679541822,0.130734406877998,0.111349348380147,0.989367657214893,-0.0418571404512644,0.0805563522128822,0.113623469268064,0.989371810638885,-0.0418512802002769,0.0805053249038029,0.113625627922866,0.983995021269412,-0.047577679541822,0.130734406877998,0.111349348380147,0.963685372859958,-0.0595185983194552,0.238008800594634,0.105450696675532,0.983995021269412,-0.047577679541822,0.130734406877998,0.111349348380147,0.983995021269412,-0.047577679541822,0.130734406877998,0.111349348380147,0.983987864250969,-0.0475841527042653,0.130758185332887,0.111381903317745,0.983987864250969,-0.0475841527042653,0.130758185332887,0.111381903317745,0.983993637943388,-0.047578976468209,0.130739002124519,0.111355623156893,0.983995021269412,-0.047577679541822,0.130734406877998,0.111349348380147,0.983987864250969,-0.0475841527042653,0.130758185332887,0.111381903317745,0.983987864250969,-0.0475841527042653,0.130758185332887,0.111381903317745,0.983993637943388,-0.047578976468209,0.130739002124519,0.111355623156893,0.989699002984794,-0.04662618085396,-0.00867251849394776,0.135080236055655,0.933120986504555,-0.222941466412482,0.181211841481856,0.216204985153841,0.923135103804153,-0.175015060060562,0.271363748571683,0.208693614750472,0.961933113886892,-0.103215918940508,-0.0223917020846562,0.252051126089306,0.983808512221986,-0.0333393805486643,0.0204870613894553,0.174898763002542,0.975563449541283,-0.0348218019957372,0.0706813037154949,0.205103757474016,0.985276909337569,-0.0293634242703767,-0.0155281010734763,0.167708316187304,0.985276909337569,-0.0293634242703767,-0.0155281010734763,0.167708316187304
1368,2138,0.984128139665711,-0.0474616205742066,0.130271082409355,0.110763912798678,0.984128139665711,-0.0474616205742066,0.130271082409355,0.110763912798678,0.989477056265292,-0.0417709847781394,0.0800868610857579,0.113032891835375,0.989481185474865,-0.041765154986635,0.0800358281349845,0.113035046047434,0.98412813966571,-0.0474616205742066,0.130271082409355,0.110763912798678,0.963868569681235,-0.0593389471411541,0.237562898144147,0.104881548225522,0.98412813966571,-0.0474616205742066,0.130271082409355,0.110763912798678,0.98412813966571,-0.0474616205742066,0.130271082409355,0.110763912798678,0.984121141177211,-0.0474677479184299,0.130295439581221,0.110794814048097,0.984121141177211,-0.0474677479184299,0.130295439581221,0.110794814048097,0.984126797575759,-0.0474627942744444,0.130275761994482,0.110769830232334,0.98412813966571,-0.0474616205742066,0.130271082409355,0.110763912798678,0.984121141177211,-0.0474677479184299,0.130295439581221,0.110794814048097,0.984121141177211,-0.0474677479184299,0.130295439581221,0.110794814048097,0.984126797575759,-0.0474627942744444,0.130275761994482,0.110769830232334,0.989634930509512,-0.0453175678102417,-0.0131999037619558,0.135627375200852,0.931951080970274,-0.226532648047998,0.183370105094946,0.215697813165012,0.918698441692294,-0.181450602708251,0.278794533637316,0.212937690470514,0.96003053060468,-0.109484974709205,-0.00863707478216117,0.257448677524335,0.983638051352144,-0.0338934217431123,0.0210499466409601,0.175682439763096,0.975496038647779,-0.0349318382382674,0.0710788760342871,0.2052682114734,0.985264737124338,-0.029322386292303,-0.0154795608993116,0.167791473668362,0.985264737124338,-0.029322386292303,-0.0154795608993116,0.167791473668362
1369,2139,0.984235798036859,-0.0474521422194914,0.129849623780125,0.110305318392581,0.984235798036859,-0.0474521422194914,0.129849623780125,0.110305318392581,0.989563155919975,-0.0417848255956877,0.0796604756374912,0.11257440835663,0.989567263138361,-0.0417790194507121,0.0796094382466461,0.112576563283147,0.984235798036859,-0.0474521422194914,0.129849623780125,0.110305318392581,0.964021862652925,-0.0592791619532238,0.237155812200076,0.10442676871871,0.984235798036859,-0.0474521422194914,0.129849623780125,0.110305318392581,0.984235798036859,-0.0474521422194914,0.129849623780125,0.110305318392581,0.984230075753315,-0.0474529230136112,0.129871915965011,0.110329794360661,0.984230075753315,-0.0474529230136112,0.129871915965011,0.110329794360661,0.98423471002656,-0.047452248836202,0.129853885425678,0.11030996373481,0.984235798036859,-0.0474521422194914,0.129849623780125,0.110305318392581,0.984230075753315,-0.0474529230136112,0.129871915965011,0.110329794360661,0.984230075753315,-0.0474529230136112,0.129871915965011,0.110329794360661,0.98423471002656,-0.047452248836202,0.129853885425678,0.11030996373481,0.989544058423338,-0.0440397332049885,-0.0179065589854221,0.136170530892717,0.930838620183013,-0.230126895602867,0.185356036600135,0.214998173926807,0.914066730045729,-0.187765123553253,0.286368023752796,0.21730077398035,0.957860804478137,-0.115648977597925,0.00522601655839391,0.262870085738149,0.983461912597162,-0.0343030088464036,0.0215387081885362,0.176527771481955,0.975420506130872,-0.0350389269809956,0.0714966511950829,0.205463716220902,0.985255360466354,-0.0293136950739999,-0.0154232598744003,0.167853224598974,0.985255360466354,-0.0293136950739999,-0.0154232598744003,0.167853224598974
1370,2140,0.984292615257369,-0.0476183697653544,0.129563117761289,0.110063331435467,0.984292615257369,-0.0476183697653544,0.129563117761289,0.110063331435467,0.989605338757749,-0.0419631367127875,0.0793714522758514,0.11234118222187,0.989609431069533,-0.0419573425963458,0.0793204127097868,0.112343346345195,0.984292615257369,-0.0476183697653544,0.129563117761289,0.110063331435467,0.964109801116766,-0.0594178083085395,0.236877279038758,0.104167989908576,0.984292615257369,-0.0476183697653544,0.129563117761289,0.110063331435467,0.984292615257369,-0.0476183697653544,0.129563117761289,0.110063331435467,0.984289492902346,-0.0476100976510166,0.129578558280153,0.110076655098803,0.984289492902346,-0.0476100976510166,0.129578558280153,0.110076655098803,0.984292037064131,-0.0476167085975752,0.1295660255511,0.110065797854596,0.984292615257369,-0.0476183697653544,0.129563117761289,0.110063331435467,0.984289492902346,-0.0476100976510166,0.129578558280153,0.110076655098803,0.984289492902346,-0.0476100976510166,0.129578558280153,0.110076655098803,0.984292037064131,-0.0476167085975752,0.1295660255511,0.110065797854596,0.989437700964194,-0.0427774476715237,-0.0228286041806445,0.13660886030036,0.929805709755487,-0.233614580467282,0.187060886780474,0.214228370054233,0.909278407423034,-0.193686294306868,0.294240619538379,0.22163225172699,0.95552612475738,-0.121198070315122,0.0182917822598441,0.268228006292768,0.983293138066027,-0.0345946652422898,0.0219620344890068,0.177356936177143,0.975348948557842,-0.0351747662258939,0.0719502631302003,0.205621798463979,0.985242906460602,-0.0293236306066693,-0.0153884319961834,0.167927770537844,0.985242906460602,-0.0293236306066693,-0.0153884319961834,0.167927770537844
1371,2141,0.984307533121929,-0.047941792622424,0.129425563311757,0.109951299769514,0.984307533121929,-0.047941792622424,0.129425563311757,0.109951299769514,0.989613246480196,-0.0422918353423161,0.0792333174243663,0.112245732498993,0.989617331667586,-0.0422860461483112,0.0791822774506401,0.112247913575264,0.984307533121929,-0.047941792622424,0.129425563311757,0.109951299769514,0.964139735373845,-0.0597269711941199,0.236742194955602,0.104021116667886,0.984307533121929,-0.047941792622424,0.129425563311757,0.109951299769514,0.984307533121929,-0.047941792622424,0.129425563311757,0.109951299769514,0.984306634605096,-0.0479252080436289,0.129433213519811,0.109957567926448,0.984306634605096,-0.0479252080436289,0.129433213519811,0.109957567926448,0.984307378837427,-0.0479385418150296,0.129426968023079,0.109952444825912,0.984307533121929,-0.047941792622424,0.129425563311757,0.109951299769514,0.984306634605096,-0.0479252080436289,0.129433213519811,0.109957567926448,0.984306634605096,-0.0479252080436289,0.129433213519811,0.109957567926448,0.984307378837427,-0.0479385418150296,0.129426968023079,0.109952444825912,0.989308898210373,-0.0413280015652161,-0.0280435763218281,0.137016269236484,0.928949642189515,-0.236745834021276,0.188534002559585,0.213210933651174,0.904488367743088,-0.198880716395536,0.30220756819666,0.225871288543062,0.953150607872169,-0.125870091072021,0.0305375239796853,0.273364406087599,0.983138728179332,-0.0348732215813604,0.022353598511219,0.178107877995505,0.975309832778217,-0.0354035675992341,0.0724617455556785,0.205588455216721,0.985234729153157,-0.0293706852741303,-0.0153070164002084,0.167974958151378,0.985234729153157,-0.0293706852741303,-0.0153070164002084,0.167974958151378
1372,2142,0.984279626148947,-0.0482386222343421,0.129332289289681,0.110180814210608,0.984279626148947,-0.0482386222343421,0.129332289289681,0.110180814210608,0.989580635150519,-0.0425766168592564,0.0791415822429372,0.112490035967636,0.989584715606658,-0.0425708150647818,0.0790905439512809,0.112492231731352,0.984279626148947,-0.0482386222343421,0.129332289289681,0.110180814210608,0.964122240828661,-0.060047211275412,0.236646420307474,0.104216644127635,0.984279626148947,-0.0482386222343421,0.129332289289681,0.110180814210608,0.984279626148947,-0.0482386222343421,0.129332289289681,0.110180814210608,0.984280980288267,-0.0482229517065334,0.129337335989659,0.110169652312129,0.984280980288267,-0.0482229517065334,0.129337335989659,0.110169652312129,0.984279904416094,-0.0482356214663523,0.129333236174307,0.110178530599567,0.984279626148947,-0.0482386222343421,0.129332289289681,0.110180814210608,0.984280980288267,-0.0482229517065334,0.129337335989659,0.110169652312129,0.984280980288267,-0.0482229517065334,0.129337335989659,0.110169652312129,0.984279904416094,-0.0482356214663523,0.129333236174307,0.110178530599567,0.989175861993629,-0.0399137162908699,-0.0330944870532443,0.137268948519668,0.928039377538988,-0.239913210034073,0.189626207891462,0.212665151515001,0.900485436808012,-0.202706111310718,0.308798107667844,0.229521108473119,0.951010664846822,-0.129813699957072,0.04253244114983,0.277341143902051,0.982999367644673,-0.0350235951236505,0.022665989457087,0.178806722235822,0.975269927630465,-0.0356134537993022,0.072953025736966,0.205567765478868,0.985227289969561,-0.0294033785570294,-0.0152093422242199,0.168021737694187,0.985227289969561,-0.0294033785570294,-0.0152093422242199,0.168021737694187
1373,2143,0.984222893071906,-0.0484729678186505,0.12928846823584,0.110635257152725,0.984222893071906,-0.0484729678186505,0.12928846823584,0.110635257152725,0.989521748293207,-0.0427875636634015,0.0791007011369576,0.112955801666616,0.989525826640958,-0.0427817378465145,0.079049665882479,0.112958008309414,0.984222893071906,-0.0484729678186505,0.12928846823584,0.110635257152725,0.96407066347535,-0.0603300475838282,0.236596633728805,0.104642601711399,0.984222893071906,-0.0484729678186505,0.12928846823584,0.110635257152725,0.984222893071906,-0.0484729678186505,0.12928846823584,0.110635257152725,0.984225804096179,-0.0484604673406206,0.129290912498947,0.110611977658607,0.984225804096179,-0.0484604673406206,0.129290912498947,0.110611977658607,0.984223464501698,-0.0484705944198497,0.129288916088159,0.110630690034954,0.984222893071906,-0.0484729678186505,0.12928846823584,0.110635257152725,0.984225804096179,-0.0484604673406206,0.129290912498947,0.110611977658607,0.984225804096179,-0.0484604673406206,0.129290912498947,0.110611977658607,0.984223464501698,-0.0484705944198497,0.129288916088159,0.110630690034954,0.989027145791648,-0.0383291737269488,-0.0379838730569534,0.13752601468896,0.927088406443067,-0.242968256908478,0.190504863865124,0.212559190856195,0.897190299561272,-0.205580691491305,0.314119730390696,0.2326261821859,0.949093496765044,-0.133103260567449,0.0533214126394868,0.280467259013854,0.982873007569774,-0.0350675547701919,0.0229314213644242,0.179457703951081,0.975239168022714,-0.0358333208628862,0.0734453282201603,0.205500175262542,0.985221701511651,-0.0294467338340596,-0.0151188463520667,0.168055077941658,0.985221701511651,-0.0294467338340596,-0.0151188463520667,0.168055077941658
1374,2144,0.984134420433161,-0.0486848226866263,0.129330758142067,0.111277965280895,0.984134420433161,-0.0486848226866263,0.129330758142067,0.111277965280895,0.989435539267197,-0.0429664807047605,0.0791474327944241,0.113608446221801,0.989439620025274,-0.0429606212271198,0.0790964019861631,0.113610662091479,0.984134420433161,-0.0486848226866263,0.129330758142067,0.111277965280895,0.963978081592414,-0.0606112050465061,0.236628951509163,0.105258155693014,0.984134420433161,-0.0486848226866263,0.129330758142067,0.111277965280895,0.984134420433161,-0.0486848226866263,0.129330758142067,0.111277965280895,0.984139001392425,-0.0486736055009281,0.129328767407261,0.111244667228496,0.984139001392425,-0.0486736055009281,0.129328767407261,0.111244667228496,0.984135313185615,-0.0486826805181481,0.129330340025289,0.111271492789312,0.984134420433161,-0.0486848226866263,0.129330758142067,0.111277965280895,0.984139001392425,-0.0486736055009281,0.129328767407261,0.111244667228496,0.984139001392425,-0.0486736055009281,0.129328767407261,0.111244667228496,0.984135313185615,-0.0486826805181481,0.129330340025289,0.111271492789312,0.988844197470552,-0.0365062985547622,-0.0426962644942897,0.137954602289608,0.926068149594238,-0.245888129169325,0.191244105946221,0.212984746358851,0.894366109658446,-0.208026624807591,0.3179558955195,0.236089461369991,0.947103976115088,-0.136084753407621,0.0630931694256967,0.283715086466683,0.982765578811981,-0.0350417086998146,0.0231760496088025,0.180018794791768,0.975206793603295,-0.0360298534751333,0.0739336370476647,0.205444339618896,0.98521905390549,-0.0294839541220765,-0.0150233329429978,0.168072638279357,0.98521905390549,-0.0294839541220765,-0.0150233329429978,0.168072638279357
1375,2145,0.984016627880172,-0.0488484381488056,0.129442072872672,0.112115368777811,0.984016627880171,-0.0488484381488056,0.129442072872672,0.112115368777811,0.989323556232566,-0.0430873257707939,0.0792645901874656,0.114453082892876,0.989327643033252,-0.0430814227303738,0.0792135651546377,0.114455304994085,0.984016627880171,-0.0488484381488056,0.129442072872672,0.112115368777811,0.963848776640198,-0.0608657969046793,0.236726656596655,0.106072525155765,0.984016627880171,-0.0488484381488056,0.129442072872672,0.112115368777811,0.984016627880171,-0.0488484381488056,0.129442072872672,0.112115368777811,0.984022765638569,-0.0488396974624893,0.12943641010876,0.112071835868566,0.984022765638569,-0.0488396974624893,0.12943641010876,0.112071835868566,0.984017818465315,-0.0488467807575478,0.129440956034972,0.112106930442052,0.984016627880171,-0.0488484381488056,0.129442072872672,0.112115368777811,0.984022765638569,-0.0488396974624893,0.12943641010876,0.112071835868566,0.984022765638569,-0.0488396974624893,0.12943641010876,0.112071835868566,0.984017818465315,-0.0488467807575478,0.129440956034972,0.112106930442052,0.988614127948393,-0.0344090131874224,-0.0472206146933956,0.138666287829033,0.924954833898538,-0.24854555719337,0.191930544163967,0.214117555244985,0.89246865632104,-0.208631015656466,0.32068304621452,0.239029664814317,0.945631374976572,-0.137477021060901,0.0715487337751302,0.285940815616298,0.982672984539748,-0.0350189105876799,0.0234047903207232,0.180498468544859,0.975169637165991,-0.0362347135363754,0.0743972305051576,0.205417322486805,0.985212621964581,-0.0295017418458826,-0.0149248679397753,0.168115986945668,0.985212621964581,-0.0295017418458826,-0.0149248679397753,0.168115986945668
1376,2146,0.98387049696996,-0.0489805352649284,0.129645892231032,0.113100375706115,0.98387049696996,-0.0489805352649284,0.129645892231032,0.113100375706115,0.98918797278065,-0.0431691916435577,0.0794755728913258,0.115443530405758,0.98919207046307,-0.0431632375201327,0.0794245548510113,0.115445756727928,0.98387049696996,-0.0489805352649284,0.129645892231032,0.113100375706115,0.963681145618432,-0.0611052713022862,0.236913194566793,0.107037066658132,0.98387049696996,-0.0489805352649284,0.129645892231032,0.113100375706115,0.98387049696996,-0.0489805352649284,0.129645892231032,0.113100375706115,0.983878137155253,-0.0489734947051959,0.129635421647862,0.113048951779531,0.983878137155253,-0.0489734947051959,0.129635421647862,0.113048951779531,0.98387197538907,-0.0489791979786845,0.12964384355443,0.113090441849917,0.98387049696996,-0.0489805352649284,0.129645892231032,0.113100375706115,0.983878137155253,-0.0489734947051959,0.129635421647862,0.113048951779531,0.983878137155253,-0.0489734947051959,0.129635421647862,0.113048951779531,0.98387197538907,-0.0489791979786845,0.12964384355443,0.113090441849917,0.988324336742408,-0.0320719298159226,-0.0516103497339896,0.139723901036643,0.923767483028716,-0.250733793563216,0.192540913585276,0.216134677134274,0.89136846424957,-0.20803389514885,0.321433625405611,0.242620246206219,0.94425064656706,-0.137926675066647,0.0790444878389475,0.288303516636596,0.982574777349888,-0.0350108428761769,0.0236649235398787,0.181000053013171,0.975125645390645,-0.0363757591832406,0.0747978698823622,0.205455733690696,0.985206207904419,-0.0294935751622901,-0.0148456329615219,0.168162017449585,0.985206207904419,-0.0294935751622901,-0.0148456329615219,0.168162017449585
1377,2147,0.983707191086102,-0.0490711305854311,0.129887579773515,0.114198962206918,0.983707191086102,-0.0490711305854311,0.129887579773515,0.114198962206918,0.98903716110684,-0.0432038369533436,0.0797252477177238,0.116545301486497,0.989041271666583,-0.0431978260053997,0.0796742374552754,0.116547529594054,0.983707191086102,-0.0490711305854311,0.129887579773515,0.114198962206918,0.96349228471781,-0.061315968579192,0.237135485457543,0.108119058557061,0.983707191086102,-0.0490711305854311,0.129887579773515,0.114198962206918,0.983707191086102,-0.0490711305854311,0.129887579773515,0.114198962206918,0.983715771680733,-0.0490662504508548,0.129874976259707,0.114141465536479,0.983715771680733,-0.0490662504508548,0.129874976259707,0.114141465536479,0.98370884537569,-0.049070211580722,0.129885143261935,0.114187877749244,0.983707191086102,-0.0490711305854311,0.129887579773515,0.114198962206918,0.983715771680733,-0.0490662504508548,0.129874976259707,0.114141465536479,0.983715771680733,-0.0490662504508548,0.129874976259707,0.114141465536479,0.98370884537569,-0.049070211580722,0.129885143261935,0.114187877749244,0.987974644777625,-0.0295511789740089,-0.0558986183900591,0.141096327237299,0.922654743396793,-0.2521547836938,0.192900983904744,0.218895865553265,0.890571594208159,-0.211279111039543,0.316710773807603,0.248872775895774,0.941095812830489,-0.143627777629238,0.0881030631090276,0.293168181829157,0.982452477179735,-0.0350251789880647,0.0240190477450318,0.181613469394972,0.975081659839337,-0.0364633408043008,0.0751419857164833,0.205523388948648,0.985201723334611,-0.0294768444350962,-0.0147749613314786,0.168197444981536,0.985201723334611,-0.0294768444350962,-0.0147749613314786,0.168197444981536
1378,2148,0.983533827009968,-0.0490524898309507,0.130173499936205,0.115368645146201,0.983533827009968,-0.0490524898309507,0.130173499936205,0.115368645146201,0.988878552252176,-0.0431257740536793,0.0800196091852227,0.11771252547523,0.98888267799399,-0.0431197029055955,0.0799686071027251,0.117714749555095,0.983533827009968,-0.0490524898309507,0.130173499936205,0.115368645146201,0.963288568710706,-0.0614258985482278,0.237400636793153,0.109283713466502,0.983533827009968,-0.0490524898309507,0.130173499936205,0.115368645146201,0.983533827009968,-0.0490524898309507,0.130173499936205,0.115368645146201,0.983542962283177,-0.0490531797591892,0.130158578782672,0.115307290610874,0.983542962283177,-0.0490531797591892,0.130158578782672,0.115307290610874,0.983535584537247,-0.0490526674147247,0.130170617340628,0.11535683833062,0.983533827009968,-0.0490524898309507,0.130173499936205,0.115368645146201,0.983542962283177,-0.0490531797591892,0.130158578782672,0.115307290610874,0.983542962283177,-0.0490531797591892,0.130158578782672,0.115307290610874,0.983535584537247,-0.0490526674147247,0.130170617340628,0.11535683833062,0.987562093605113,-0.0269636754328465,-0.060087047186405,0.142771209429131,0.921762266687313,-0.252586323790998,0.192851530770221,0.222177316179664,0.892816462251167,-0.212819702876832,0.308395909842964,0.249956999487626,0.939318793343018,-0.151104360970607,0.0995463557704473,0.291441588695068,0.982290111062616,-0.0351039852694169,0.0245051911270654,0.182409823021198,0.975030826642113,-0.0364633093024648,0.0754336506259802,0.205657673150185,0.985193446259919,-0.0294852877427908,-0.0147783637080026,0.168244141708838,0.985193446259919,-0.0294852877427908,-0.0147783637080026,0.168244141708838
1379,2149,0.983358118254477,-0.0490228586934373,0.130463666118047,0.116545280520388,0.983358118254477,-0.0490228586934373,0.130463666118047,0.116545280520388,0.988717817541575,-0.0430363816335841,0.0803183303472611,0.118886134355278,0.988721958690318,-0.043030249956071,0.0802673365543507,0.118888353823117,0.983358118254477,-0.0490228586934373,0.130463666118047,0.116545280520388,0.963082055896685,-0.0615256681497141,0.237669750964995,0.110456485752462,0.983358118254477,-0.0490228586934373,0.130463666118047,0.116545280520388,0.983358118254477,-0.0490228586934373,0.130463666118047,0.116545280520388,0.983367399245678,-0.049024376680783,0.130448416893027,0.116483385604791,0.983367399245678,-0.049024376680783,0.130448416893027,0.116483385604791,0.983359900368412,-0.0490231571521599,0.130460736618016,0.116533396978493,0.983358118254477,-0.0490228586934373,0.130463666118047,0.116545280520388,0.983367399245678,-0.049024376680783,0.130448416893027,0.116483385604791,0.983367399245678,-0.049024376680783,0.130448416893027,0.116483385604791,0.983359900368412,-0.0490231571521599,0.130460736618016,0.116533396978493,0.987081500498304,-0.0245414653228805,-0.0641897268445529,0.144732535462643,0.921223706214387,-0.252063479548618,0.192269967703967,0.225484245360043,0.899667034452932,-0.206917090356708,0.299279595842647,0.241280476519014,0.941596137155351,-0.153860988503291,0.111201456209858,0.27813260658851,0.982085396874985,-0.0352860417122606,0.0250926199938177,0.183394462640045,0.974973009981048,-0.0363911770523673,0.0756752567542075,0.205855695953315,0.985185166887796,-0.0294937309817268,-0.014781766050064,0.168290838043803,0.985185166887796,-0.0294937309817268,-0.014781766050064,0.168290838043803
1380,2150,0.983178959976408,-0.0489490971305065,0.13080129881997,0.117703605623726,0.983178959976408,-0.0489490971305065,0.13080129881997,0.117703605623726,0.98855605013438,-0.042903846391896,0.0806646320018597,0.120039213807397,0.988560209144043,-0.0428976552438279,0.0806136465517351,0.120041426438122,0.983178959976408,-0.0489490971305065,0.13080129881997,0.117703605623726,0.962866901514917,-0.0615795633761712,0.237985665703516,0.111615905054421,0.983178959976408,-0.0489490971305065,0.13080129881997,0.117703605623726,0.983178959976408,-0.0489490971305065,0.13080129881997,0.117703605623726,0.983188420579121,-0.048952863032642,0.130783659858958,0.117642599231475,0.983188420579121,-0.048952863032642,0.130783659858958,0.117642599231475,0.983180776795725,-0.0489498381000753,0.130797894183563,0.117691904421999,0.983178959976408,-0.0489490971305065,0.13080129881997,0.117703605623726,0.983188420579121,-0.048952863032642,0.130783659858958,0.117642599231475,0.983188420579121,-0.048952863032642,0.130783659858958,0.117642599231475,0.983180776795725,-0.0489498381000753,0.130797894183563,0.117691904421999,0.986532855205893,-0.0223747678452456,-0.0682541248318262,0.14694784723371,0.921145869601376,-0.250664761597592,0.190940123808657,0.228471734202466,0.905238798036141,-0.205418327435086,0.288141941880296,0.23520257356863,0.942506287578603,-0.159306226181417,0.119016629154348,0.268586049822716,0.981830511542836,-0.0355624327994095,0.0257335035332851,0.184612964801563,0.974910105831979,-0.0362538003152255,0.0758485978148571,0.206113895016575,0.985172178315484,-0.0295296908853281,-0.0148435101612317,0.168355120609491,0.985172178315484,-0.0295296908853281,-0.0148435101612317,0.168355120609491
1381,2151,0.983008036065474,-0.0488825697393373,0.131127550473046,0.118790828405718,0.983008036065474,-0.0488825697393373,0.131127550473046,0.118790828405718,0.98840192803947,-0.0427821495724057,0.0809991488240443,0.121121650482489,0.988406104302235,-0.0427759025972097,0.0809481713224098,0.121123856835192,0.983008036065474,-0.0488825697393373,0.131127550473046,0.118790828405718,0.962661181591764,-0.0616328403532226,0.238291172557255,0.112703857643082,0.983008036065474,-0.0488825697393373,0.131127550473046,0.118790828405718,0.983008036065474,-0.0488825697393373,0.131127550473046,0.118790828405718,0.983017089710015,-0.0488860861163191,0.131110360529108,0.118733421091988,0.983017089710015,-0.0488860861163191,0.131110360529108,0.118733421091988,0.983009770045386,-0.0488832427499165,0.131124254786105,0.118779839957622,0.983008036065474,-0.0488825697393373,0.131127550473046,0.118790828405718,0.983017089710015,-0.0488860861163191,0.131110360529108,0.118733421091988,0.983017089710015,-0.0488860861163191,0.131110360529108,0.118733421091988,0.983009770045386,-0.0488832427499165,0.131124254786105,0.118779839957622,0.985935738603856,-0.0205123239654582,-0.072282782659048,0.149282159819153,0.92163035674266,-0.248504631096898,0.18856645471056,0.23083679518587,0.91011698523084,-0.20676916143912,0.27470860206197,0.231233152954433,0.94220770649822,-0.167393266705421,0.126579542849069,0.261154650368652,0.981532704754198,-0.0359931947503046,0.0264073811262657,0.186012606163205,0.974850890148047,-0.0360497141645147,0.0759786623249055,0.206381692399146,0.985157757424403,-0.0295940683800169,-0.0149861478994727,0.168415555915647,0.985157757424403,-0.0295940683800169,-0.0149861478994727,0.168415555915647
1382,2152,0.982851957815835,-0.048792441449067,0.131421284905164,0.119790536140775,0.982851957815835,-0.048792441449067,0.131421284905164,0.119790536140775,0.988260979813704,-0.0426413300884657,0.0813004359533328,0.122115485749112,0.988265171615712,-0.0426350318558356,0.0812494657207829,0.122117684837647,0.982851957815835,-0.048792441449067,0.131421284905164,0.119790536140775,0.96247378866645,-0.0616530480329915,0.238565989274657,0.113707416467426,0.982851957815835,-0.048792441449067,0.131421284905164,0.119790536140775,0.982851957815835,-0.048792441449067,0.131421284905164,0.119790536140775,0.982860243595448,-0.0487971251321652,0.131405742585337,0.119737683934213,0.982860243595448,-0.0487971251321652,0.131405742585337,0.119737683934213,0.982853541498694,-0.0487933497382806,0.131418315346893,0.119780429854706,0.982851957815835,-0.048792441449067,0.131421284905164,0.119790536140775,0.982860243595448,-0.0487971251321652,0.131405742585337,0.119737683934213,0.982860243595448,-0.0487971251321652,0.131405742585337,0.119737683934213,0.982853541498694,-0.0487933497382806,0.131418315346893,0.119780429854706,0.985322925442111,-0.0188994752676304,-0.0762814914182063,0.151534406983443,0.922673918892392,-0.245719971631852,0.185006986579504,0.232523009299657,0.91661336313424,-0.203893452809658,0.260970803090198,0.223923295705362,0.943668012183857,-0.1713978347215,0.133328542791007,0.249673716500109,0.98119559578106,-0.0365345178952365,0.0270882627079683,0.187581070061658,0.974784457631883,-0.0358096828271893,0.0760811561413783,0.206699263315871,0.985144084012129,-0.0296859001573539,-0.0151481601372308,0.168464875603816,0.985144084012129,-0.0296859001573539,-0.0151481601372308,0.168464875603816
1383,2153,0.982710234322049,-0.0487308819961456,0.131667647894094,0.120704295684194,0.982710234322049,-0.0487308819961456,0.131667647894094,0.120704295684194,0.98813196025703,-0.042533410626078,0.0815536833126504,0.123024935835192,0.988136165120586,-0.0425270654881839,0.081502719734021,0.12302712935651,0.982710234322049,-0.0487308819961456,0.131667647894094,0.120704295684194,0.96230586613665,-0.0616922126627269,0.23879529757148,0.114622409473526,0.982710234322049,-0.0487308819961456,0.131667647894094,0.120704295684194,0.982710234322049,-0.0487308819961456,0.131667647894094,0.120704295684194,0.98271775882244,-0.0487341953453889,0.131654555846783,0.120655968040644,0.98271775882244,-0.0487341953453889,0.131654555846783,0.120655968040644,0.982711671967244,-0.048731506900442,0.131665155180969,0.120695057586169,0.982710234322049,-0.0487308819961456,0.131667647894094,0.120704295684194,0.98271775882244,-0.0487341953453889,0.131654555846783,0.120655968040644,0.98271775882244,-0.0487341953453889,0.131654555846783,0.120655968040644,0.982711671967244,-0.048731506900442,0.131665155180969,0.120695057586169,0.984722922620967,-0.0174006042838824,-0.0801939900435176,0.153580300156882,0.924247214506039,-0.24233442186866,0.18032384570658,0.233504657608794,0.923743263847811,-0.198030991134583,0.247202574774814,0.215343901865718,0.946289606258085,-0.171530825309658,0.13764705433616,0.23699461067519,0.980838318986135,-0.0371865918594051,0.0277970910220412,0.189210652778976,0.974720283193583,-0.0355449936293977,0.0761185597475344,0.207033542743365,0.985134228745578,-0.029786539813789,-0.0153080541571575,0.168490287190986,0.985134228745578,-0.029786539813789,-0.0153080541571575,0.168490287190986
1384,2154,0.982594390468941,-0.0486638881538849,0.131831398176306,0.121493095538788,0.982594390468941,-0.0486638881538849,0.131831398176306,0.121493095538788,0.988024588310849,-0.0424264145634975,0.0817231094570341,0.123809311528403,0.988028801912798,-0.0424200289711214,0.0816721514159487,0.123811499530295,0.982594390468941,-0.0486638881538849,0.131831398176306,0.121493095538788,0.962172739472789,-0.0617122523397957,0.238945335048787,0.115413795470907,0.982594390468941,-0.0486638881538849,0.131831398176306,0.121493095538788,0.982594390468941,-0.0486638881538849,0.131831398176306,0.121493095538788,0.982600576441625,-0.0486674043832895,0.131822558413917,0.121451241329144,0.982600576441625,-0.0486674043832895,0.131822558413917,0.121451241329144,0.982595566605228,-0.0486645645059115,0.131829736191754,0.121485115569001,0.982594390468941,-0.0486638881538849,0.131831398176306,0.121493095538788,0.982600576441625,-0.0486674043832895,0.131822558413917,0.121451241329144,0.982600576441625,-0.0486674043832895,0.131822558413917,0.121451241329144,0.982595566605228,-0.0486645645059115,0.131829736191754,0.121485115569001,0.98416558989164,-0.0158940432605381,-0.0839321933733184,0.155308911455901,0.926317241127717,-0.238242958917396,0.174565458622285,0.233887926092415,0.930083288589015,-0.192210455472574,0.233226667694862,0.208819392227878,0.948817533944397,-0.170244527375847,0.138545622508542,0.227084122434769,0.980478505028579,-0.0378575960600364,0.0285103076201032,0.190829415858471,0.974666236522908,-0.0352347587444157,0.0761420057647847,0.207332183021858,0.985119970369392,-0.0299283867399675,-0.0155359458122044,0.168527653618846,0.985119970369392,-0.0299283867399675,-0.0155359458122044,0.168527653618846
1385,2155,0.982503286692071,-0.048568630719356,0.1318993036593,0.122192280621633,0.982503286692072,-0.048568630719356,0.1318993036593,0.122192280621633,0.987937053395096,-0.0422957458822018,0.0817955573093464,0.124502751831987,0.987941270733701,-0.0422893245254197,0.081744603782828,0.124504933093644,0.982503286692071,-0.048568630719356,0.1318993036593,0.122192280621633,0.962074729190187,-0.0616943576323846,0.239002824502471,0.116119212750503,0.982503286692071,-0.048568630719356,0.1318993036593,0.122192280621633,0.982503286692071,-0.048568630719356,0.1318993036593,0.122192280621633,0.982508164579838,-0.0485735700654252,0.131895468195567,0.122155230319985,0.982508164579838,-0.0485735700654252,0.131895468195567,0.122155230319985,0.982504212033091,-0.0485695901829557,0.131898608325797,0.122185209286611,0.982503286692071,-0.048568630719356,0.1318993036593,0.122192280621633,0.982508164579838,-0.0485735700654252,0.131895468195567,0.122155230319985,0.982508164579838,-0.0485735700654252,0.131895468195567,0.122155230319985,0.982504212033091,-0.0485695901829557,0.131898608325797,0.122185209286611,0.983657476768476,-0.0143337297307514,-0.0874252946622364,0.156746069943404,0.928789615208272,-0.233360070721298,0.167827046183087,0.233938048730172,0.935162222520602,-0.187547540657942,0.219152400505317,0.205596116004764,0.950891375161934,-0.168610538377753,0.135505533907507,0.221391800369957,0.980139776331357,-0.0384908517752766,0.0292370757025858,0.192326978313215,0.974623798830925,-0.0349045508668735,0.0761212353737541,0.207594991766017,0.98510957012202,-0.0300684423143887,-0.0157566697699226,0.16854302414683,0.98510957012202,-0.0300684423143887,-0.0157566697699226,0.16854302414683
1386,2156,0.982432507671346,-0.048432803961996,0.131901710295898,0.122811115913775,0.982432507671346,-0.048432803961996,0.131901710295898,0.122811115913775,0.987866488153385,-0.0421286438846299,0.0818015580040489,0.125113884345623,0.987870705801573,-0.0421221910085617,0.0817506081169651,0.125116056988087,0.982432507671346,-0.048432803961996,0.131901710295898,0.122811115913775,0.962004113995817,-0.0616273147522423,0.238997443424644,0.116749221702057,0.982432507671346,-0.048432803961996,0.131901710295898,0.122811115913775,0.982432507671346,-0.048432803961996,0.131901710295898,0.122811115913775,0.982436301151294,-0.0484398427919565,0.131901399618614,0.122778322960957,0.982436301151294,-0.0484398427919565,0.131901399618614,0.122778322960957,0.982433226736194,-0.0484341719239422,0.13190167954756,0.122804857099732,0.982432507671346,-0.048432803961996,0.131901710295898,0.122811115913775,0.982436301151294,-0.0484398427919565,0.131901399618614,0.122778322960957,0.982436301151294,-0.0484398427919565,0.131901399618614,0.122778322960957,0.982433226736194,-0.0484341719239422,0.13190167954756,0.122804857099732,0.98319652058956,-0.0127066885762597,-0.0906033187321468,0.157968922895391,0.931502176546536,-0.227654107847029,0.160239868633856,0.234095037900518,0.93957287069105,-0.182348762849136,0.2054090524763,0.204349872790659,0.953154765035146,-0.165144370791762,0.128398022058862,0.218488623543565,0.979844545557731,-0.039057882595708,0.0300005385122636,0.193595237639972,0.974592010992631,-0.0345609962088717,0.0760983951925111,0.207809970645093,0.985098976982636,-0.0302123242354263,-0.0160002500134713,0.168556260671524,0.985098976982636,-0.0302123242354263,-0.0160002500134713,0.168556260671524
1387,2157,0.982369663034474,-0.0483178959767256,0.131901316979804,0.123358293831058,0.982369663034474,-0.0483178959767256,0.131901316979805,0.123358293831058,0.987803704741278,-0.041986075434203,0.0818043591190536,0.125654515231888,0.987807922534019,-0.0419795946749777,0.0817534124700564,0.125656680520583,0.982369663034474,-0.0483178959767256,0.131901316979804,0.123358293831058,0.961941692690488,-0.0615731944896369,0.238990150707579,0.117305709361772,0.982369663034474,-0.0483178959767256,0.131901316979804,0.123358293831058,0.982369663034474,-0.0483178959767256,0.131901316979804,0.123358293831058,0.982373003238933,-0.0483239937260059,0.131901322225962,0.123329296327889,0.982373003238933,-0.0483239937260059,0.131901322225962,0.123329296327889,0.982370300246334,-0.0483190588137176,0.131901320816929,0.123352759661198,0.982369663034474,-0.0483178959767256,0.131901316979804,0.123358293831058,0.982373003238933,-0.0483239937260059,0.131901322225962,0.123329296327889,0.982373003238933,-0.0483239937260059,0.131901322225962,0.123329296327889,0.982370300246334,-0.0483190588137176,0.131901320816929,0.123352759661198,0.982770877046259,-0.0110289641367136,-0.0934351970688648,0.159090003232449,0.934278895234564,-0.221093148565966,0.151970523983115,0.234831270099977,0.943515152298072,-0.176012625523795,0.192196498002476,0.204595257021643,0.955745874376171,-0.159306851161275,0.117090392745934,0.217855435352463,0.979610731121075,-0.0395566814835912,0.0308037239333972,0.194548747141363,0.974569023915827,-0.0342007428365701,0.0760621531730047,0.207990566295363,0.985086547278356,-0.030317643989908,-0.0162444188462414,0.168586635563021,0.985086547278356,-0.030317643989908,-0.0162444188462414,0.168586635563021
1388,2158,0.982303684624801,-0.0482442702232002,0.131946587682654,0.123863067788885,0.982303684624801,-0.0482442702232002,0.131946587682654,0.123863067788885,0.98774011236666,-0.0418868909426012,0.0818529245076535,0.126154895024353,0.987744332664273,-0.0418803843761342,0.0818019811384048,0.126157055196886,0.982303684624801,-0.0482442702232002,0.131946587682654,0.123863067788885,0.961871141613171,-0.0615554498239712,0.239027901635631,0.117815515822032,0.982303684624801,-0.0482442702232002,0.131946587682654,0.123863067788885,0.982303684624801,-0.0482442702232002,0.131946587682654,0.123863067788885,0.982307157510777,-0.0482482567401265,0.131944325343941,0.123836380091511,0.982307157510777,-0.0482482567401265,0.131944325343941,0.123836380091511,0.982304352106025,-0.0482450181742135,0.131946135191952,0.123857964874448,0.982303684624801,-0.0482442702232002,0.131946587682654,0.123863067788885,0.982307157510777,-0.0482482567401265,0.131944325343941,0.123836380091511,0.982307157510777,-0.0482482567401265,0.131944325343941,0.123836380091511,0.982304352106025,-0.0482450181742135,0.131946135191952,0.123857964874448,0.982369140068344,-0.00931707277833438,-0.0958746785097584,0.160225187835359,0.936922274238596,-0.213688066029985,0.143144057159408,0.236693560055793,0.946742930275967,-0.169422428142275,0.179415298945937,0.20684297261206,0.958162703453608,-0.152115671870013,0.102158011109534,0.219883598406411,0.979446213229734,-0.0400032883150553,0.0316167461522564,0.195154384210711,0.974568219574156,-0.0338446527054256,0.0760065012575162,0.208072911850389,0.985082362294007,-0.0303646350953104,-0.0164377233598686,0.168583895089465,0.985082362294007,-0.0303646350953104,-0.0164377233598686,0.168583895089465
1389,2159,0.982241441580532,-0.0481507619293455,0.132024073548635,0.124309688162451,0.982241441580532,-0.0481507619293455,0.132024073548635,0.124309688162451,0.987681887786009,-0.0417708051165641,0.0819334735870689,0.12659618590359,0.987686112238064,-0.0417642757904224,0.0818825332206791,0.126598340088344,0.982241441580532,-0.0481507619293455,0.132024073548635,0.124309688162451,0.961800765344135,-0.0615115562889671,0.239098083091467,0.118269704017266,0.982241441580532,-0.0481507619293455,0.132024073548635,0.124309688162451,0.982241441580532,-0.0481507619293455,0.132024073548635,0.124309688162451,0.982244733074029,-0.0481556369493496,0.132020086903958,0.124286023478921,0.982244733074029,-0.0481556369493496,0.132020086903958,0.124286023478921,0.982242071769914,-0.0481517045449733,0.132023294310754,0.124305171066605,0.982241441580532,-0.0481507619293455,0.132024073548635,0.124309688162451,0.982244733074029,-0.0481556369493496,0.132020086903958,0.124286023478921,0.982244733074029,-0.0481556369493496,0.132020086903958,0.124286023478921,0.982242071769914,-0.0481517045449733,0.132023294310754,0.124305171066605,0.981980678536439,-0.00758590188229804,-0.0979261857781358,0.16145235585984,0.939289477797806,-0.205426393341063,0.133813559513838,0.240060836263318,0.949453395598192,-0.162296267780609,0.166939943401265,0.210545069637671,0.960248667838019,-0.143703925544314,0.0851656681478114,0.223648131374713,0.979347133007442,-0.0404284153760054,0.0324071501482211,0.195434165179886,0.974573446245943,-0.033507439066826,0.0759539178560036,0.208122203913503,0.985077632776156,-0.0303611064140914,-0.0165901630229478,0.16859723340646,0.985077632776156,-0.0303611064140914,-0.0165901630229478,0.16859723340646
1390,2160,0.982188275336418,-0.0480714868420745,0.132096209154592,0.124683260590391,0.982188275336418,-0.0480714868420745,0.132096209154592,0.124683260590391,0.987632456361873,-0.0416726465842282,0.0820082180147406,0.126965246604435,0.987636684668981,-0.0416660982237007,0.0819572801977053,0.126967395726115,0.982188275336418,-0.0480714868420745,0.132096209154592,0.124683260590391,0.961739998552301,-0.0614737875293233,0.239163943490572,0.118649722989389,0.982188275336418,-0.0480714868420745,0.132096209154592,0.124683260590391,0.982188275336418,-0.0480714868420745,0.132096209154592,0.124683260590391,0.982191102279022,-0.0480756945460561,0.132092403587401,0.124663399249084,0.982191102279022,-0.0480756945460561,0.132092403587401,0.124663399249084,0.982188814066978,-0.0480722890566254,0.132095480109183,0.12467947979232,0.982188275336418,-0.0480714868420745,0.132096209154592,0.124683260590391,0.982191102279022,-0.0480756945460561,0.132092403587401,0.124663399249084,0.982191102279022,-0.0480756945460561,0.132092403587401,0.124663399249084,0.982188814066978,-0.0480722890566254,0.132095480109183,0.12467947979232,0.981600539781127,-0.00582761040912042,-0.0995758393704264,0.16282220816582,0.941273193728841,-0.196364413649565,0.124042473306204,0.245069901529443,0.95186022939461,-0.154183402328895,0.154458219020079,0.215249252542894,0.961946995096329,-0.134022338020512,0.0674775247853351,0.22834792573068,0.979315527399665,-0.0408180020927459,0.0331774229719135,0.195382310110243,0.974598331119402,-0.0331608309982598,0.0759360418939056,0.208067704866154,0.985077190568765,-0.0303116050046441,-0.0167039230965975,0.16859749160761,0.985077190568765,-0.0303116050046441,-0.0167039230965975,0.16859749160761
1391,2161,0.982154816550993,-0.0480111728571533,0.132185556158441,0.124875227125515,0.982154816550993,-0.0480111728571533,0.132185556158441,0.124875227125515,0.987603581655107,-0.0416026543199493,0.082099150015313,0.127153899752635,0.987607814652122,-0.041596096229621,0.0820482136873862,0.127156045264173,0.982154816550993,-0.0480111728571533,0.132185556158441,0.124875227125515,0.961696929806543,-0.0614349206943388,0.239249075508978,0.118847152208409,0.982154816550993,-0.0480111728571533,0.132185556158441,0.124875227125515,0.982154816550993,-0.0480111728571533,0.132185556158441,0.124875227125515,0.982156632214314,-0.0480143990089378,0.132180898715157,0.124864635906654,0.982156632214314,-0.0480143990089378,0.132180898715157,0.124864635906654,0.982155156775665,-0.0480117840313501,0.132184655431522,0.12487326968389,0.982154816550993,-0.0480111728571533,0.132185556158441,0.124875227125515,0.982156632214314,-0.0480143990089378,0.132180898715157,0.124864635906654,0.982156632214314,-0.0480143990089378,0.132180898715157,0.124864635906654,0.982155156775665,-0.0480117840313501,0.132184655431522,0.12487326968389,0.98121882931374,-0.00388337171882893,-0.101014754264349,0.164288002742686,0.942980444502402,-0.18633112337969,0.114049179969266,0.251120246683642,0.953794549135364,-0.145426730613894,0.141812061217384,0.221396394179985,0.96300168733808,-0.123508373822891,0.0496231080351153,0.234330917568661,0.979362355350932,-0.0412220197300392,0.0339386335010997,0.194931503782558,0.974664860830183,-0.0328854891451619,0.0759791593604626,0.207783832406281,0.985082056681932,-0.0302438332670888,-0.0167559407280432,0.168576067705136,0.985082056681932,-0.0302438332670888,-0.0167559407280432,0.168576067705136
1392,2162,0.982121204644391,-0.0478577476474339,0.132214189118592,0.125167821638305,0.982121204644391,-0.0478577476474339,0.132214189118592,0.125167821638305,0.987571468384338,-0.0414345569910308,0.0821294542149066,0.127438318689949,0.987575702944353,-0.041427984231857,0.0820785195431998,0.127440455531393,0.982121204644391,-0.0478577476474339,0.132214189118592,0.125167821638305,0.96166037665797,-0.0613145571043979,0.239273843916311,0.119154826468152,0.982121204644391,-0.0478577476474339,0.132214189118592,0.125167821638305,0.982121204644391,-0.0478577476474339,0.132214189118592,0.125167821638305,0.982122978794551,-0.0478655803507225,0.132212524971507,0.125152662704657,0.982122978794551,-0.0478655803507225,0.132212524971507,0.125152662704657,0.982121544712692,-0.0478592880379559,0.132213893855351,0.125164876188416,0.982121204644391,-0.0478577476474339,0.132214189118592,0.125167821638305,0.982122978794551,-0.0478655803507225,0.132212524971507,0.125152662704657,0.982122978794551,-0.0478655803507225,0.132212524971507,0.125152662704657,0.982121544712692,-0.0478592880379559,0.132213893855351,0.125164876188416,0.980829658179262,-0.00204634931232248,-0.101982878710782,0.166037605801535,0.944154556671524,-0.175995735866019,0.103507715924757,0.258619076669562,0.955132215300225,-0.136587987405575,0.129169167324116,0.228870048728473,0.963299890580296,-0.112730360741839,0.0318675901114303,0.24151530650353,0.979422086360667,-0.0415598593385911,0.0346046919266955,0.19444194541645,0.974713753034913,-0.032591716197787,0.0760441892869374,0.207576879626729,0.985081750293916,-0.0300746175601329,-0.01676437214604,0.168607290598707,0.985081750293916,-0.0300746175601329,-0.01676437214604,0.168607290598707
1393,2163,0.982089930127066,-0.0476722286783673,0.132224067795592,0.125473198936822,0.982089930127066,-0.0476722286783673,0.132224067795592,0.125473198936822,0.98754073634231,-0.0412337577241238,0.0821409095754827,0.127733872808077,0.987544971493182,-0.0412271697218446,0.0820899764887833,0.127735999292792,0.982089930127066,-0.0476722286783673,0.132224067795592,0.125473198936822,0.961628206409912,-0.0611636977273142,0.239280228180798,0.119478730822367,0.982089930127066,-0.0476722286783673,0.132224067795592,0.125473198936822,0.982089930127066,-0.0476722286783673,0.132224067795592,0.125473198936822,0.982091585857505,-0.0476818964222552,0.132223491098271,0.12545717254607,0.982091585857505,-0.0476818964222552,0.132223491098271,0.12545717254607,0.982090246910529,-0.0476740993029542,0.132223966142031,0.125470115790731,0.982089930127066,-0.0476722286783673,0.132224067795592,0.125473198936822,0.982091585857505,-0.0476818964222552,0.132223491098271,0.12545717254607,0.982091585857505,-0.0476818964222552,0.132223491098271,0.12545717254607,0.982090246910529,-0.0476740993029542,0.132223966142031,0.125470115790731,0.98042021687143,-0.00030658439265989,-0.102661018929721,0.168038149085555,0.944892819397549,-0.165207596683286,0.0925476660874059,0.267056060314792,0.955813079111077,-0.127698579192441,0.116718321416735,0.237678909704024,0.962798238395146,-0.101819860993091,0.0148782020870372,0.249861776094723,0.979499443538982,-0.0418594606208173,0.0352089559222026,0.19387871230805,0.97476211135347,-0.0323307800552844,0.0761841214246961,0.207339158321553,0.985084891046559,-0.0298511884558697,-0.0167133555696225,0.168633708745212,0.985084891046559,-0.0298511884558697,-0.0167133555696225,0.168633708745212
1394,2164,0.982057449516766,-0.0474411759623773,0.132225222752829,0.125813318610931,0.982057449516766,-0.0474411759623773,0.132225222752829,0.125813318610931,0.987508356404517,-0.0409857178584426,0.0821437137866368,0.128061810264485,0.987512591700061,-0.0409791129429317,0.0820927823699475,0.128063923955965,0.982057449516766,-0.0474411759623773,0.132225222752829,0.125813318610931,0.961595795428504,-0.0609713955374643,0.239277809037182,0.119842168049493,0.982057449516766,-0.0474411759623773,0.132225222752829,0.125813318610931,0.982057449516766,-0.0474411759623773,0.132225222752829,0.125813318610931,0.982059160671037,-0.0474532121952636,0.132225136754061,0.125795511862782,0.982059160671037,-0.0474532121952636,0.132225136754061,0.125795511862782,0.982057778332275,-0.0474435052365044,0.13222521030003,0.125809886690444,0.982057449516766,-0.0474411759623773,0.132225222752829,0.125813318610931,0.982059160671037,-0.0474532121952636,0.132225136754061,0.125795511862782,0.982059160671037,-0.0474532121952636,0.132225136754061,0.125795511862782,0.982057778332275,-0.0474435052365044,0.13222521030003,0.125809886690444,0.979971214529774,0.00125883294678498,-0.103118536562744,0.17035668889072,0.945176699802965,-0.154013864043507,0.0812061137260327,0.276272153727946,0.955852647587692,-0.11870079460302,0.104556969938284,0.247636179702274,0.961554067874186,-0.0909436954848352,-0.000467351773806824,0.259119278303423,0.979586662055746,-0.0421120468256928,0.0357543874611047,0.193282619011422,0.974799035949993,-0.0321492551473912,0.0764099298993356,0.20711056833781,0.985087443654445,-0.0295858542518185,-0.0166150299560788,0.168675268969996,0.985087443654445,-0.0295858542518185,-0.0166150299560788,0.168675268969996
1395,2165,0.982020083640408,-0.0471834333925425,0.13222946548464,0.126196859698742,0.982020083640408,-0.0471834333925425,0.13222946548464,0.126196859698742,0.987471254442377,-0.0407088158445278,0.0821498500635685,0.128431756575501,0.987475490054452,-0.040702191849193,0.0820989205604259,0.12843385598511,0.982020083640408,-0.0471834333925425,0.13222946548464,0.126196859698742,0.961558189622826,-0.0607573336015562,0.239277922476651,0.120251695198703,0.982020083640408,-0.0471834333925425,0.13222946548464,0.126196859698742,0.982020083640408,-0.0471834333925425,0.13222946548464,0.126196859698742,0.982022042982395,-0.0471969225970045,0.132229249787385,0.126176793011713,0.982022042982395,-0.0471969225970045,0.132229249787385,0.126176793011713,0.982020461651046,-0.0471860341621852,0.132229423076021,0.126192990105212,0.982020083640408,-0.0471834333925425,0.13222946548464,0.126196859698742,0.982022042982395,-0.0471969225970045,0.132229249787385,0.126176793011713,0.982022042982395,-0.0471969225970045,0.132229249787385,0.126176793011713,0.982020461651046,-0.0471860341621852,0.132229423076021,0.126192990105212,0.979470494166189,0.00259517680206075,-0.103407485043157,0.173025166239646,0.944972461109896,-0.142544672340673,0.069574799518559,0.286124817873509,0.955246635750455,-0.109664187625323,0.0925425686191168,0.25867644622828,0.959629341629351,-0.080541296720049,-0.0131068227730412,0.269170647366066,0.979675918804103,-0.0422869165338897,0.0362183333301268,0.192704808285057,0.97482069604351,-0.0320257962496578,0.076738423624193,0.206906194396148,0.985091164969177,-0.0292998257878047,-0.0164815828278044,0.16871655027283,0.985091164969177,-0.0292998257878047,-0.0164815828278044,0.16871655027283
1396,2166,0.981974416200281,-0.0468858158070866,0.132218136548466,0.126674111687719,0.981974416200281,-0.0468858158070866,0.132218136548466,0.126674111687719,0.987425070253164,-0.0403873277212943,0.0821408567021613,0.128893266136372,0.987429305401463,-0.0403806799237678,0.0820899295810066,0.128895348964433,0.981974416200281,-0.0468858158070866,0.132218136548466,0.126674111687719,0.9615140425938,-0.0605139294497905,0.239261646736702,0.120758745597636,0.981974416200281,-0.0468858158070866,0.132218136548466,0.126674111687719,0.981974416200281,-0.0468858158070866,0.132218136548466,0.126674111687719,0.981976805620679,-0.0469013715333252,0.132218693298533,0.12664924679495,0.981976805620679,-0.0469013715333252,0.132218693298533,0.12664924679495,0.981974878229007,-0.0468888180659618,0.132218249625705,0.126669300674704,0.981974416200281,-0.0468858158070866,0.132218136548466,0.126674111687719,0.981976805620679,-0.0469013715333252,0.132218693298533,0.12664924679495,0.981976805620679,-0.0469013715333252,0.132218693298533,0.12664924679495,0.981974878229007,-0.0468888180659618,0.132218249625705,0.126669300674704,0.978920282549408,0.00363799904583447,-0.103506615569024,0.176034729271742,0.944287226054436,-0.130933188417233,0.0577006339266158,0.296392934675884,0.954041444861245,-0.100657120844374,0.0805060686187705,0.270539901726048,0.957176104044035,-0.0711016191160096,-0.0221407191496569,0.279764640656571,0.979759156242872,-0.0423618624089092,0.0365742408726057,0.192197276973676,0.974818413802513,-0.0319388148110824,0.0771855514139291,0.206764027028262,0.985093118035133,-0.0289713369087067,-0.0163257974495669,0.168777009024268,0.985093118035133,-0.0289713369087067,-0.0163257974495669,0.168777009024268
1397,2167,0.981917622842601,-0.0466002707540339,0.132219684199143,0.127216947876708,0.981917622842601,-0.0466002707540339,0.132219684199143,0.127216947876708,0.987368428945008,-0.0400745633748197,0.0821452887343692,0.129420888699359,0.987372664321967,-0.0400678883652742,0.0820943645345164,0.129422955395718,0.981917622842601,-0.0466002707540339,0.132219684199143,0.127216947876708,0.961457422801921,-0.0602897274525829,0.239256947814844,0.121329657648522,0.981917622842601,-0.0466002707540339,0.132219684199143,0.127216947876708,0.981917622842601,-0.0466002707540339,0.132219684199143,0.127216947876708,0.981920591693546,-0.0466153262549493,0.132219635961852,0.127188564078917,0.981920591693546,-0.0466153262549493,0.132219635961852,0.127188564078917,0.981918197274875,-0.0466031563164836,0.132219670106339,0.127211471647696,0.981917622842601,-0.0466002707540339,0.132219684199143,0.127216947876708,0.981920591693546,-0.0466153262549493,0.132219635961852,0.127188564078917,0.981920591693546,-0.0466153262549493,0.132219635961852,0.127188564078917,0.981918197274875,-0.0466031563164836,0.132219670106339,0.127211471647696,0.978335664734144,0.0043880667282648,-0.103377306301389,0.179313146538277,0.94309735643463,-0.119380037673404,0.0456892614904018,0.306966242892557,0.952301521851587,-0.0916948875057467,0.0683663553869194,0.282913238530067,0.954364902280305,-0.0629462469788602,-0.0271989037507513,0.290664106696266,0.979831358928332,-0.0423384708745299,0.0368471454718102,0.191781776546274,0.974785922894377,-0.0319700770854724,0.0777829429208508,0.206688491427746,0.985097091675712,-0.0286457034726873,-0.0161313392875715,0.168828088709781,0.985097091675712,-0.0286457034726873,-0.0161313392875715,0.168828088709781
1398,2168,0.981844483739425,-0.0463285976851054,0.132253866825811,0.127843597792827,0.981844483739425,-0.0463285976851054,0.132253866825811,0.127843597792827,0.987297121606672,-0.0397713934608877,0.0821831443003891,0.130032921686247,0.987301358936148,-0.0397646868857946,0.0821322237782026,0.130034972745631,0.981844483739425,-0.0463285976851054,0.132253866825811,0.127843597792827,0.961380972069554,-0.060088518196556,0.239282891328481,0.121982352990195,0.981844483739425,-0.0463285976851054,0.132253866825811,0.127843597792827,0.981844483739425,-0.0463285976851054,0.132253866825811,0.127843597792827,0.981848301222353,-0.0463429346850617,0.132252156910293,0.127810847677854,0.981848301222353,-0.0463429346850617,0.132252156910293,0.127810847677854,0.981845223215327,-0.046331343382076,0.132253525173851,0.127837276835617,0.981844483739425,-0.0463285976851054,0.132253866825811,0.127843597792827,0.981848301222353,-0.0463429346850617,0.132252156910293,0.127810847677854,0.981848301222353,-0.0463429346850617,0.132252156910293,0.127810847677854,0.981845223215327,-0.046331343382076,0.132253525173851,0.127837276835617,0.977743437784948,0.00488136045535363,-0.103009261706339,0.182710246541597,0.941413087096837,-0.108123268986573,0.0337819973178582,0.317662611592359,0.950109161476568,-0.0830739593444672,0.0561889664180845,0.295354191793507,0.951345170391103,-0.0565168043179868,-0.0284074891949671,0.30156464010365,0.979871188305343,-0.0422391216966566,0.0370201807052747,0.191566743324404,0.974717407810168,-0.032093695122023,0.0785693467473504,0.206695010575817,0.985097310407735,-0.028294774860766,-0.0158995187857039,0.168907963238591,0.985097310407735,-0.028294774860766,-0.0158995187857039,0.168907963238591
1399,2169,0.981755110599749,-0.0460099607740695,0.132270827894525,0.128625092454548,0.981755110599749,-0.0460099607740695,0.132270827894525,0.128625092454548,0.987208725968095,-0.0394134507960023,0.0822046256185088,0.130797212492176,0.9872129644056,-0.0394067048026505,0.0821537096553493,0.130799245089447,0.981755110599749,-0.0460099607740695,0.132270827894525,0.128625092454548,0.961290276818972,-0.0598576346731724,0.2392899345855,0.122794114153348,0.981755110599749,-0.0460099607740695,0.132270827894525,0.128625092454548,0.981755110599749,-0.0460099607740695,0.132270827894525,0.128625092454548,0.981759788386103,-0.0460266103272888,0.132269896804618,0.128584382602051,0.981759788386103,-0.0460266103272888,0.132269896804618,0.128584382602051,0.981756015285055,-0.0460131747673363,0.132270655346803,0.128617214763686,0.981755110599749,-0.0460099607740695,0.132270827894525,0.128625092454548,0.981759788386103,-0.0460266103272888,0.132269896804618,0.128584382602051,0.981759788386103,-0.0460266103272888,0.132269896804618,0.128584382602051,0.981756015285055,-0.0460131747673363,0.132270655346803,0.128617214763686,0.977155786462067,0.00516794018579211,-0.102335244469514,0.186191726769209,0.939254163222182,-0.097232026901576,0.0220000499741334,0.328425863195249,0.947229670468208,-0.0760971533687923,0.0445339544438465,0.308191339163597,0.947924847349662,-0.05304271205181,-0.025803206987415,0.312984263157868,0.979887648865148,-0.0420425591684683,0.0370611998657048,0.191517848475315,0.974614296448921,-0.0323596432179681,0.0795356123313415,0.206770193739959,0.985102370700102,-0.0279251610672506,-0.0156482443885738,0.168963419318988,0.985102370700102,-0.0279251610672506,-0.0156482443885738,0.168963419318988
1400,2170,0.981661009159467,-0.0455942439873417,0.132218517257342,0.129541853103581,0.981661009159467,-0.0455942439873417,0.132218517257342,0.129541853103581,0.987112087576631,-0.0389516791533291,0.0821571650546589,0.13169166063735,0.987116323566459,-0.0389448870289176,0.0821062540757427,0.131693669417295,0.981661009159467,-0.0455942439873417,0.132218517257342,0.129541853103581,0.961202489487876,-0.0595451137961877,0.23922760587362,0.123750984696228,0.981661009159467,-0.0455942439873417,0.132218517257342,0.129541853103581,0.981661009159467,-0.0455942439873417,0.132218517257342,0.129541853103581,0.981665974142688,-0.0456158635169209,0.13222108973991,0.129493983003398,0.981665974142688,-0.0456158635169209,0.13222108973991,0.129493983003398,0.981661964285187,-0.0455984335310858,0.132219039320431,0.12953260738687,0.981661009159467,-0.0455942439873417,0.132218517257342,0.129541853103581,0.981665974142688,-0.0456158635169209,0.13222108973991,0.129493983003398,0.981665974142688,-0.0456158635169209,0.13222108973991,0.129493983003398,0.981661964285187,-0.0455984335310858,0.132219039320431,0.12953260738687,0.976592285277863,0.00525773679000007,-0.101255155042027,0.189703078828531,0.936621047802512,-0.0868317782278215,0.0104235807389142,0.339253008929468,0.943666030675881,-0.0687945929537806,0.0305850620102636,0.322220856728085,0.944080156696452,-0.0540576814597455,-0.0123968222438302,0.325018066583158,0.979877216368093,-0.0417321281933616,0.0369731295640459,0.191656093066228,0.974490848443586,-0.0327431146324382,0.0806624664848116,0.206855121388022,0.985106746049094,-0.0275441846007303,-0.0153009391673091,0.169032239658137,0.985106746049094,-0.0275441846007303,-0.0153009391673091,0.169032239658137
1401,2171,0.981564042125367,-0.045057659191825,0.132062354613462,0.130619190965999,0.981564042125367,-0.045057659191825,0.132062354613462,0.130619190965999,0.987007309273863,-0.0383610347608644,0.0820061323286857,0.132740335665292,0.987011537474232,-0.038354188551225,0.0819552267539712,0.13274231398102,0.981564042125367,-0.045057659191825,0.132062354613462,0.130619190965999,0.961123259224666,-0.0591300910750126,0.239061738630207,0.12488073522333,0.981564042125367,-0.045057659191825,0.132062354613462,0.130619190965999,0.981564042125367,-0.045057659191825,0.132062354613462,0.130619190965999,0.981569176336443,-0.0450855711419597,0.132070296431911,0.130562935557482,0.981569176336443,-0.0450855711419597,0.132070296431911,0.130562935557482,0.981565028670502,-0.0450630672727438,0.132063922446221,0.130608326102007,0.981564042125367,-0.045057659191825,0.132062354613462,0.130619190965999,0.981569176336443,-0.0450855711419597,0.132070296431911,0.130562935557482,0.981569176336443,-0.0450855711419597,0.132070296431911,0.130562935557482,0.981565028670502,-0.0450630672727438,0.132063922446221,0.130608326102007,0.976074212166093,0.00494089166379915,-0.0996453230760784,0.193198161282583,0.933461624769503,-0.0777089725618206,-0.000126908022438948,0.350158099378581,0.940563243809469,-0.0597252327963092,0.0167834099902765,0.333904175042984,0.940699190310657,-0.0555706934261581,0.00509232806928276,0.334620680137742,0.979847692166733,-0.0412649483197061,0.0367401928211049,0.19195276092614,0.974339777041582,-0.0332832309046146,0.0819258014892074,0.20698402949373,0.985110390313139,-0.0271498272989823,-0.0148460753933398,0.169115344721132,0.985110390313139,-0.0271498272989823,-0.0148460753933398,0.169115344721132
1402,2172,0.981462611973341,-0.0444345569462278,0.131795079565797,0.131858895982427,0.981462611973341,-0.0444345569462278,0.131795079565797,0.131858895982427,0.986892426608486,-0.0376757328168205,0.0817443576163093,0.133946770985446,0.986896641307826,-0.037668824385502,0.0816934579670821,0.13394871395473,0.981462611973341,-0.0444345569462278,0.131795079565797,0.131858895982426,0.961051795526225,-0.0586469058641815,0.238784940930344,0.126181372370369,0.981462611973341,-0.0444345569462278,0.131795079565797,0.131858895982426,0.981462611973341,-0.0444345569462278,0.131795079565797,0.131858895982426,0.981467991251878,-0.0444671099794784,0.131808847270464,0.131794104797252,0.981467991251878,-0.0444671099794784,0.131808847270464,0.131794104797252,0.981463646059811,-0.0444408425007092,0.131797769327503,0.131846391611999,0.981462611973341,-0.0444345569462278,0.131795079565797,0.131858895982426,0.981467991251878,-0.0444671099794784,0.131808847270464,0.131794104797252,0.981467991251878,-0.0444671099794784,0.131808847270464,0.131794104797252,0.981463646059811,-0.0444408425007092,0.131797769327503,0.131846391611999,0.975545392391666,0.00455612195742944,-0.0979818620096014,0.196697696613942,0.92998724065789,-0.0686163043142287,-0.0106164012325516,0.360974828790943,0.936593295633292,-0.0553263016183533,0.00604923263437619,0.345970238183199,0.936593295633292,-0.0553263016183533,0.00604923263437619,0.345970238183199,0.9798087602044,-0.0405984929604633,0.0363383391600895,0.19236964652237,0.974184052934636,-0.033830512091089,0.0831960541266249,0.207121568257052,0.985116034077283,-0.0267483886338569,-0.01429504682645,0.169193896892198,0.985116034077283,-0.0267483886338569,-0.01429504682645,0.169193896892198
1403,2173,0.981342295028069,-0.0438020719433429,0.131466811719746,0.133285992882814,0.981342295028069,-0.0438020719433429,0.131466811719746,0.133285992882814,0.986755581749533,-0.0369715365130424,0.0814226288009247,0.135339879167791,0.986759779855709,-0.0369645562323104,0.081371736209977,0.135341785815896,0.981342295028069,-0.0438020719433429,0.131466811719746,0.133285992882814,0.960968257683317,-0.0581749745702954,0.238445445164726,0.127669298341586,0.981342295028069,-0.0438020719433429,0.131466811719746,0.133285992882814,0.981342295028069,-0.0438020719433429,0.131466811719746,0.133285992882814,0.981348645119974,-0.0438353267742975,0.13148392225027,0.133211407309837,0.981348645119974,-0.0438353267742975,0.13148392225027,0.133211407309837,0.981343521191813,-0.0438084602164497,0.131470122992323,0.133271598582375,0.981342295028069,-0.0438020719433429,0.131466811719746,0.133285992882814,0.981348645119974,-0.0438353267742975,0.13148392225027,0.133211407309837,0.981348645119974,-0.0438353267742975,0.13148392225027,0.133211407309837,0.981343521191813,-0.0438084602164497,0.131470122992323,0.133271598582375,0.974986338270787,0.00389882275186555,-0.0957276482278902,0.200555869351235,0.925999139653041,-0.0609222396649261,-0.0195615825948621,0.37206372916803,0.934156747586922,-0.0457475643446855,-0.00143067917034587,0.353915645954604,0.934156747586922,-0.0457475643446855,-0.00143067917034587,0.353915645954604,0.979756646907055,-0.039748318411721,0.0358428411490581,0.192904833436718,0.973992490329238,-0.0344663015712121,0.0845685676352038,0.207361665228607,0.985113650267196,-0.0263490993607801,-0.0136943070621726,0.169320072567324,0.985113650267196,-0.0263490993607801,-0.0136943070621726,0.169320072567324
1404,2174,0.981189298448788,-0.0432817851668382,0.131145440845297,0.134889291746381,0.981189298448788,-0.0432817851668382,0.131145440845297,0.134889291746381,0.986586450009917,-0.0363704384141522,0.081109448905544,0.13691466380425,0.986590631963886,-0.0363633769138027,0.081058565038079,0.136916539448283,0.981189298448788,-0.0432817851668382,0.131145440845297,0.134889291746381,0.9608514804345,-0.0578339138449872,0.238109215680036,0.129320038526282,0.981189298448788,-0.0432817851668382,0.131145440845297,0.134889291746381,0.981189298448788,-0.0432817851668382,0.131145440845297,0.134889291746381,0.981197341794103,-0.0433094656150253,0.131162375083852,0.134805407928207,0.981197341794103,-0.0433094656150253,0.131162375083852,0.134805407928207,0.981190855361902,-0.0432870525677622,0.131148689631183,0.134873116825402,0.981189298448788,-0.0432817851668382,0.131145440845297,0.134889291746381,0.981197341794103,-0.0433094656150253,0.131162375083852,0.134805407928207,0.981197341794103,-0.0433094656150253,0.131162375083852,0.134805407928207,0.981190855361902,-0.0432870525677622,0.131148689631183,0.134873116825402,0.974351063931627,0.00316829289420375,-0.0932297039129584,0.204788155037701,0.921923156020164,-0.0549224462412547,-0.0266809269546427,0.38253019152681,0.932462565273936,-0.0348599722138368,-0.00489121309902155,0.359547525001109,0.932462565273936,-0.0348599722138368,-0.00489121309902155,0.359547525001109,0.979687141685705,-0.0387924496447804,0.0353006939125557,0.193551314321406,0.973775531388807,-0.035078934333322,0.0859629597835028,0.207704242565587,0.985111907136364,-0.0259373624915283,-0.0130516561498387,0.169444498042534,0.985111907136364,-0.0259373624915283,-0.0130516561498387,0.169444498042534
1405,2175,0.981000459470343,-0.0429833695114127,0.130863829424123,0.136620593663166,0.981000459470343,-0.0429833695114127,0.130863829424123,0.136620593663166,0.986383542865855,-0.0359844192747119,0.0808377986833751,0.138628562125171,0.986387710809578,-0.0359772693795911,0.0807869252813233,0.138630417857767,0.981000459470343,-0.0429833695114127,0.130863829424123,0.136620593663166,0.960694711092709,-0.057727439846508,0.2378085688344,0.131073640966437,0.981000459470343,-0.0429833695114127,0.130863829424123,0.136620593663166,0.981000459470343,-0.0429833695114127,0.130863829424123,0.136620593663166,0.981010385816714,-0.042999677928892,0.130878767684466,0.136529845774281,0.981010385816714,-0.042999677928892,0.130878767684466,0.136529845774281,0.981002379276705,-0.0429864070379517,0.130866680141627,0.136603121092161,0.981000459470343,-0.0429833695114127,0.130863829424123,0.136620593663166,0.981010385816714,-0.042999677928892,0.130878767684466,0.136529845774281,0.981010385816714,-0.042999677928892,0.130878767684466,0.136529845774281,0.981002379276705,-0.0429864070379517,0.130866680141627,0.136603121092161,0.973555848279614,0.00238671056682868,-0.091004901110209,0.209526661470926,0.918172047965037,-0.0515839519655398,-0.0312378393138683,0.391565299318399,0.929968526201305,-0.0301293300380413,-0.00927688981378784,0.366285002507358,0.929968526201305,-0.0301293300380413,-0.00927688981378784,0.366285002507358,0.979598615593384,-0.0377872189119909,0.034802088437742,0.19428714073452,0.973559949565354,-0.0356306059598506,0.0873068439747604,0.208060086312598,0.98510281405231,-0.0255717130401315,-0.0124181513174618,0.169600479823234,0.98510281405231,-0.0255717130401315,-0.0124181513174618,0.169600479823234
1406,2176,0.980784454902924,-0.0428851291526216,0.13060869188162,0.138434418853508,0.980784454902924,-0.0428851291526216,0.13060869188162,0.138434418853508,0.98615485070812,-0.0357941227047886,0.0805939687513935,0.140435050487904,0.986159006076479,-0.0357868796392519,0.0805431071445945,0.140436896403443,0.980784454902924,-0.0428851291526216,0.13060869188162,0.138434418853508,0.960508033043887,-0.0578289932635839,0.23753125232781,0.132887283680065,0.980784454902924,-0.0428851291526216,0.13060869188162,0.138434418853508,0.980784454902924,-0.0428851291526216,0.13060869188162,0.138434418853508,0.980795839144747,-0.0428908604292534,0.130622207357554,0.138339202516964,0.980795839144747,-0.0428908604292534,0.130622207357554,0.138339202516964,0.980786651033013,-0.0428861426703681,0.130611274014262,0.138416108248554,0.980784454902924,-0.0428851291526216,0.13060869188162,0.138434418853508,0.980795839144747,-0.0428908604292534,0.130622207357554,0.138339202516964,0.980795839144747,-0.0428908604292534,0.130622207357554,0.138339202516964,0.980786651033013,-0.0428861426703681,0.130611274014262,0.138416108248554,0.972508696401722,0.00184004153218363,-0.0895042751162152,0.214970775702431,0.914781741319467,-0.0486037918947679,-0.0343511952319089,0.399539775927396,0.926964840365928,-0.0323572755650231,-0.0123526806921494,0.373545984750335,0.926964840365928,-0.0323572755650231,-0.0123526806921494,0.373545984750335,0.979484687289301,-0.0368417698068299,0.0344374493567846,0.195106364440221,0.97333549001316,-0.0360860091191131,0.088630692211673,0.208471638897903,0.985091237618698,-0.0251836186059652,-0.0118243627280627,0.169768145913322,0.985091237618698,-0.0251836186059652,-0.0118243627280627,0.169768145913322
1407,2177,0.980550855625255,-0.0428848156508281,0.130363119956851,0.14030812191135,0.980550855625255,-0.0428848156508281,0.130363119956851,0.14030812191135,0.985909072726564,-0.0356985832969344,0.0803605862830183,0.142306316227663,0.985913216058416,-0.0356912437199255,0.0803097373526695,0.142308157213214,0.980550855625255,-0.0428848156508281,0.130363119956851,0.14030812191135,0.96030281618835,-0.0580344571557598,0.237261511276122,0.134749687459126,0.980550855625255,-0.0428848156508281,0.130363119956851,0.14030812191135,0.980550855625255,-0.0428848156508281,0.130363119956851,0.14030812191135,0.980563198050816,-0.042885121967905,0.130376086731852,0.140209689218123,0.980563198050816,-0.042885121967905,0.130376086731852,0.140209689218123,0.980553231524526,-0.042884829705809,0.130365603884554,0.140289204330656,0.980550855625255,-0.0428848156508281,0.130363119956851,0.14030812191135,0.980563198050816,-0.042885121967905,0.130376086731852,0.140209689218123,0.980563198050816,-0.042885121967905,0.130376086731852,0.140209689218123,0.980553231524526,-0.042884829705809,0.130365603884554,0.140289204330656,0.97125904631093,0.00188785294524375,-0.0889749039075461,0.220761788915299,0.911761257524974,-0.0466592699808811,-0.0355493635812262,0.406510226870492,0.925596439533206,-0.0294330557187081,-0.00976205480232914,0.377239484466498,0.925596439533206,-0.0294330557187081,-0.00976205480232914,0.377239484466498,0.979343891262676,-0.0360746449643637,0.0341956988294938,0.195996981657211,0.973110337205179,-0.0364696638583046,0.0898977439623917,0.208912974400726,0.985076185106163,-0.0248615830517268,-0.0113589523902815,0.169934650455542,0.985076185106163,-0.0248615830517268,-0.0113589523902815,0.169934650455542
1408,2178,0.980325054389206,-0.0428753873296808,0.130051518620397,0.142165718099189,0.980325054389206,-0.0428753873296808,0.130051518620397,0.142165718099189,0.985667726928127,-0.0355947594405243,0.0800608634165932,0.144161032674227,0.985671854801922,-0.0355873242055937,0.0800100269341904,0.144162868302536,0.980325054389206,-0.0428753873296808,0.130051518620397,0.142165718099189,0.960112601746685,-0.0582290924594381,0.236926996616857,0.136597082811744,0.980325054389206,-0.0428753873296808,0.130051518620397,0.142165718099189,0.980325054389206,-0.0428753873296808,0.130051518620397,0.142165718099189,0.980337054436403,-0.0428758781230641,0.130067759355188,0.142067930056202,0.980337054436403,-0.0428758781230641,0.130067759355188,0.142067930056202,0.980327353981268,-0.0428754825328434,0.1300546618389,0.142146955534159,0.980325054389206,-0.0428753873296808,0.130051518620397,0.142165718099189,0.980337054436403,-0.0428758781230641,0.130067759355188,0.142067930056202,0.980337054436403,-0.0428758781230641,0.130067759355188,0.142067930056202,0.980327353981268,-0.0428754825328434,0.1300546618389,0.142146955534159,0.969961939262104,0.00301481281123453,-0.0892313450704523,0.226279725878237,0.909306293523254,-0.0458205121470882,-0.0350903752319651,0.412105824748524,0.924210909833063,-0.0292249008806442,-0.0103631352659976,0.380621471729485,0.924210909833063,-0.0292249008806442,-0.0103631352659976,0.380621471729485,0.979162655015259,-0.0355426266656007,0.0341245247646968,0.197009475718206,0.972888111337423,-0.036714914236663,0.0911246483941197,0.209372959920674,0.985062749902539,-0.0245638728393609,-0.010980991274009,0.170080606584704,0.985062749902539,-0.0245638728393609,-0.010980991274009,0.170080606584704
1409,2179,0.980125829834463,-0.0427411007417612,0.12966082724491,0.143925765159867,0.980125829834463,-0.0427411007417612,0.12966082724491,0.143925765159867,0.985448903910876,-0.035371196364061,0.0796808020252188,0.145911980444533,0.985453012183079,-0.0353636708232965,0.0796299768292436,0.14591380454012,0.980125829834463,-0.0427411007417612,0.12966082724491,0.143925765159867,0.959957489125737,-0.0582889116148564,0.236516789048771,0.138361231391695,0.980125829834463,-0.0427411007417612,0.12966082724491,0.143925765159867,0.980125829834463,-0.0427411007417612,0.12966082724491,0.143925765159867,0.980136476732345,-0.0427478433504483,0.129681185195007,0.14383288592672,0.980136476732345,-0.0427478433504483,0.129681185195007,0.14383288592672,0.980127861465565,-0.0427424452750944,0.129664767761102,0.143907979460152,0.980125829834463,-0.0427411007417612,0.12966082724491,0.143925765159867,0.980136476732345,-0.0427478433504483,0.129681185195007,0.14383288592672,0.980136476732345,-0.0427478433504483,0.129681185195007,0.14383288592672,0.980127861465565,-0.0427424452750944,0.129664767761102,0.143907979460152,0.96873909121179,0.00519384672374299,-0.0901791098741044,0.231052646071583,0.907556203151774,-0.0460485311856987,-0.0332321595266395,0.416073184030853,0.923133433823677,-0.030278562559957,-0.010251269086984,0.383148513618829,0.923133433823677,-0.030278562559957,-0.010251269086984,0.383148513618829,0.97894756025973,-0.035240062158974,0.0341926416859108,0.198117832451026,0.972695160666035,-0.0368450188793888,0.0922651144353993,0.209746794156373,0.985048127525725,-0.0243033981121821,-0.010677688461127,0.170221967640471,0.985048127525725,-0.0243033981121821,-0.010677688461127,0.170221967640471
1410,2180,0.979943830468853,-0.0424700729438196,0.129240569170609,0.145613383006628,0.979943830468853,-0.0424700729438196,0.129240569170609,0.145613383006628,0.985245781168516,-0.0350147498233201,0.0792703367165333,0.147583643068257,0.985249868271006,-0.0350071380660751,0.0792195219972755,0.147585448777687,0.979943830468853,-0.0424700729438196,0.129240569170609,0.145613383006628,0.959822744602222,-0.058204862298292,0.236079085345929,0.140068406185425,0.979943830468853,-0.0424700729438196,0.129240569170609,0.145613383006628,0.979943830468853,-0.0424700729438196,0.129240569170609,0.145613383006628,0.979953543746986,-0.0424839649809056,0.129262610661954,0.145524370131195,0.979953543746986,-0.0424839649809056,0.129262610661954,0.145524370131195,0.979945686284656,-0.0424727973405527,0.129244813203642,0.145596331266001,0.979943830468853,-0.0424700729438196,0.129240569170609,0.145613383006628,0.979953543746986,-0.0424839649809056,0.129262610661954,0.145524370131195,0.979953543746986,-0.0424839649809056,0.129262610661954,0.145524370131195,0.979945686284656,-0.0424727973405527,0.129244813203642,0.145596331266001,0.967689381835285,0.00807281434641486,-0.0916265210578796,0.234769398752481,0.907038290462321,-0.0470514680520348,-0.030454073110092,0.417301148357327,0.922626027454597,-0.0315146913309094,-0.0103493486465043,0.384266741569264,0.922626027454597,-0.0315146913309094,-0.0103493486465043,0.384266741569264,0.97872702472446,-0.0351974577666594,0.0344107491265352,0.199174422015783,0.972567849911038,-0.0369051809415046,0.0933288623356903,0.209855922942912,0.985051147495247,-0.0241199802958786,-0.0104142640985145,0.170246898568258,0.985051147495247,-0.0241199802958786,-0.0104142640985145,0.170246898568258
1411,2181,0.979799155232101,-0.0419644641861014,0.128755372918187,0.147155200712487,0.979799155232102,-0.0419644641861014,0.128755372918187,0.147155200712487,0.98507663399921,-0.0344314354021924,0.0787931202430028,0.14909777197297,0.985080696489213,-0.0344237455536604,0.0787423142482415,0.149099547595611,0.979799155232102,-0.0419644641861014,0.128755372918187,0.147155200712487,0.959732230139147,-0.0578716387681108,0.235580935308825,0.14165642511885,0.979799155232102,-0.0419644641861014,0.128755372918187,0.147155200712487,0.979799155232102,-0.0419644641861014,0.128755372918187,0.147155200712487,0.979806949373766,-0.0419904424395871,0.128780744636788,0.1470736703608,0.979806949373766,-0.0419904424395871,0.128780744636788,0.1470736703608,0.979800634848445,-0.041969548132827,0.12876026920328,0.14713961415883,0.979799155232102,-0.0419644641861014,0.128755372918187,0.147155200712487,0.979806949373766,-0.0419904424395871,0.128780744636788,0.1470736703608,0.979806949373766,-0.0419904424395871,0.128780744636788,0.1470736703608,0.979800634848445,-0.041969548132827,0.12876026920328,0.14713961415883,0.966799457551858,0.0105877127303689,-0.0928787456216403,0.23782398497276,0.907133957798196,-0.0485704712675001,-0.0274510403839073,0.417127477292105,0.922745362727165,-0.0303789043477399,-0.011492177264653,0.384039122483454,0.922745362727165,-0.0303789043477399,-0.011492177264653,0.384039122483454,0.978480554404113,-0.0352651878694078,0.0346857022480934,0.200322423200976,0.972445084284807,-0.0369239232076707,0.0943180439946758,0.209979257361978,0.985037330073022,-0.0239259869193593,-0.0102439219928475,0.170364513836514,0.985037330073022,-0.0239259869193593,-0.0102439219928475,0.170364513836514
1412,2182,0.979679139629964,-0.0412336299226884,0.12820090424301,0.148637476056905,0.979679139629964,-0.0412336299226884,0.12820090424301,0.148637476056905,0.984928593997796,-0.0336262126269886,0.0782454676026459,0.150540988935016,0.984932628242498,-0.0336184483447885,0.0781946692438606,0.150542723025914,0.979679139629964,-0.0412336299226884,0.12820090424301,0.148637476056905,0.959673833846925,-0.0573080129680736,0.235016640058478,0.143209996769846,0.979679139629964,-0.0412336299226884,0.12820090424301,0.148637476056905,0.979679139629964,-0.0412336299226884,0.12820090424301,0.148637476056905,0.979685608550548,-0.0412714738707647,0.128229906542279,0.148559297627698,0.979685608550548,-0.0412714738707647,0.128229906542279,0.148559297627698,0.979680369678114,-0.0412409897439536,0.128206499870892,0.148622499720427,0.979679139629964,-0.0412336299226884,0.12820090424301,0.148637476056905,0.979685608550548,-0.0412714738707647,0.128229906542279,0.148559297627698,0.979685608550548,-0.0412714738707647,0.128229906542279,0.148559297627698,0.979680369678114,-0.0412409897439536,0.128206499870892,0.148622499720427,0.966093891685416,0.0121843709870116,-0.0938874224250793,0.240206755654694,0.908142190261997,-0.0497745976602213,-0.0249478811243194,0.414943194812631,0.922638408010229,-0.0299732173298012,-0.0135960329023901,0.384259186222746,0.922638408010229,-0.0299732173298012,-0.0135960329023901,0.384259186222746,0.978226670605355,-0.035394824405389,0.035023719123896,0.201477359572742,0.972339147723725,-0.0368878228661436,0.095247736744608,0.21005651376029,0.985030402722169,-0.0237983957529927,-0.0100968929240942,0.170431202618137,0.985030402722169,-0.0237983957529927,-0.0100968929240942,0.170431202618137
1413,2183,0.979573828624067,-0.0403018345650572,0.127572933268419,0.150120028986037,0.979573828624068,-0.0403018345650572,0.127572933268419,0.150120028986037,0.9847915040178,-0.0326202743518912,0.0776236603252061,0.151974269773818,0.984795506192619,-0.0326124361487511,0.0775728690377419,0.151975951980968,0.979573828624067,-0.0403018345650572,0.127572933268419,0.150120028986037,0.959638125440811,-0.0565446721381697,0.234380902012877,0.144785914456016,0.979573828624067,-0.0403018345650572,0.127572933268419,0.150120028986037,0.979573828624067,-0.0403018345650572,0.127572933268419,0.150120028986037,0.979579506500287,-0.0403503202177033,0.127605793527616,0.15004200598889,0.979579506500287,-0.0403503202177033,0.127605793527616,0.15004200598889,0.979574911187537,-0.0403112268280661,0.127579271171976,0.150105056313149,0.979573828624067,-0.0403018345650572,0.127572933268419,0.150120028986037,0.979579506500287,-0.0403503202177033,0.127605793527616,0.15004200598889,0.979579506500287,-0.0403503202177033,0.127605793527616,0.15004200598889,0.979574911187537,-0.0403112268280661,0.127579271171976,0.150105056313149,0.965530609046203,0.01278207405977,-0.0943408444997509,0.242254136469685,0.909800148087151,-0.050370257456728,-0.0236355586916498,0.41130024078485,0.922232251490022,-0.031009088560932,-0.0146621529683124,0.385111843506011,0.922232251490022,-0.031009088560932,-0.0146621529683124,0.385111843506011,0.977968261003182,-0.0355824762455057,0.0354739933953906,0.202616790141474,0.972227195992714,-0.0368371119371143,0.0961368788008441,0.210178512438138,0.985020544774723,-0.0236962162831289,-0.00995354154795446,0.17051082873596,0.985020544774723,-0.0236962162831289,-0.00995354154795446,0.17051082873596
1414,2184,0.97945672164937,-0.0392866241736971,0.126934454287422,0.151686307528591,0.97945672164937,-0.0392866241736971,0.126934454287422,0.151686307528591,0.984642099269558,-0.0315267736935881,0.0769919581217108,0.153486928665267,0.984646068864174,-0.0315188574756563,0.076941174540722,0.153488554472484,0.97945672164937,-0.0392866241736971,0.126934454287422,0.151686307528591,0.959591846437391,-0.0557076158271766,0.233733424054534,0.146454212194375,0.97945672164937,-0.0392866241736971,0.126934454287422,0.151686307528591,0.97945672164937,-0.0392866241736971,0.126934454287422,0.151686307528591,0.97946296094548,-0.0393398130269615,0.126968034239485,0.151604107887214,0.97946296094548,-0.0393398130269615,0.126968034239485,0.151604107887214,0.979457922841455,-0.039296870981008,0.126940904961233,0.151670497994265,0.97945672164937,-0.0392866241736971,0.126934454287422,0.151686307528591,0.97946296094548,-0.0393398130269615,0.126968034239485,0.151604107887214,0.97946296094548,-0.0393398130269615,0.126968034239485,0.151604107887214,0.979457922841455,-0.039296870981008,0.126940904961233,0.151670497994265,0.965071138933779,0.0124871386972952,-0.0941399133004556,0.244170933749279,0.911845809594226,-0.0504938671337019,-0.023432819554609,0.406741308296877,0.922167238458968,-0.0307290790135321,-0.0146469926974734,0.385290505490157,0.922167238458968,-0.0307290790135321,-0.0146469926974734,0.385290505490157,0.977695080157507,-0.0357503369639242,0.0359668203004215,0.203815189522885,0.972097715110404,-0.0367596533035663,0.0969960399406943,0.210396122592495,0.985007794925193,-0.0236387280925272,-0.00981253708173162,0.170600611331835,0.985007794925193,-0.0236387280925272,-0.00981253708173162,0.170600611331835
1415,2185,0.979303628098345,-0.0383047348979724,0.126393928246595,0.153367943782949,0.979303628098345,-0.0383047348979724,0.126393928246595,0.153367943782949,0.98446173266568,-0.0304606883204468,0.0764599112023669,0.155116489654899,0.984465674819912,-0.0304526880583942,0.0764091369245963,0.155118060475987,0.979303628098345,-0.0383047348979724,0.126393928246595,0.153367943782949,0.959499041058627,-0.0549163479961897,0.233179354385764,0.14823351044408,0.979303628098345,-0.0383047348979724,0.126393928246595,0.153367943782949,0.979303628098345,-0.0383047348979724,0.126393928246595,0.153367943782949,0.979311700281792,-0.0383564929713892,0.12642264718879,0.153279768449397,0.979311700281792,-0.0383564929713892,0.12642264718879,0.153279768449397,0.979305191351553,-0.0383146570599315,0.126399400638187,0.153350972493116,0.979303628098345,-0.0383047348979724,0.126393928246595,0.153367943782949,0.979311700281792,-0.0383564929713892,0.12642264718879,0.153279768449397,0.979311700281792,-0.0383564929713892,0.12642264718879,0.153279768449397,0.979305191351553,-0.0383146570599315,0.126399400638187,0.153350972493116,0.964775754322758,0.0114118007098689,-0.0933034498057864,0.24570710394665,0.913849734329597,-0.0503761095947559,-0.0236093848411219,0.402223206186871,0.922231661019235,-0.0298797550958488,-0.0140061425073921,0.385226935222834,0.922231661019235,-0.0298797550958488,-0.0140061425073921,0.385226935222834,0.977411525531589,-0.0358519087262545,0.036503164249179,0.20505820978077,0.971938006911875,-0.0366418063125181,0.0978504187262032,0.210758592483044,0.984997054955104,-0.0236265185455675,-0.00965309262437672,0.170673393222183,0.984997054955104,-0.0236265185455675,-0.00965309262437672,0.170673393222183
1416,2186,0.979101738665098,-0.0374394149966835,0.125953760327232,0.155221537832606,0.979101738665098,-0.0374394149966835,0.125953760327232,0.155221537832606,0.984237733691103,-0.0295022823507245,0.0760305726414602,0.156923710568261,0.984241653702252,-0.0294941888814959,0.0759798099171357,0.15692523195661,0.979101738665098,-0.0374394149966835,0.125953760327232,0.155221537832606,0.959346713335943,-0.0542598293347001,0.232719676884254,0.150170924359486,0.979101738665098,-0.0374394149966835,0.125953760327232,0.155221537832606,0.979101738665098,-0.0374394149966835,0.125953760327232,0.155221537832606,0.97911235012637,-0.0374852732677616,0.125977219273722,0.155124467258129,0.97911235012637,-0.0374852732677616,0.125977219273722,0.155124467258129,0.97910379502748,-0.0374481682587868,0.125958219542459,0.155202835626612,0.979101738665098,-0.0374394149966835,0.125953760327232,0.155221537832606,0.97911235012637,-0.0374852732677616,0.125977219273722,0.155124467258129,0.97911235012637,-0.0374852732677616,0.125977219273722,0.155124467258129,0.97910379502748,-0.0374481682587868,0.125958219542459,0.155202835626612,0.964831389851609,0.00983479409100967,-0.0916509372572423,0.24617833308817,0.915338659180044,-0.0502569520910477,-0.0235659496457172,0.398840850207565,0.922071706469817,-0.0303961256174024,-0.0140604864828373,0.385567304624182,0.922071706469817,-0.0303961256174024,-0.0140604864828373,0.385567304624182,0.977114376778936,-0.0358855818640889,0.0370297173209116,0.20636986151403,0.971727871284303,-0.0364974863328588,0.0987416603570711,0.21133613550595,0.984987324269887,-0.0236465682300471,-0.00948374446779375,0.170736256927053,0.984987324269887,-0.0236465682300471,-0.00948374446779375,0.170736256927053
1417,2187,0.978861791376791,-0.0367088825235798,0.125605949070716,0.157178869077669,0.978861791376791,-0.0367088825235798,0.125605949070716,0.157178869077669,0.983980419841953,-0.0286732174377978,0.0756954055870518,0.158841384854293,0.983984322567012,-0.0286650250645254,0.0756446561342818,0.158842863480595,0.978861791376791,-0.0367088825235798,0.125605949070716,0.157178869077669,0.95914641508738,-0.0537486755146694,0.232347617772085,0.15219664523597,0.978861791376791,-0.0367088825235798,0.125605949070716,0.157178869077669,0.978861791376791,-0.0367088825235798,0.125605949070716,0.157178869077669,0.978874436121941,-0.0367477064732945,0.125624527583598,0.157076167655385,0.978874436121941,-0.0367477064732945,0.125624527583598,0.157076167655385,0.978864233868182,-0.036716276228665,0.125609474659288,0.157159112333249,0.978861791376791,-0.0367088825235798,0.125605949070716,0.157178869077669,0.978874436121941,-0.0367477064732945,0.125624527583598,0.157076167655385,0.978874436121941,-0.0367477064732945,0.125624527583598,0.157076167655385,0.978864233868182,-0.036716276228665,0.125609474659288,0.157159112333249,0.965407005794536,0.00810169816190353,-0.0890798517734303,0.244925408354762,0.916093405941257,-0.0501023500043076,-0.0230195723285755,0.397155794877529,0.921847948739754,-0.0316008860475443,-0.0141927503632008,0.386000400572909,0.921847948739754,-0.0316008860475443,-0.0141927503632008,0.386000400572909,0.976804754295396,-0.0358864685240254,0.0375286835992191,0.207740779025435,0.971471281088478,-0.0363139776038412,0.0996675990943548,0.212111326292743,0.984972708697251,-0.0237052346803322,-0.00928006544795365,0.170823608894182,0.984972708697251,-0.0237052346803322,-0.00928006544795365,0.170823608894182
1418,2188,0.978604473821848,-0.0360304856738918,0.125248397813498,0.159210322413843,0.978604473821848,-0.0360304856738918,0.125248397813498,0.159210322413843,0.98370526316237,-0.0278924537019969,0.0753513939196613,0.160835735107277,0.983709148145196,-0.0278841584700097,0.0753006586587117,0.160837173462591,0.978604473821848,-0.0360304856738918,0.125248397813498,0.159210322413843,0.958929921317037,-0.0532974822613762,0.231963969921807,0.154290314166556,0.978604473821848,-0.0360304856738918,0.125248397813498,0.159210322413843,0.978604473821848,-0.0360304856738918,0.125248397813498,0.159210322413843,0.978618094744272,-0.0360663512664764,0.125267220034726,0.159103634559948,0.978618094744272,-0.0360663512664764,0.125267220034726,0.159103634559948,0.978607095042409,-0.0360373444545843,0.125252011607679,0.159189814138809,0.978604473821848,-0.0360304856738918,0.125248397813498,0.159210322413843,0.978618094744272,-0.0360663512664764,0.125267220034726,0.159103634559948,0.978618094744272,-0.0360663512664764,0.125267220034726,0.159103634559948,0.978607095042409,-0.0360373444545843,0.125252011607679,0.159189814138809,0.966557341114532,0.00674387293047742,-0.0857191648102239,0.241606397472711,0.916257115070408,-0.0498629369371408,-0.022022148896216,0.396864727030317,0.921497845164,-0.0334321498867436,-0.0146682378607733,0.386663749930241,0.921497845164,-0.0334321498867436,-0.0146682378607733,0.386663749930241,0.97647790552143,-0.0358862439111715,0.0380305721907149,0.209181149019879,0.971184190330179,-0.0361109965265639,0.100607553176667,0.213014986858617,0.984959017801506,-0.0237795262888774,-0.00902686714369518,0.170905772431882,0.984959017801506,-0.0237795262888774,-0.00902686714369518,0.170905772431882
1419,2189,0.978345569601751,-0.0353215794740484,0.124762923545883,0.161327447672017,0.978345569601751,-0.0353215794740484,0.124762923545883,0.161327447672017,0.983422020498321,-0.0270768659802797,0.0748797051950117,0.162914096006437,0.983425881153908,-0.027068463556727,0.0748289845430916,0.162915492294585,0.978345569601751,-0.0353215794740484,0.124762923545883,0.161327447672017,0.958725899354582,-0.0528253729424069,0.231452998593321,0.156472487429594,0.978345569601751,-0.0353215794740484,0.124762923545883,0.161327447672017,0.978345569601751,-0.0353215794740484,0.124762923545883,0.161327447672017,0.978359331304201,-0.0353588229893112,0.124788155665658,0.161216279241184,0.978359331304201,-0.0353588229893112,0.124788155665658,0.161216279241184,0.97834821095837,-0.0353287380725756,0.124767817759263,0.161306075621307,0.978345569601751,-0.0353215794740484,0.124762923545883,0.161327447672017,0.978359331304201,-0.0353588229893112,0.124788155665658,0.161216279241184,0.978359331304201,-0.0353588229893112,0.124788155665658,0.161216279241184,0.97834821095837,-0.0353287380725756,0.124767817759263,0.161306075621307,0.968179360039529,0.00638027414626638,-0.081822106438789,0.236417346641877,0.916051980437282,-0.0495539794980033,-0.0207737096884222,0.397443864260887,0.921180565166679,-0.0351154843070648,-0.0148675274528352,0.3872624765563,0.921180565166679,-0.0351154843070648,-0.0148675274528352,0.3872624765563,0.976139233413581,-0.0358762451787607,0.0385583449570969,0.210661686257346,0.970883413545599,-0.0358974292267337,0.101566175744472,0.213965146277613,0.984939365280475,-0.0238687463173278,-0.00874275555893765,0.171021325849643,0.984939365280475,-0.0238687463173278,-0.00874275555893765,0.171021325849643
1420,2190,0.978096710380097,-0.0346093325705867,0.124177340237928,0.16342890629899,0.978096710380097,-0.0346093325705867,0.124177340237928,0.16342890629899,0.983143722057861,-0.0262587380898113,0.0743075262887283,0.164976640737398,0.983147553203365,-0.0262502292904243,0.0742568199909702,0.164977994827388,0.978096710380097,-0.0346093325705867,0.124177340237928,0.16342890629899,0.958542855894907,-0.0523482225723405,0.230843626937737,0.158639455711946,0.978096710380097,-0.0346093325705867,0.124177340237928,0.16342890629899,0.978096710380097,-0.0346093325705867,0.124177340237928,0.16342890629899,0.978109978483962,-0.0346468119775206,0.124207898438219,0.163318297736227,0.978109978483962,-0.0346468119775206,0.124207898438219,0.163318297736227,0.978099251706378,-0.0346165275633771,0.124183248359803,0.16340768237046,0.978096710380097,-0.0346093325705867,0.124177340237928,0.16342890629899,0.978109978483962,-0.0346468119775206,0.124207898438219,0.163318297736227,0.978109978483962,-0.0346468119775206,0.124207898438219,0.163318297736227,0.978099251706378,-0.0346165275633771,0.124183248359803,0.16340768237046,0.970031775018497,0.00732945925834557,-0.0779271126082591,0.230026084612126,0.915651174256049,-0.0491722487419982,-0.0194580812933545,0.398480112564673,0.920970144149525,-0.036156217741669,-0.0148343082102745,0.38766824064365,0.920970144149525,-0.036156217741669,-0.0148343082102745,0.38766824064365,0.975797487100014,-0.0358389047742933,0.0391299019319068,0.212140726520575,0.970579768316026,-0.0356389036455953,0.102515834061678,0.214930885749789,0.98492546900884,-0.0239674628376986,-0.00840619778161059,0.171104403981009,0.98492546900884,-0.0239674628376986,-0.00840619778161059,0.171104403981009
1421,2191,0.977851122472008,-0.0338460547447648,0.123512435295899,0.165548497986915,0.977851122472009,-0.0338460547447648,0.123512435295899,0.165548497986915,0.982864659378113,-0.025388723656354,0.0736559619992636,0.167054701575893,0.982868456919188,-0.0253801076809496,0.0736052700951892,0.167056010791628,0.977851122472008,-0.0338460547447648,0.123512435295899,0.165548497986915,0.95837177529282,-0.0518223413824937,0.230155772716174,0.160830051735195,0.977851122472008,-0.0338460547447648,0.123512435295899,0.165548497986915,0.977851122472008,-0.0338460547447648,0.123512435295899,0.165548497986915,0.977864208477572,-0.0338860976036927,0.123547226575212,0.165437012102184,0.977864208477572,-0.0338860976036927,0.123547226575212,0.165437012102184,0.977853631300062,-0.0338537604332581,0.123519146910638,0.165527094471806,0.977851122472008,-0.0338460547447648,0.123512435295899,0.165548497986915,0.977864208477572,-0.0338860976036927,0.123547226575212,0.165437012102184,0.977864208477572,-0.0338860976036927,0.123547226575212,0.165437012102184,0.977853631300062,-0.0338537604332581,0.123519146910638,0.165527094471806,0.971741091343329,0.00917065447713796,-0.0747307383674127,0.223719617455418,0.915182974186733,-0.0486080345921846,-0.0182070235993177,0.399682232559148,0.920748900503715,-0.0370196737079822,-0.0148027581257211,0.388113236480834,0.920748900503715,-0.0370196737079822,-0.0148027581257211,0.388113236480834,0.975457964978177,-0.0357604982396541,0.0397458616896278,0.213595907743652,0.970280807086421,-0.0353756305554603,0.103468558164711,0.215865647183251,0.984910962330581,-0.0240867394317197,-0.00803401095113931,0.171189018142619,0.984910962330581,-0.0240867394317197,-0.00803401095113931,0.171189018142619
1422,2192,0.97761833382818,-0.0331367328085157,0.122828574285822,0.167563395885563,0.977618333828181,-0.0331367328085158,0.122828574285822,0.167563395885563,0.982597416026997,-0.0245779161875149,0.0729848156477989,0.169030946095099,0.982601178953671,-0.0245691982872492,0.0729341375278455,0.169032213490348,0.97761833382818,-0.0331367328085157,0.122828574285822,0.167563395885563,0.958215498344746,-0.0513385919370766,0.229450482740844,0.162910661651849,0.97761833382818,-0.0331367328085157,0.122828574285822,0.167563395885563,0.97761833382818,-0.0331367328085157,0.122828574285822,0.167563395885563,0.977630758988017,-0.033174205537918,0.122864523445265,0.167457099120967,0.977630758988017,-0.033174205537918,0.122864523445265,0.167457099120967,0.977620711934531,-0.0331439039427452,0.122835483175344,0.167543037161006,0.97761833382818,-0.0331367328085157,0.122828574285822,0.167563395885563,0.977630758988017,-0.033174205537918,0.122864523445265,0.167457099120967,0.977630758988017,-0.033174205537918,0.122864523445265,0.167457099120967,0.977620711934531,-0.0331439039427452,0.122835483175344,0.167543037161006,0.972993675143473,0.0107468239858009,-0.0727444955467825,0.218805969463039,0.914765402639361,-0.0480093634178332,-0.0170067527750334,0.400761936214396,0.9204771868678,-0.0379600847222309,-0.0148134856914417,0.388666104858003,0.9204771868678,-0.0379600847222309,-0.0148134856914417,0.388666104858003,0.975120744970177,-0.035613602021417,0.0404428441492722,0.215024604259569,0.969996350794658,-0.0350857922512523,0.10442263566314,0.216730200452803,0.984896297948435,-0.0242060121689735,-0.00766182283426265,0.171273604893455,0.984896297948435,-0.0242060121689735,-0.00766182283426265,0.171273604893455
1423,2193,0.977413101377889,-0.032421348508048,0.122171731017959,0.169371052886412,0.977413101377889,-0.032421348508048,0.122171731017959,0.169371052886412,0.982359066368314,-0.0237715866935267,0.0723392516483416,0.170799909429146,0.982362795999973,-0.0237627775590393,0.0722885858222667,0.170801135235138,0.977413101377889,-0.032421348508048,0.122171731017959,0.169371052886412,0.958083643740802,-0.0508260570019,0.228775073383041,0.164785950021753,0.977413101377889,-0.032421348508048,0.122171731017959,0.169371052886412,0.977413101377889,-0.032421348508048,0.122171731017959,0.169371052886412,0.977424094702102,-0.0324589950525087,0.122206384470554,0.169275374259201,0.977424094702102,-0.0324589950525087,0.122206384470554,0.169275374259201,0.977415198518528,-0.0324285747653253,0.122178371173432,0.169352776360717,0.977413101377889,-0.032421348508048,0.122171731017959,0.169371052886412,0.977424094702102,-0.0324589950525087,0.122206384470554,0.169275374259201,0.977424094702102,-0.0324589950525087,0.122206384470554,0.169275374259201,0.977415198518528,-0.0324285747653253,0.122178371173432,0.169352776360717,0.973648175530594,0.011383594713518,-0.0720218036576904,0.216084483143138,0.914416592426574,-0.0474105133752079,-0.0158069366765599,0.401677332531193,0.920342921626087,-0.0383565436010351,-0.0146897727619671,0.388949730366205,0.920342921626087,-0.0383565436010351,-0.0146897727619671,0.388949730366205,0.974780153176875,-0.035454956722663,0.0412377150600067,0.216439483165368,0.969722546678492,-0.0347936164611097,0.105335767578313,0.21755910182207,0.984879069062618,-0.0243238264680355,-0.00729411651456736,0.171372012454123,0.984879069062618,-0.0243238264680355,-0.00729411651456736,0.171372012454123
1424,2194,0.977247309118252,-0.0316658718904566,0.121521758383038,0.170931072710751,0.977247309118252,-0.0316658718904566,0.121521758383038,0.170931072710751,0.982160455114635,-0.0229378022390527,0.0716985449530333,0.172319518015438,0.982164151701744,-0.0229289147309936,0.0716478893712993,0.1723207008165,0.977247309118252,-0.0316658718904566,0.121521758383038,0.170931072710751,0.957990236207751,-0.0502464760290577,0.228110824534889,0.166419502184366,0.977247309118252,-0.0316658718904566,0.121521758383038,0.170931072710751,0.977247309118252,-0.0316658718904566,0.121521758383038,0.170931072710751,0.977256238232505,-0.0317055309848287,0.12155600087982,0.17084830344703,0.977256238232505,-0.0317055309848287,0.12155600087982,0.17084830344703,0.97724900509916,-0.0316734994773319,0.121528326639459,0.170915292726471,0.977247309118252,-0.0316658718904566,0.121521758383038,0.170931072710751,0.977256238232505,-0.0317055309848287,0.12155600087982,0.17084830344703,0.977256238232505,-0.0317055309848287,0.12155600087982,0.17084830344703,0.97724900509916,-0.0316734994773319,0.121528326639459,0.170915292726471,0.973734469224981,0.0113164429252534,-0.0720404357064083,0.215692598820391,0.914083031107055,-0.0468085347197453,-0.014675698483603,0.402549123950789,0.920339255094072,-0.0382486892023041,-0.0146223811591424,0.388971566154176,0.920339255094072,-0.0382486892023041,-0.0146223811591424,0.388971566154176,0.974430781551538,-0.0353664507573996,0.0421040356699179,0.217855723601629,0.969460255381056,-0.0344840625892874,0.106226095572621,0.218343031222047,0.984861680588762,-0.0243857444242301,-0.00694185468205163,0.171477742667467,0.984861680588762,-0.0243857444242301,-0.00694185468205163,0.171477742667467
1425,2195,0.977123180921991,-0.0308697382463965,0.120912464322488,0.172213601486503,0.977123180921991,-0.0308697382463965,0.120912464322488,0.172213601486503,0.982005521469554,-0.0220775160935331,0.0710963467905063,0.173559927862087,0.982009186998155,-0.0220685646117719,0.0710456992003645,0.17356106629175,0.977123180921991,-0.0308697382463965,0.120912464322488,0.172213601486503,0.957933773280425,-0.0495960090863211,0.227491583871523,0.167781706866579,0.977123180921991,-0.0308697382463965,0.120912464322488,0.172213601486503,0.977123180921991,-0.0308697382463965,0.120912464322488,0.172213601486503,0.977129903281671,-0.0309115300995096,0.1209446497654,0.172145348797996,0.977129903281671,-0.0309115300995096,0.1209446497654,0.172145348797996,0.977124452353004,-0.0308777762790209,0.120918624580466,0.172200620717447,0.977123180921991,-0.0308697382463965,0.120912464322488,0.172213601486503,0.977129903281671,-0.0309115300995096,0.1209446497654,0.172145348797996,0.977129903281671,-0.0309115300995096,0.1209446497654,0.172145348797996,0.977124452353004,-0.0308777762790209,0.120918624580466,0.172200620717447,0.973314374758513,0.0110019316902059,-0.0723369106976576,0.217498176402121,0.913725064348295,-0.0461989746535854,-0.0136070668449417,0.403468721531842,0.920437863567684,-0.0377629540544187,-0.0143765410688627,0.388794822083498,0.920437863567684,-0.0377629540544187,-0.0143765410688627,0.388794822083498,0.974069844663838,-0.0353748045861621,0.0430154823380687,0.219285725017115,0.96919168119825,-0.0341696323904008,0.107097103636003,0.219157778121592,0.984843033556506,-0.0244072701552596,-0.00655332474230672,0.171597023149032,0.984843033556506,-0.0244072701552596,-0.00655332474230672,0.171597023149032
1426,2196,0.977052429574876,-0.0300329518102402,0.120323386066836,0.173172903286878,0.977052429574876,-0.0300329518102402,0.120323386066836,0.173172903286878,0.981904923112905,-0.021193056900924,0.0705116255620223,0.174475462362009,0.981908558484308,-0.0211840582011245,0.0704609831610759,0.174476555173966,0.977052429574876,-0.0300329518102402,0.120323386066836,0.173172903286878,0.957928144176583,-0.0488696375304795,0.226898298731316,0.168827104325349,0.977052429574876,-0.0300329518102402,0.120323386066836,0.173172903286878,0.977052429574876,-0.0300329518102402,0.120323386066836,0.173172903286878,0.977056354770693,-0.0300768823242165,0.120354455606534,0.173121534672944,0.977056354770693,-0.0300768823242165,0.120354455606534,0.173121534672944,0.977053159565476,-0.0300414003578552,0.12032933965623,0.173163182188233,0.977052429574876,-0.0300329518102402,0.120323386066836,0.173172903286878,0.977056354770693,-0.0300768823242165,0.120354455606534,0.173121534672944,0.977056354770693,-0.0300768823242165,0.120354455606534,0.173121534672944,0.977053159565476,-0.0300414003578552,0.12032933965623,0.173163182188233,0.972518894188569,0.0107055646272908,-0.0725673095892072,0.220966913612056,0.913351296159473,-0.0456360350685295,-0.0125986007888046,0.404410728548589,0.920412614164151,-0.0377914904821618,-0.0145217280767028,0.388846425145351,0.920412614164151,-0.0377914904821618,-0.0145217280767028,0.388846425145351,0.973700824604366,-0.0355033301083653,0.0439178101461798,0.220720283771018,0.968911957964876,-0.033843972393068,0.107944805210971,0.220027548896253,0.984822411464418,-0.0243808565392477,-0.00622416444091808,0.171731335197846,0.984822411464418,-0.0243808565392477,-0.00622416444091808,0.171731335197846
1427,2197,0.977036563668967,-0.029157785044845,0.119748054003985,0.173809609594734,0.977036563668967,-0.029157785044845,0.119748054003985,0.173809609594734,0.981859837885202,-0.0202866620938303,0.0699378433457086,0.175066867674286,0.981863443663521,-0.0202776328931696,0.0698872032708217,0.175067913737627,0.977036563668967,-0.029157785044845,0.119748054003985,0.173809609594734,0.957975558874611,-0.0480696894299287,0.226324704313695,0.169556072655348,0.977036563668967,-0.029157785044845,0.119748054003985,0.173809609594734,0.977036563668967,-0.029157785044845,0.119748054003985,0.173809609594734,0.977037592354325,-0.0292037410894567,0.119778378888483,0.173775212800018,0.977037592354325,-0.0292037410894567,0.119778378888483,0.173775212800018,0.977036737060512,-0.029166621422048,0.119753867772947,0.173803146641223,0.977036563668967,-0.029157785044845,0.119748054003985,0.173809609594734,0.977037592354325,-0.0292037410894567,0.119778378888483,0.173775212800018,0.977037592354325,-0.0292037410894567,0.119778378888483,0.173775212800018,0.977036737060512,-0.029166621422048,0.119753867772947,0.173803146641223,0.971542652358101,0.010613226144829,-0.0724737423361217,0.225254946120128,0.912994258203005,-0.0451206394980674,-0.0116668808631294,0.405301734847701,0.920425970727027,-0.0375838971928829,-0.0145513318385482,0.388833822891903,0.920425970727027,-0.0375838971928829,-0.0145513318385482,0.388833822891903,0.973337944078427,-0.0357313107281769,0.0447613336793822,0.222110204758967,0.968600665972506,-0.0334915152312888,0.108813221206587,0.221022060382616,0.984801668850514,-0.0242899608724736,-0.00591691822087017,0.171873968095302,0.984801668850514,-0.0242899608724736,-0.00591691822087017,0.171873968095302
1428,2198,0.977066786451738,-0.0282726877644903,0.119211943681824,0.174154134096917,0.977066786451738,-0.0282726877644903,0.119211943681824,0.174154134096917,0.981862775133503,-0.0193851990206476,0.0694008898405538,0.175365964073435,0.981866353218134,-0.0193761543951183,0.0693502496148908,0.175366963642905,0.977066786451738,-0.0282726877644903,0.119211943681824,0.174154134096917,0.958064476033564,-0.0472277826300941,0.225795155984485,0.169995717135227,0.977066786451738,-0.0282726877644903,0.119211943681824,0.174154134096917,0.977066786451738,-0.0282726877644903,0.119211943681824,0.174154134096917,0.977065357659372,-0.0283192413355511,0.119240269220105,0.174135193537834,0.977065357659372,-0.0283192413355511,0.119240269220105,0.174135193537834,0.977066491843252,-0.0282816272731829,0.119217363641923,0.174150625270688,0.977066786451738,-0.0282726877644903,0.119211943681824,0.174154134096917,0.977065357659372,-0.0283192413355511,0.119240269220105,0.174135193537834,0.977065357659372,-0.0283192413355511,0.119240269220105,0.174135193537834,0.977066491843252,-0.0282816272731829,0.119217363641923,0.174150625270688,0.970592824317778,0.0105709897019816,-0.0721632319711757,0.229412927950963,0.912673717904608,-0.0446920425168054,-0.0107964808427322,0.406094498834039,0.92049364346819,-0.0371379916564005,-0.0144779852812305,0.388719191515656,0.92049364346819,-0.0371379916564005,-0.0144779852812305,0.388719191515656,0.97298678057722,-0.0359480492056605,0.0455090482219508,0.223457801632022,0.968257881104156,-0.0331279614757207,0.109689173272707,0.222142969987583,0.984774782083256,-0.0241946363527512,-0.00558001025921139,0.172052642031853,0.984774782083256,-0.0241946363527512,-0.00558001025921139,0.172052642031853
1429,2199,0.977137203056107,-0.0274322720437723,0.118689006304401,0.174250614451368,0.977137203056107,-0.0274322720437723,0.118689006304401,0.174250614451368,0.981906523743202,-0.0185409659938217,0.0688750495054454,0.175419607701587,0.981910074707259,-0.0185319186027145,0.0688244070241223,0.175420563729185,0.977137203056107,-0.0274322720437723,0.118689006304401,0.174250614451368,0.95819189719763,-0.046403046191954,0.225283115121051,0.170183910785568,0.977137203056107,-0.0274322720437723,0.118689006304401,0.174250614451368,0.977137203056107,-0.0274322720437723,0.118689006304401,0.174250614451368,0.977133636524252,-0.0274766212391284,0.11871657258164,0.17424484799454,0.977133636524252,-0.0274766212391284,0.11871657258164,0.17424484799454,0.977136500855967,-0.027440765735407,0.118694290475325,0.174249615435357,0.977137203056107,-0.0274322720437723,0.118689006304401,0.174250614451368,0.977133636524252,-0.0274766212391284,0.11871657258164,0.17424484799454,0.977133636524252,-0.0274766212391284,0.11871657258164,0.17424484799454,0.977136500855967,-0.027440765735407,0.118694290475325,0.174249615435357,0.969802557880372,0.0103393087373205,-0.0718837219526682,0.232827893392852,0.912385273490905,-0.0443014697604945,-0.00993149646678122,0.406806904897049,0.9205324031614,-0.0368052988534251,-0.0145369364643129,0.388656843738075,0.9205324031614,-0.0368052988534251,-0.0145369364643129,0.388656843738075,0.972641760658311,-0.036110141875882,0.0461943139021299,0.224789119933142,0.967906383704229,-0.0327620767671135,0.110589907860987,0.22327953553742,0.984741461022408,-0.0240761306417397,-0.00516219687626724,0.17227288411177,0.984741461022408,-0.0240761306417397,-0.00516219687626724,0.17227288411177
1430,2200,0.97723214570937,-0.0266808879293743,0.118252430744344,0.174131634789933,0.97723214570937,-0.0266808879293743,0.118252430744344,0.174131634789933,0.981979155831994,-0.0177965997388086,0.0684342129067773,0.175262594563276,0.981982684059555,-0.0177875604467336,0.068383566679999,0.175263512199968,0.97723214570937,-0.0266808879293743,0.118252430744344,0.174131634789933,0.958334211551766,-0.0456431403801162,0.224859607208901,0.170148169991791,0.97723214570937,-0.0266808879293743,0.118252430744344,0.174131634789933,0.97723214570937,-0.0266808879293743,0.118252430744344,0.174131634789933,0.977227240467932,-0.0267206751526408,0.118275640286164,0.174137299053695,0.977227240467932,-0.0267206751526408,0.118275640286164,0.174137299053695,0.977231193109854,-0.0266884868135336,0.118256849808015,0.174132815282418,0.97723214570937,-0.0266808879293743,0.118252430744344,0.174131634789933,0.977227240467932,-0.0267206751526408,0.118275640286164,0.174137299053695,0.977227240467932,-0.0267206751526408,0.118275640286164,0.174137299053695,0.977231193109854,-0.0266884868135336,0.118256849808015,0.174132815282418,0.969224537544485,0.01011490114822,-0.0717279629161922,0.235279799244082,0.912096191051589,-0.0439376390164757,-0.00908481711489207,0.407513789024163,0.920558581977509,-0.0365171862549273,-0.0146444470907182,0.388617977485589,0.920558581977509,-0.0365171862549273,-0.0146444470907182,0.388617977485589,0.972316974338444,-0.0362078248024974,0.0468178243729356,0.226045982396041,0.967561684800523,-0.0324247029522703,0.111493740902381,0.224370609670748,0.984700791935886,-0.0238823292954622,-0.00472723169204856,0.172544597101132,0.984700791935886,-0.0238823292954622,-0.00472723169204856,0.172544597101132
1431,2201,0.977303201457656,-0.0260845412996981,0.117875819980378,0.174078546035273,0.977303201457656,-0.0260845412996981,0.117875819980378,0.174078546035273,0.982030979446889,-0.017203721871756,0.0680544776044436,0.17517926657664,0.982034488089316,-0.0171946868781581,0.0680038287053378,0.175180153635429,0.977303201457656,-0.0260845412996981,0.117875819980378,0.174078546035273,0.9584461979811,-0.0450445705881021,0.224493078046972,0.170160894876302,0.977303201457656,-0.0260845412996981,0.117875819980378,0.174078546035273,0.977303201457656,-0.0260845412996981,0.117875819980378,0.174078546035273,0.977299416724965,-0.0261163483508184,0.117895812603801,0.174081486058544,0.977299416724965,-0.0261163483508184,0.117895812603801,0.174081486058544,0.97730248388033,-0.0260905808222496,0.117879630581266,0.174079089174202,0.977303201457656,-0.0260845412996981,0.117875819980378,0.174078546035273,0.977299416724965,-0.0261163483508184,0.117895812603801,0.174081486058544,0.977299416724965,-0.0261163483508184,0.117895812603801,0.174081486058544,0.97730248388033,-0.0260905808222496,0.117879630581266,0.174079089174202,0.968877304849489,0.0101559337210021,-0.0717678717208149,0.236691777944462,0.91206675557184,-0.0436066692619142,-0.00813005162422567,0.407635368972231,0.92065379071968,-0.0362452534699657,-0.0147805217758555,0.388412686984366,0.92065379071968,-0.0362452534699657,-0.0147805217758555,0.388412686984366,0.972038365530068,-0.0363028202623678,0.0474270013792062,0.22709953923073,0.967254684338871,-0.0321099368926156,0.112445966793345,0.225262584840834,0.984645570807172,-0.0236968782533638,-0.00415887056107557,0.172899570984198,0.984645570807172,-0.0236968782533638,-0.00415887056107557,0.172899570984198
1432,2202,0.977418616057595,-0.0254625777709542,0.117507544675794,0.17377135282198,0.977418616057595,-0.0254625777709542,0.117507544675794,0.17377135282198,0.982127528217576,-0.0165981744392763,0.067680812560956,0.174840860595018,0.982131017587887,-0.0165891568999655,0.0676301586827892,0.174841716422802,0.977418616057595,-0.0254625777709542,0.117507544675794,0.17377135282198,0.958601359518706,-0.0443926323614997,0.22413970554225,0.169923865658535,0.977418616057595,-0.0254625777709542,0.117507544675794,0.17377135282198,0.977418616057595,-0.0254625777709542,0.117507544675794,0.17377135282198,0.977412672074281,-0.025495266720086,0.11752695999605,0.173786862327315,0.977412672074281,-0.025495266720086,0.11752695999605,0.173786862327315,0.977417457837115,-0.0254688578829326,0.117511265908106,0.17377443073722,0.977418616057595,-0.0254625777709542,0.117507544675794,0.17377135282198,0.977412672074281,-0.025495266720086,0.11752695999605,0.173786862327315,0.977412672074281,-0.025495266720086,0.11752695999605,0.173786862327315,0.977417457837115,-0.0254688578829326,0.117511265908106,0.17377443073722,0.96873308003912,0.0102418647949204,-0.0715399152811344,0.237346506957677,0.911707676882446,-0.043312544799694,-0.0073088447145656,0.408484658421252,0.920675200696595,-0.0360376794302234,-0.0149111300175156,0.388376259167795,0.920675200696595,-0.0360376794302234,-0.0149111300175156,0.388376259167795,0.971805618629866,-0.0363416257269314,0.047861541321843,0.227996488352879,0.966965892175814,-0.0318901456017177,0.11339114956201,0.226058464082058,0.984581660562608,-0.0234811144512083,-0.0035840516528269,0.173305353413148,0.984581660562608,-0.0234811144512083,-0.0035840516528269,0.173305353413148
1433,2203,0.977526602431819,-0.0248657601623118,0.117174696480319,0.17347485700931,0.977526602431819,-0.0248657601623118,0.117174696480319,0.17347485700931,0.982218458857002,-0.0160171967619859,0.0673429063653,0.174514416168803,0.982221930799487,-0.0160081960600056,0.067292247797783,0.174515242032765,0.977526602431819,-0.0248657601623118,0.117174696480319,0.17347485700931,0.958745247054911,-0.0437668627711659,0.223820730064863,0.169694707536859,0.977526602431819,-0.0248657601623118,0.117174696480319,0.17347485700931,0.977526602431819,-0.0248657601623118,0.117174696480319,0.17347485700931,0.977520920555736,-0.0248972358659655,0.117192311413114,0.17349045987533,0.977520920555736,-0.0248972358659655,0.117192311413114,0.17349045987533,0.977525513785775,-0.0248717912113246,0.117178062510554,0.173477853243776,0.977526602431819,-0.0248657601623118,0.117174696480319,0.17347485700931,0.977520920555736,-0.0248972358659655,0.117192311413114,0.17349045987533,0.977520920555736,-0.0248972358659655,0.117192311413114,0.17349045987533,0.977525513785775,-0.0248717912113246,0.117178062510554,0.173477853243776,0.968761065217337,0.0105349965406419,-0.0710036843320993,0.237380473455859,0.911300112988085,-0.043044568010572,-0.00649631578460837,0.409435058481701,0.920693764546305,-0.0358590210718807,-0.0150518986904399,0.38834335693962,0.920693764546305,-0.0358590210718807,-0.0150518986904399,0.38834335693962,0.971646252140777,-0.0363276004419184,0.0481794209512742,0.228610169379477,0.966719680414863,-0.0317601109142768,0.114343178496222,0.226649492354777,0.984496307217383,-0.0232701460024154,-0.00299427205401224,0.173829099161301,0.984496307217383,-0.0232701460024154,-0.00299427205401224,0.173829099161301
1434,2204,0.977614400839792,-0.0242768832519202,0.116915232729544,0.173238403842865,0.977614400839792,-0.0242768832519202,0.116915232729544,0.173238403842865,0.982292957201483,-0.0154410980025969,0.0670793157829982,0.17424834036204,0.982296415549033,-0.0154321110243944,0.0670286533735371,0.174249136513734,0.977614400839792,-0.0242768832519202,0.116915232729544,0.173238403842865,0.958861009446109,-0.0431555799045039,0.223572478041321,0.169524356803254,0.977614400839792,-0.0242768832519202,0.116915232729544,0.173238403842865,0.977614400839792,-0.0242768832519202,0.116915232729544,0.173238403842865,0.977609739221002,-0.0243079011931984,0.116929088147399,0.173251008842213,0.977609739221002,-0.0243079011931984,0.116929088147399,0.173251008842213,0.977613514331827,-0.0242828323906694,0.116917861310123,0.173240798755743,0.977614400839792,-0.0242768832519202,0.116915232729544,0.173238403842865,0.977609739221002,-0.0243079011931984,0.116929088147399,0.173251008842213,0.977609739221002,-0.0243079011931984,0.116929088147399,0.173251008842213,0.977613514331827,-0.0242828323906694,0.116917861310123,0.173240798755743,0.968934387781403,0.011067965181638,-0.07011183872215,0.236913449159001,0.910911203295482,-0.0427877132994682,-0.00567519527752738,0.41033862048306,0.920718082647447,-0.0357194347748516,-0.015190693660012,0.388293158697785,0.920718082647447,-0.0357194347748516,-0.015190693660012,0.388293158697785,0.971558846367469,-0.0362192095562397,0.048411478879643,0.228949570029997,0.966506239548825,-0.031728761549489,0.115288866801376,0.227084679790119,0.984388444376682,-0.0230894148953297,-0.00239531869851307,0.174472152350397,0.984388444376682,-0.0230894148953297,-0.00239531869851307,0.174472152350397
1435,2205,0.977686688896451,-0.0236466759443367,0.1167021274283,0.173061221899032,0.977686688896451,-0.0236466759443367,0.1167021274283,0.173061221899032,0.982354321291895,-0.0148207099443601,0.0668628120163759,0.17403935866679,0.982357768473059,-0.0148117337453331,0.0668121464423148,0.174040122821894,0.977686688896451,-0.0236466759443367,0.1167021274283,0.173061221899032,0.958956264086229,-0.0425097259785016,0.223368600661287,0.169417457794748,0.977686688896451,-0.0236466759443367,0.1167021274283,0.173061221899032,0.977686688896451,-0.0236466759443367,0.1167021274283,0.173061221899032,0.977682853734537,-0.0236797375077256,0.116713476936103,0.173070713428192,0.977682853734537,-0.0236797375077256,0.116713476936103,0.173070713428192,0.977685959516503,-0.0236530375665373,0.116704285049684,0.173063018086511,0.977686688896451,-0.0236466759443367,0.1167021274283,0.173061221899032,0.977682853734537,-0.0236797375077256,0.116713476936103,0.173070713428192,0.977682853734537,-0.0236797375077256,0.116713476936103,0.173070713428192,0.977685959516503,-0.0236530375665373,0.116704285049684,0.173063018086511,0.96920230801816,0.0117553776686373,-0.0689828425883937,0.236114515980201,0.910587532229595,-0.0425725919956804,-0.00487316797174742,0.411089008357929,0.920754287459441,-0.0355482502429315,-0.0152940547636045,0.388218953579821,0.920754287459441,-0.0355482502429315,-0.0152940547636045,0.388218953579821,0.971531984424521,-0.0359935977613102,0.0485646407759535,0.22906667113889,0.966311986900623,-0.0317778442219286,0.116203668030155,0.227437947856367,0.984258157650832,-0.0229363128632924,-0.00182817749157431,0.175232595190183,0.984258157650832,-0.0229363128632924,-0.00182817749157431,0.175232595190183
1436,2206,0.977753140481023,-0.0229122209849285,0.116534162053057,0.172897702366534,0.977753140481023,-0.0229122209849285,0.116534162053057,0.172897702366534,0.982412150577483,-0.0140955145952913,0.0666916864656792,0.173838723598577,0.982415588932672,-0.014086548745097,0.0666410179092672,0.173839450351583,0.977753140481023,-0.0229122209849285,0.116534162053057,0.172897702366534,0.959040760160642,-0.0417617554224328,0.22320894918531,0.169335587335107,0.977753140481023,-0.0229122209849285,0.116534162053057,0.172897702366534,0.977753140481023,-0.0229122209849285,0.116534162053057,0.172897702366534,0.977749641379231,-0.0229505971722858,0.11654312961409,0.172906355614752,0.977749641379231,-0.0229505971722858,0.11654312961409,0.172906355614752,0.977752471621669,-0.0229196292206345,0.116535863634836,0.172899356045618,0.977753140481023,-0.0229122209849285,0.116534162053057,0.172897702366534,0.977749641379231,-0.0229505971722858,0.11654312961409,0.172906355614752,0.977749641379231,-0.0229505971722858,0.11654312961409,0.172906355614752,0.977752471621669,-0.0229196292206345,0.116535863634836,0.172899356045618,0.969499943765532,0.0125374367354807,-0.0678057347986429,0.235191526308137,0.910370814709753,-0.0423864387313525,-0.004086750587377,0.411596486872774,0.92077245787308,-0.0354131456025538,-0.0154095633273881,0.388183636052525,0.92077245787308,-0.0354131456025538,-0.0154095633273881,0.388183636052525,0.971542986251589,-0.0356787940817208,0.0487031958151424,0.229039839843663,0.966117191598126,-0.0318966356447677,0.117112409457382,0.227782484586021,0.984111303854577,-0.022836956618889,-0.00128001350074803,0.17607321375913,0.984111303854577,-0.022836956618889,-0.00128001350074803,0.17607321375913
1437,2207,0.977807140402299,-0.0221277818680559,0.116395263552964,0.172788020621554,0.977807140402299,-0.0221277818680559,0.116395263552964,0.172788020621554,0.982459021542895,-0.0133176635112144,0.0665502230519383,0.173689316422504,0.982462452601965,-0.0133087053678151,0.0664995520783177,0.173690003057595,0.977807140402299,-0.0221277818680559,0.116395263552964,0.172788020621554,0.959109687681303,-0.0409700156762811,0.223076821286207,0.16931271841241,0.977807140402299,-0.0221277818680559,0.116395263552964,0.172788020621554,0.977807140402299,-0.0221277818680559,0.116395263552964,0.172788020621554,0.97780428208303,-0.0221689230145534,0.116402658836751,0.172793940310994,0.97780428208303,-0.0221689230145534,0.116402658836751,0.172793940310994,0.977806596919455,-0.0221357004149852,0.116396669935454,0.172789134542276,0.977807140402299,-0.0221277818680559,0.116395263552964,0.172788020621554,0.97780428208303,-0.0221689230145534,0.116402658836751,0.172793940310994,0.97780428208303,-0.0221689230145534,0.116402658836751,0.172793940310994,0.977806596919455,-0.0221357004149852,0.116396669935454,0.172789134542276,0.969789674276905,0.0132944443362488,-0.0667303322688135,0.234261196468767,0.910279491508977,-0.0422311703949652,-0.00332875577791731,0.411821192959033,0.92079091818552,-0.0353264372437791,-0.0155144329516839,0.388143569042329,0.92079091818552,-0.0353264372437791,-0.0155144329516839,0.388143569042329,0.9715735101254,-0.0353115976118078,0.0488191835558892,0.228942553523036,0.965924980663972,-0.0320694015567562,0.117989734494176,0.228120379990676,0.983944606840099,-0.0228211847394627,-0.000724862076935894,0.177007566991752,0.983944606840099,-0.0228211847394627,-0.000724862076935894,0.177007566991752
1438,2208,0.97784036477858,-0.0212884998221718,0.116357528513476,0.172730849425488,0.97784036477858,-0.0212884998221718,0.116357528513476,0.172730849425488,0.982490285193538,-0.01248237165318,0.0665108482308857,0.173589564680141,0.982493714221787,-0.0124734186556447,0.0664601756448768,0.17359020823471,0.97784036477858,-0.0212884998221718,0.116357528513476,0.172730849425488,0.95914685526038,-0.0401295315971868,0.223042963296751,0.169348065420658,0.97784036477858,-0.0212884998221718,0.116357528513476,0.172730849425488,0.97784036477858,-0.0212884998221718,0.116357528513476,0.172730849425488,0.97783857881529,-0.0213325213831327,0.116359787192266,0.172734007180122,0.97783857881529,-0.0213325213831327,0.116359787192266,0.172734007180122,0.977840030603453,-0.0212969719053964,0.11635792034464,0.172731432895603,0.97784036477858,-0.0212884998221718,0.116357528513476,0.172730849425488,0.97783857881529,-0.0213325213831327,0.116359787192266,0.172734007180122,0.97783857881529,-0.0213325213831327,0.116359787192266,0.172734007180122,0.977840030603453,-0.0212969719053964,0.11635792034464,0.172731432895603,0.970072164588638,0.0139778550927333,-0.0657842446388942,0.233317483731098,0.910307413411891,-0.0421237916260081,-0.00256939410025884,0.411775906872122,0.920798699148551,-0.0351665115343439,-0.0155982227502689,0.388136274470546,0.920798699148551,-0.0351665115343439,-0.0155982227502689,0.388136274470546,0.971595749437773,-0.0348842380586072,0.0489861491168914,0.228878017302275,0.965720419901615,-0.0322676644344004,0.118845380770066,0.228513990570853,0.983761712429779,-0.022848510795369,-0.000158092049820544,0.178019138629999,0.983761712429779,-0.022848510795369,-0.000158092049820544,0.178019138629999
1439,2209,0.977851756808148,-0.0204350226554123,0.116382607625981,0.172752540353156,0.977851756808148,-0.0204350226554123,0.116382607625981,0.172752540353156,0.982502937084892,-0.0116288950467513,0.066535315962021,0.173567851716231,0.982506367375061,-0.0116199431702097,0.0664846427234511,0.173568451252286,0.977851756808148,-0.0204350226554123,0.116382607625981,0.172752540353156,0.959155424120728,-0.0392835991279492,0.223069141815694,0.169463356478475,0.977851756808148,-0.0204350226554123,0.116382607625981,0.172752540353156,0.977851756808148,-0.0204350226554123,0.116382607625981,0.172752540353156,0.977851116639531,-0.020479897989256,0.116381468833495,0.172751617003519,0.977851116639531,-0.020479897989256,0.116381468833495,0.172751617003519,0.97785164314804,-0.0204436422242543,0.116382361181837,0.172752329914895,0.977851756808148,-0.0204350226554123,0.116382607625981,0.172752540353156,0.977851116639531,-0.020479897989256,0.116381468833495,0.172751617003519,0.977851116639531,-0.020479897989256,0.116381468833495,0.172751617003519,0.97785164314804,-0.0204436422242543,0.116382361181837,0.172752329914895,0.970330862173564,0.0145459167211906,-0.0649013762782117,0.232452673844467,0.910405464345917,-0.0420408137772957,-0.00181674128622217,0.411571573261731,0.920805432439043,-0.0350402663754884,-0.0155878854875874,0.388132133620896,0.920805432439043,-0.0350402663754884,-0.0155878854875874,0.388132133620896,0.971598327974878,-0.0344163222514094,0.0491629476247267,0.228900000917339,0.965508159165787,-0.0324931273816224,0.119677964013729,0.228944045973648,0.983555870757122,-0.0229628162883319,0.000369792064762322,0.179137995470355,0.983555870757122,-0.0229628162883319,0.000369792064762322,0.179137995470355
1440,2210,0.977828602362062,-0.0196476355530083,0.11651462151532,0.172885909758358,0.977828602362062,-0.0196476355530083,0.11651462151532,0.172885909758358,0.982486521839816,-0.0108357473148727,0.0666683360172045,0.173661031771458,0.982489958990592,-0.0108267906335714,0.0666176636250833,0.173661590400341,0.977828602362061,-0.0196476355530083,0.11651462151532,0.172885909758358,0.959117911584164,-0.038515621809521,0.223197814287313,0.169682392287547,0.977828602362061,-0.0196476355530083,0.11651462151532,0.172885909758358,0.977828602362061,-0.0196476355530083,0.11651462151532,0.172885909758358,0.97782974500437,-0.0196892490200061,0.116507965897539,0.172879198112826,0.97782974500437,-0.0196892490200061,0.116507965897539,0.172879198112826,0.977828836010466,-0.0196555956857211,0.116513299297967,0.172884574532717,0.977828602362061,-0.0196476355530083,0.11651462151532,0.172885909758358,0.97782974500437,-0.0196892490200061,0.116507965897539,0.172879198112826,0.97782974500437,-0.0196892490200061,0.116507965897539,0.172879198112826,0.977828836010466,-0.0196555956857211,0.116513299297967,0.172884574532717,0.970528945532098,0.0149725056946536,-0.0641678110622385,0.2318013847695,0.910558754757529,-0.042024609564056,-0.00104953069775905,0.41123665304873,0.920786732232334,-0.0350060260668368,-0.0155396869543065,0.388181516836223,0.920786732232334,-0.0350060260668368,-0.0155396869543065,0.388181516836223,0.971563137198084,-0.0339300029774034,0.0493471013533222,0.22908227544661,0.96527511131372,-0.0327233450432919,0.120455047948174,0.229485780804096,0.983347282790216,-0.0230741819411649,0.000937642976591498,0.180263208621432,0.983347282790216,-0.0230741819411649,0.000937642976591498,0.180263208621432
1441,2211,0.977765417525938,-0.0189683099208828,0.116779278488875,0.173140381265292,0.977765417525938,-0.0189683099208828,0.116779278488875,0.173140381265292,0.982436869191752,-0.0101443666915195,0.0669358621873403,0.173880649384494,0.98244032014041,-0.010135398684234,0.0668851923557269,0.173881172354735,0.977765417525938,-0.0189683099208828,0.116779278488875,0.173140381265292,0.95902604354677,-0.0378683520996971,0.223453931254483,0.170009930048803,0.977765417525938,-0.0189683099208828,0.116779278488875,0.173140381265292,0.977765417525938,-0.0189683099208828,0.116779278488875,0.173140381265292,0.977768649359482,-0.0190043571797329,0.116765714704182,0.173127324843714,0.977768649359482,-0.0190043571797329,0.116765714704182,0.173127324843714,0.977766054675629,-0.0189751828367485,0.116776619050793,0.173137823722702,0.977765417525938,-0.0189683099208828,0.116779278488875,0.173140381265292,0.977768649359482,-0.0190043571797329,0.116765714704182,0.173127324843714,0.977768649359482,-0.0190043571797329,0.116765714704182,0.173127324843714,0.977766054675629,-0.0189751828367485,0.116776619050793,0.173137823722702,0.970635520614194,0.0153005062947704,-0.0636311511010155,0.23148144037632,0.910703985700846,-0.0420926079628046,-0.000245229129759303,0.410909238939887,0.920757519038154,-0.0350541770503576,-0.0154443314622096,0.388250265204949,0.920757519038154,-0.0350541770503576,-0.0154443314622096,0.388250265204949,0.971479244591137,-0.0334570443816389,0.0495105357133811,0.229472025230209,0.965003800900077,-0.0329279638398441,0.121215156077827,0.230196219306041,0.983132662329238,-0.0232438767326223,0.00147803738909597,0.181404812122885,0.983132662329238,-0.0232438767326223,0.00147803738909597,0.181404812122885
1442,2212,0.977666917320795,-0.0184019348420581,0.117127711031283,0.173521949271827,0.977666917320795,-0.0184019348420581,0.117127711031283,0.173521949271827,0.982356204498222,-0.00955933129114983,0.0672888504792702,0.174232939682174,0.98235967365256,-0.00955034511506912,0.067238184807515,0.174233432478411,0.977666917320795,-0.0184019348420581,0.117127711031283,0.173521949271827,0.958889873281311,-0.0373473078304138,0.223789438610329,0.170451390967766,0.977666917320795,-0.0184019348420581,0.117127711031283,0.173521949271827,0.977666917320795,-0.0184019348420581,0.117127711031283,0.173521949271827,0.977672019248958,-0.0184320562507113,0.117109613049007,0.173502220768344,0.977672019248958,-0.0184320562507113,0.117109613049007,0.173502220768344,0.977667911642926,-0.0184076673780842,0.117124200464359,0.173518108539259,0.977666917320795,-0.0184019348420581,0.117127711031283,0.173521949271827,0.977672019248958,-0.0184320562507113,0.117109613049007,0.173502220768344,0.977672019248958,-0.0184320562507113,0.117109613049007,0.173502220768344,0.977667911642926,-0.0184076673780842,0.117124200464359,0.173518108539259,0.970626442695072,0.0156308624897075,-0.0633230664331233,0.231581895096409,0.910800698819017,-0.0421859719612979,0.000590288530933991,0.410684894243655,0.920742146716431,-0.0350523146975789,-0.0153091865203359,0.388292239559906,0.920742146716431,-0.0350523146975789,-0.0153091865203359,0.388292239559906,0.971342481371886,-0.0330064851823004,0.0496474167185077,0.230085831444262,0.964691029671717,-0.0331024772030348,0.121969416616687,0.231082030206006,0.982916618990905,-0.0234333875206394,0.00193104698018882,0.182543330522796,0.982916618990905,-0.0234333875206394,0.00193104698018882,0.182543330522796
1443,2213,0.977538398748312,-0.0179681805936313,0.117510629750662,0.174031822820836,0.977538398748312,-0.0179681805936313,0.117510629750662,0.174031822820836,0.982247312904487,-0.00910022452437002,0.0676778059907853,0.174720109837976,0.982250802119573,-0.00909121322282094,0.0676271459346589,0.174720578954871,0.977538398748312,-0.0179681805936313,0.117510629750662,0.174031822820836,0.958720078852611,-0.0369721730772266,0.224155926838116,0.171005816527204,0.977538398748312,-0.0179681805936313,0.117510629750662,0.174031822820836,0.977538398748312,-0.0179681805936313,0.117510629750662,0.174031822820836,0.977545095429652,-0.0179913746668511,0.117490580795298,0.174005345502412,0.977545095429652,-0.0179913746668511,0.117490580795298,0.174005345502412,0.977539696892712,-0.0179725755173569,0.117506765819872,0.174026686214306,0.977538398748312,-0.0179681805936313,0.117510629750662,0.174031822820836,0.977545095429652,-0.0179913746668511,0.117490580795298,0.174005345502412,0.977545095429652,-0.0179913746668511,0.117490580795298,0.174005345502412,0.977539696892712,-0.0179725755173569,0.117506765819872,0.174026686214306,0.970491347468463,0.0159876681518244,-0.0632829411133731,0.23213403093893,0.910812135942756,-0.0422958041056222,0.0014729630946877,0.410646013440013,0.920726544650493,-0.0351399365715549,-0.0151308499357372,0.388328304677801,0.920726544650493,-0.0351399365715549,-0.0151308499357372,0.388328304677801,0.971149601858644,-0.032584220614082,0.0497433625865088,0.230937907792025,0.964341373223205,-0.0332509743862784,0.122736558283086,0.232111666775216,0.982720309353763,-0.0235836653476369,0.00244943353444596,0.18357179682014,0.982720309353763,-0.0235836653476369,0.00244943353444596,0.18357179682014
1444,2214,0.977382337547972,-0.0176623449617293,0.117905246004885,0.17467157978401,0.977382337547972,-0.0176623449617293,0.117905246004885,0.17467157978401,0.982111508774412,-0.00876227006255883,0.0680798437061837,0.175343496706151,0.982115018725003,-0.00875322660992549,0.0680291906536981,0.175343948392023,0.977382337547972,-0.0176623449617293,0.117905246004885,0.17467157978401,0.958521623739524,-0.0367384473555874,0.224531017033187,0.171675291465283,0.977382337547972,-0.0176623449617293,0.117905246004885,0.17467157978401,0.977382337547972,-0.0176623449617293,0.117905246004885,0.17467157978401,0.977390492865836,-0.0176787967638862,0.117884514843591,0.17463827117946,0.977390492865836,-0.0176787967638862,0.117884514843591,0.17463827117946,0.977383914507328,-0.0176654473284675,0.117901261608592,0.174665131449067,0.977382337547972,-0.0176623449617293,0.117905246004885,0.17467157978401,0.977390492865836,-0.0176787967638862,0.117884514843591,0.17463827117946,0.977390492865836,-0.0176787967638862,0.117884514843591,0.17463827117946,0.977383914507328,-0.0176654473284675,0.117901261608592,0.174665131449067,0.970215466066463,0.016400137697218,-0.0635003136183994,0.233196687496444,0.91073754114288,-0.0424407986643658,0.00240106906434019,0.410792094165771,0.920675126546653,-0.0353328387668941,-0.0149854058518165,0.388438334197895,0.920675126546653,-0.0353328387668941,-0.0149854058518165,0.388438334197895,0.970910616900798,-0.0321789163116697,0.0498330569177622,0.231977925183732,0.963974696934232,-0.0333565960469481,0.123506409584484,0.233208679002874,0.982545424585676,-0.0237992935804201,0.00294052685691932,0.184470690226472,0.982545424585676,-0.0237992935804201,0.00294052685691932,0.184470690226472
1445,2215,0.977203607004197,-0.0174499391060317,0.118271487309146,0.175443624486231,0.977203607004197,-0.0174499391060317,0.118271487309146,0.175443624486231,0.981951622510016,-0.00851090144145039,0.06845469525371,0.176103748694693,0.981955151794002,-0.0085018187787209,0.0684040504469513,0.176104187415074,0.977203607004197,-0.0174499391060317,0.118271487309146,0.175443624486231,0.958303752625175,-0.0366121144921796,0.224875414300536,0.172465993227886,0.977203607004197,-0.0174499391060317,0.118271487309146,0.175443624486231,0.977203607004197,-0.0174499391060317,0.118271487309146,0.175443624486231,0.977212971853197,-0.017461382357652,0.118252141170747,0.175403360505252,0.977212971853197,-0.017461382357652,0.118252141170747,0.175403360505252,0.977205414055973,-0.0174520942595597,0.118267785532911,0.175435840268719,0.977203607004197,-0.0174499391060317,0.118271487309146,0.175443624486231,0.977212971853197,-0.017461382357652,0.118252141170747,0.175403360505252,0.977212971853197,-0.017461382357652,0.118252141170747,0.175403360505252,0.977205414055973,-0.0174520942595597,0.118267785532911,0.175435840268719,0.969920202423752,0.0168222466370173,-0.0637423362750868,0.234326113599287,0.910583570415113,-0.042564470753995,0.00334862105300795,0.411113869696147,0.920653558761212,-0.0354581283371151,-0.0147923412172397,0.388485434111061,0.920653558761212,-0.0354581283371151,-0.0147923412172397,0.388485434111061,0.970628580974969,-0.0317440012067798,0.0498958048064685,0.233201382595853,0.963608191679287,-0.0333892849796258,0.124311465170512,0.234288429514315,0.982409330953569,-0.0240058697711173,0.00353696777393907,0.18515699968097,0.982409330953569,-0.0240058697711173,0.00353696777393907,0.18515699968097
1446,2216,0.97701422841657,-0.0172648622290057,0.118550680827208,0.176325999441923,0.97701422841657,-0.0172648622290057,0.118550680827208,0.176325999441923,0.981776677974369,-0.00828121922027616,0.0687431526672508,0.176975577284566,0.981780222135944,-0.00827209159279473,0.0686925168829727,0.176976004157795,0.97701422841657,-0.0172648622290057,0.118550680827208,0.176325999441923,0.958084857715211,-0.0365250620871849,0.225132120919794,0.173363356527574,0.97701422841657,-0.0172648622290057,0.118550680827208,0.176325999441923,0.97701422841657,-0.0172648622290057,0.118550680827208,0.176325999441923,0.977024189223629,-0.0172746886547313,0.118535756709547,0.176279871752526,0.977024189223629,-0.0172746886547313,0.118535756709547,0.176279871752526,0.977016144838759,-0.0172667346302828,0.118547852427796,0.176317098672745,0.97701422841657,-0.0172648622290057,0.118550680827208,0.176325999441923,0.977024189223629,-0.0172746886547313,0.118535756709547,0.176279871752526,0.977024189223629,-0.0172746886547313,0.118535756709547,0.176279871752526,0.977016144838759,-0.0172667346302828,0.118547852427796,0.176317098672745,0.969585182576735,0.017316251785209,-0.0640189085638224,0.235597751470698,0.910421444336362,-0.0426869156609768,0.00429749338191094,0.411451275942216,0.920650057094375,-0.0355167508697945,-0.0145858498940123,0.388496185003981,0.920650057094375,-0.0355167508697945,-0.0145858498940123,0.388496185003981,0.97031512853923,-0.031293692070344,0.0499605539794474,0.234548927114518,0.963260353938266,-0.0334483730466608,0.125184888904068,0.235243364330077,0.982291076835565,-0.0243253034295211,0.00419762640571504,0.185728026734914,0.982291076835565,-0.0243253034295211,0.00419762640571504,0.185728026734914
1447,2217,0.97681639384863,-0.0171123864696223,0.118742554951069,0.177305117189451,0.97681639384863,-0.0171123864696223,0.118742554951069,0.177305117189451,0.981588850594405,-0.00807917927386686,0.0689448332836104,0.177945680516587,0.981592405158022,-0.00807000161302595,0.0688942071863685,0.177946096968201,0.97681639384863,-0.0171123864696223,0.118742554951069,0.177305117189451,0.95786714764253,-0.0364810381749121,0.225301107664638,0.174353297089362,0.97681639384863,-0.0171123864696223,0.118742554951069,0.177305117189451,0.97681639384863,-0.0171123864696223,0.118742554951069,0.177305117189451,0.976826810609904,-0.0171205020532814,0.118732218317981,0.177253859806826,0.976826810609904,-0.0171205020532814,0.118732218317981,0.177253859806826,0.976818396570379,-0.0171139300428037,0.118740608558999,0.177295237948464,0.97681639384863,-0.0171123864696223,0.118742554951069,0.177305117189451,0.976826810609904,-0.0171205020532814,0.118732218317981,0.177253859806826,0.976826810609904,-0.0171205020532814,0.118732218317981,0.177253859806826,0.976818396570379,-0.0171139300428037,0.118740608558999,0.177295237948464,0.969272328933151,0.0178581938456862,-0.0642123830143274,0.236788950638955,0.910253560487509,-0.0427993595839111,0.00521123602873006,0.411800332027637,0.920630247667433,-0.0356083875020845,-0.0144076291794555,0.388541387809242,0.920630247667433,-0.0356083875020845,-0.0144076291794555,0.388541387809242,0.969977386903543,-0.0307917382602389,0.0500244890295259,0.235994254692826,0.962938444316154,-0.0334973076404596,0.126116501231918,0.236055313339576,0.982199021365148,-0.0247091673571716,0.00491589724899798,0.186146107754359,0.982199021365148,-0.0247091673571716,0.00491589724899798,0.186146107754359
1448,2218,0.976613753428726,-0.0169847295551778,0.118857891541363,0.178353293196773,0.976613753428726,-0.0169847295551778,0.118857891541363,0.178353293196773,0.981392333742743,-0.00789841638422884,0.069070319521311,0.178986014120707,0.981395894778646,-0.00788918506782859,0.0690197035593711,0.178986421247987,0.976613753428726,-0.0169847295551778,0.118857891541363,0.178353293196773,0.957653066361315,-0.0364692671607837,0.225393492045744,0.175409152511925,0.976613753428726,-0.0169847295551778,0.118857891541363,0.178353293196773,0.976613753428726,-0.0169847295551778,0.118857891541363,0.178353293196773,0.976624436173388,-0.0169915187012513,0.11885161151577,0.178298326972918,0.976624436173388,-0.0169915187012513,0.11885161151577,0.178298326972918,0.976615805622033,-0.0169860216605112,0.118856719412502,0.178342713694374,0.976613753428726,-0.0169847295551778,0.118857891541363,0.178353293196773,0.976624436173388,-0.0169915187012513,0.11885161151577,0.178298326972918,0.976624436173388,-0.0169915187012513,0.11885161151577,0.178298326972918,0.976615805622033,-0.0169860216605112,0.118856719412502,0.178342713694374,0.969013314127382,0.0184508906634367,-0.0642365353798594,0.237794930980425,0.910118859514733,-0.0428846578439265,0.00609287456321679,0.412076988628057,0.920615728144,-0.0356576205961875,-0.0142295030040373,0.388577838317591,0.920615728144,-0.0356576205961875,-0.0142295030040373,0.388577838317591,0.96962425471661,-0.0302036321200461,0.0500346023266226,0.237514386600123,0.962618275203364,-0.0336201720976267,0.127116127009868,0.236806314372394,0.982122933775768,-0.0251627297448265,0.00566833067567381,0.186465144224917,0.982122933775768,-0.0251627297448265,0.00566833067567381,0.186465144224917
1449,2219,0.976409499280444,-0.0169148014821477,0.118952990744048,0.179411719792156,0.976409499280444,-0.0169148014821477,0.118952990744048,0.179411719792156,0.981193176733085,-0.00777478677234722,0.0691756765379083,0.18003951899126,0.981196743203102,-0.00776550112099605,0.0691250708474647,0.180039919740872,0.976409499280444,-0.0169148014821477,0.118952990744048,0.179411719792156,0.957439603641418,-0.0365160015454839,0.225465584227404,0.176468856569906,0.976409499280444,-0.0169148014821477,0.118952990744048,0.179411719792156,0.976409499280444,-0.0169148014821477,0.118952990744048,0.179411719792156,0.976420276320556,-0.0169186378669831,0.118947925459875,0.179356055687025,0.976420276320556,-0.0169186378669831,0.118947925459875,0.179356055687025,0.976411568142584,-0.0169155137845206,0.118952028736931,0.17940103079446,0.976409499280444,-0.0169148014821477,0.118952990744048,0.179411719792156,0.976420276320556,-0.0169186378669831,0.118947925459875,0.179356055687025,0.976420276320556,-0.0169186378669831,0.118947925459875,0.179356055687025,0.976411568142584,-0.0169155137845206,0.118952028736931,0.17940103079446,0.968821378389386,0.0190353787253263,-0.06404380305876,0.238581605372761,0.910000363598518,-0.0429362524269554,0.00692421314172716,0.412320108350857,0.920604855706648,-0.0356853186465192,-0.0140631275293228,0.388607110236721,0.920604855706648,-0.0356853186465192,-0.0140631275293228,0.388607110236721,0.969266271671397,-0.0295573263401512,0.0500031514837812,0.239058452897071,0.962301528622496,-0.0338017281004946,0.128198346707421,0.237483462771015,0.982058655097988,-0.0257068763181451,0.0064492691699502,0.186703940462615,0.982058655097988,-0.0257068763181451,0.0064492691699502,0.186703940462615
1450,2220,0.976205058386217,-0.0169291579284425,0.119021269219549,0.180474444358099,0.976205058386217,-0.0169291579284425,0.119021269219549,0.180474444358099,0.98099247012187,-0.00773511432527115,0.0692542569786268,0.181101599829779,0.980996040644984,-0.00772577389654696,0.0692036616396368,0.181101998531849,0.976205058386217,-0.0169291579284425,0.119021269219549,0.180474444358099,0.957228900835127,-0.0366469826424837,0.225510997406878,0.177523576230686,0.976205058386217,-0.0169291579284425,0.119021269219549,0.180474444358099,0.976205058386217,-0.0169291579284425,0.119021269219549,0.180474444358099,0.976215849485928,-0.0169286324489896,0.119017605712909,0.180418530495738,0.976215849485928,-0.0169286324489896,0.119017605712909,0.180418530495738,0.976207129282096,-0.0169290215875221,0.119020577521479,0.180463711292194,0.976205058386217,-0.0169291579284425,0.119021269219549,0.180474444358099,0.976215849485928,-0.0169286324489896,0.119017605712909,0.180418530495738,0.976215849485928,-0.0169286324489896,0.119017605712909,0.180418530495738,0.976207129282096,-0.0169290215875221,0.119020577521479,0.180463711292194,0.968699944118652,0.0195617185382918,-0.0636740368624411,0.239130454902738,0.909877110439547,-0.0429373260551668,0.007712477275413,0.412577929152407,0.920595167286312,-0.0357227857188962,-0.0139259891115527,0.388631557361001,0.920595167286312,-0.0357227857188962,-0.0139259891115527,0.388631557361001,0.96891130168361,-0.0288756555838655,0.0498901573678158,0.240599372780124,0.961984750164994,-0.0340335116982893,0.129339606475302,0.238114104429558,0.98199914996729,-0.0263452181402279,0.00729536804279131,0.186896700211062,0.98199914996729,-0.0263452181402279,0.00729536804279131,0.186896700211062
1451,2221,0.975933236193897,-0.0170964925906538,0.119096907206223,0.181873459105823,0.975933236193897,-0.0170964925906538,0.119096907206223,0.181873459105823,0.980724843318269,-0.00783113128597021,0.0693436119071993,0.182507311000962,0.980728418450271,-0.00782171835676188,0.0692930303710957,0.182507714653292,0.975933236193897,-0.0170964925906538,0.119096907206223,0.181873459105823,0.956950416065822,-0.0369669489783538,0.225556325571753,0.178895751400785,0.975933236193897,-0.0170964925906538,0.119096907206223,0.181873459105823,0.975933236193897,-0.0170964925906538,0.119096907206223,0.181873459105823,0.975947418578355,-0.017088100486399,0.119092948441021,0.181800722285793,0.975947418578355,-0.017088100486399,0.119092948441021,0.181800722285793,0.97593598525259,-0.0170948180574406,0.119096145144928,0.181859363509987,0.975933236193897,-0.0170964925906538,0.119096907206223,0.181873459105823,0.975947418578355,-0.017088100486399,0.119092948441021,0.181800722285793,0.975947418578355,-0.017088100486399,0.119092948441021,0.181800722285793,0.97593598525259,-0.0170948180574406,0.119096145144928,0.181859363509987,0.968643073360504,0.0201353631272862,-0.0633313213905939,0.239404067035988,0.909991550035992,-0.0429239109735392,0.00860988765941866,0.412309091052235,0.920654774578713,-0.0357713723031959,-0.0138135055661044,0.388489873784297,0.920654774578713,-0.0357713723031959,-0.0138135055661044,0.388489873784297,0.968577371879246,-0.0281908018127588,0.0497857981634347,0.242042408841667,0.961676683306393,-0.0342949979652334,0.130538399629575,0.238666160403042,0.981936982898014,-0.0270930071730377,0.00825703439698202,0.187076326568688,0.981936982898014,-0.0270930071730377,0.00825703439698202,0.187076326568688
1452,2222,0.975716220388043,-0.0172439585362004,0.119106934988552,0.183013773261214,0.975716220388043,-0.0172439585362004,0.119106934988552,0.183013773261214,0.980508617598955,-0.0079204530223702,0.0693646560207739,0.183653646120151,0.980512193816607,-0.00791098097015463,0.0693140856366073,0.183654054377776,0.975716220388043,-0.0172439585362004,0.119106934988552,0.183013773261214,0.956733611671255,-0.0372387555315516,0.225542459393286,0.180012972854088,0.975716220388043,-0.0172439585362004,0.119106934988552,0.183013773261214,0.975716220388043,-0.0172439585362004,0.119106934988552,0.183013773261214,0.975727816205951,-0.0172361662662639,0.119106240044016,0.18295312743155,0.975727816205951,-0.0172361662662639,0.119106240044016,0.18295312743155,0.975718424814941,-0.0172424672508478,0.119106827917458,0.183002230432294,0.975716220388043,-0.0172439585362004,0.119106934988552,0.183013773261214,0.975727816205951,-0.0172361662662639,0.119106240044016,0.18295312743155,0.975727816205951,-0.0172361662662639,0.119106240044016,0.18295312743155,0.975718424814941,-0.0172424672508478,0.119106827917458,0.183002230432294,0.968663414816314,0.020484111900324,-0.0627911187020523,0.239434469883091,0.909855189193008,-0.0428083168671028,0.00935838992404863,0.412605626771606,0.920638218244435,-0.0358875711281944,-0.0136687177325528,0.388523512160819,0.920638218244435,-0.0358875711281944,-0.0136687177325528,0.388523512160819,0.968248985023887,-0.0274318991749216,0.04963830154952,0.24346957289803,0.961344453925395,-0.0345905218988455,0.131764032151586,0.239287643920042,0.981865855669381,-0.0278765149728564,0.00923805949042128,0.187288546474292,0.981865855669381,-0.0278765149728564,0.00923805949042128,0.187288546474292
1453,2223,0.975510065002085,-0.0174438234359033,0.119091705798768,0.18410049351782,0.975510065002085,-0.0174438234359033,0.119091705798768,0.18410049351782,0.980301954641653,-0.00806482977479006,0.0693599238478938,0.184749119646811,0.980305530615516,-0.00805530122270973,0.0693093641224935,0.184749535349292,0.975510065002085,-0.0174438234359033,0.119091705798768,0.18410049351782,0.956530375797609,-0.0375567582494003,0.225504681740571,0.181071169983971,0.975510065002085,-0.0174438234359033,0.119091705798768,0.18410049351782,0.975510065002085,-0.0174438234359033,0.119091705798768,0.18410049351782,0.975520985167292,-0.0174334411579813,0.119092436491357,0.184043131352898,0.975520985167292,-0.0174334411579813,0.119092436491357,0.184043131352898,0.975512154831562,-0.0174418099850391,0.119091857780665,0.184089512060513,0.975510065002085,-0.0174438234359033,0.119091705798768,0.18410049351782,0.975520985167292,-0.0174334411579813,0.119092436491357,0.184043131352898,0.975520985167292,-0.0174334411579813,0.119092436491357,0.184043131352898,0.975512154831562,-0.0174418099850391,0.119091857780665,0.184089512060513,0.968744224393584,0.0207688574674504,-0.0621553451869141,0.239248814685185,0.909709563468438,-0.0425952182799497,0.0101044705111695,0.412931056218149,0.920608443858662,-0.036056339561208,-0.013531400222743,0.388583240350882,0.920608443858662,-0.036056339561208,-0.013531400222743,0.388583240350882,0.967932918847486,-0.0266393265749779,0.049491584575395,0.244840343790059,0.960995957512055,-0.0349124316625999,0.132988373824171,0.239962464124071,0.981794127183927,-0.0287125909419175,0.0102982749275971,0.187482864502514,0.981794127183927,-0.0287125909419175,0.0102982749275971,0.187482864502514
1454,2224,0.975303896583148,-0.0177070917975321,0.119113110942934,0.185150843938933,0.975303896583148,-0.0177070917975321,0.119113110942934,0.185150843938933,0.980097140517386,-0.00827437645958012,0.0693917793288097,0.185811492662403,0.980100718134485,-0.0082647931147261,0.0693412301667725,0.185811919170962,0.975303896583148,-0.0177070917975321,0.119113110942934,0.185150843938933,0.956323103681141,-0.0379337866718156,0.225503315395684,0.182086254121398,0.975303896583148,-0.0177070917975321,0.119113110942934,0.185150843938933,0.975303896583148,-0.0177070917975321,0.119113110942934,0.185150843938933,0.975314782273126,-0.0176934098299944,0.11911208103768,0.18509546423126,0.975314782273126,-0.0176934098299944,0.11911208103768,0.18509546423126,0.975305985155487,-0.0177044390875995,0.119112899142751,0.185140231754981,0.975303896583148,-0.0177070917975321,0.119113110942934,0.185150843938933,0.975314782273126,-0.0176934098299944,0.11911208103768,0.18509546423126,0.975314782273126,-0.0176934098299944,0.11911208103768,0.18509546423126,0.975305985155487,-0.0177044390875995,0.119112899142751,0.185140231754981,0.9688399746673,0.0210226870979696,-0.0614379861462648,0.23902410751248,0.909563271350448,-0.0423772635413765,0.0108503895989133,0.413256690194567,0.920568203935139,-0.0362488080851751,-0.0133913798719647,0.388665507552652,0.920568203935139,-0.0362488080851751,-0.0133913798719647,0.388665507552652,0.967633458195722,-0.0258268808729809,0.049360333727411,0.246134150939846,0.960636402788132,-0.0351358447349001,0.134172782033306,0.240709033096985,0.981714090582625,-0.0295403375403006,0.0113228926408661,0.18771415746229,0.981714090582625,-0.0295403375403006,0.0113228926408661,0.18771415746229
1455,2225,0.975102858610544,-0.0179226508708829,0.11915455459811,0.186159570889686,0.975102858610544,-0.0179226508708829,0.11915455459811,0.186159570889686,0.979898468617007,-0.00843839092042779,0.0694433866827704,0.186829871291359,0.979902048896049,-0.00842875505189625,0.0693928477672813,0.186830306257702,0.975102858610544,-0.0179226508708829,0.11915455459811,0.186159570889686,0.956118730290488,-0.0382588231811637,0.225522429792769,0.183065206133946,0.975102858610544,-0.0179226508708829,0.11915455459811,0.186159570889686,0.975102858610544,-0.0179226508708829,0.11915455459811,0.186159570889686,0.975113483317865,-0.017911189340734,0.119152434404957,0.186106370991089,0.975113483317865,-0.017911189340734,0.119152434404957,0.186106370991089,0.975104895328994,-0.0179204688528598,0.119154138709771,0.186149378537395,0.975102858610544,-0.0179226508708829,0.11915455459811,0.186159570889686,0.975113483317865,-0.017911189340734,0.119152434404957,0.186106370991089,0.975113483317865,-0.017911189340734,0.119152434404957,0.186106370991089,0.975104895328994,-0.0179204688528598,0.119154138709771,0.186149378537395,0.968939971245527,0.0212681554754567,-0.0606534368187239,0.238797316332211,0.909442309079217,-0.0420962227578251,0.0115776127182563,0.413531804544623,0.920538136497094,-0.0364329917430549,-0.0132745029796775,0.388723505769525,0.920538136497094,-0.0364329917430549,-0.0132745029796775,0.388723505769525,0.967335764448932,-0.0250719407550401,0.04930883184281,0.247389481803639,0.960261429605771,-0.0352711810051404,0.135310373381942,0.241547166113003,0.981627097058167,-0.0304005135660254,0.012353854518269,0.187966575152655,0.981627097058167,-0.0304005135660254,0.012353854518269,0.187966575152655
1456,2226,0.974917154721682,-0.0180839192810516,0.119213132666914,0.187076835264436,0.974917154721682,-0.0180839192810516,0.119213132666915,0.187076835264436,0.979715981798225,-0.00855283323648034,0.0695113269907905,0.187754146353015,0.97971956558157,-0.00854314969778244,0.0694607974870729,0.187754587220557,0.974917154721682,-0.0180839192810516,0.119213132666915,0.187076835264436,0.955927716479393,-0.0385198527371902,0.22556025899385,0.183959211169829,0.974917154721682,-0.0180839192810516,0.119213132666915,0.187076835264436,0.974917154721682,-0.0180839192810516,0.119213132666915,0.187076835264436,0.974926994628484,-0.0180752832180284,0.119210100623876,0.187028316547272,0.974926994628484,-0.0180752832180284,0.119210100623876,0.187028316547272,0.974919036594934,-0.0180822848593747,0.119212543273464,0.187067561552886,0.974917154721682,-0.0180839192810516,0.119213132666915,0.187076835264436,0.974926994628484,-0.0180752832180284,0.119210100623876,0.187028316547272,0.974926994628484,-0.0180752832180284,0.119210100623876,0.187028316547272,0.974919036594934,-0.0180822848593747,0.119212543273464,0.187067561552886,0.969017561171641,0.0215053085571574,-0.0598183348527331,0.238671855609899,0.909353644995064,-0.0417671148426689,0.0123071395803638,0.413739037035738,0.920493588931885,-0.0366624272326832,-0.0131828140816693,0.38881053557947,0.920493588931885,-0.0366624272326832,-0.0131828140816693,0.38881053557947,0.96704217761161,-0.0244239348072397,0.0493243571058164,0.248596069809691,0.959876409382928,-0.0353167429963541,0.136422024777628,0.242443885321611,0.981538444029995,-0.0312338882627282,0.0133408924266477,0.188225257881157,0.981538444029995,-0.0312338882627282,0.0133408924266477,0.188225257881157
1457,2227,0.974752708759305,-0.0181797741503967,0.119288505271986,0.187874705823361,0.974752708759305,-0.0181797741503967,0.119288505271986,0.187874705823361,0.979555578974979,-0.0086080144401787,0.0695949597501161,0.188555857410401,0.979559167071945,-0.00859828955270178,0.0695444385191545,0.188556301122879,0.974752708759305,-0.0181797741503967,0.119288505271986,0.187874705823361,0.955755987584607,-0.0387027522529631,0.225617115750997,0.184741728487149,0.974752708759305,-0.0181797741503967,0.119288505271986,0.187874705823361,0.974752708759305,-0.0181797741503967,0.119288505271986,0.187874705823361,0.974761440736501,-0.0181745499329075,0.119284587203052,0.187832389762349,0.974761440736501,-0.0181745499329075,0.119284587203052,0.187832389762349,0.974754375388454,-0.0181787993198646,0.119287746061954,0.18786663502552,0.974752708759305,-0.0181797741503967,0.119288505271986,0.187874705823361,0.974761440736501,-0.0181745499329075,0.119284587203052,0.187832389762349,0.974761440736501,-0.0181745499329075,0.119284587203052,0.187832389762349,0.974754375388454,-0.0181787993198646,0.119287746061954,0.18786663502552,0.969058100715029,0.0217314128301533,-0.0589812479373855,0.238695109976587,0.909290850761402,-0.0414034720844813,0.0130367819580082,0.413891221865281,0.920430046439119,-0.0369231471836367,-0.0131283307520192,0.38893811557342,0.920430046439119,-0.0369231471836367,-0.0131283307520192,0.38893811557342,0.966774131557479,-0.0238743429477282,0.0494325977359073,0.24966820498649,0.959498641630687,-0.0352865057834997,0.137506502726074,0.243329367168253,0.981451616767342,-0.0320515783201984,0.0143273774638149,0.188467892562534,0.981451616767342,-0.0320515783201984,0.0143273774638149,0.188467892562534
